0.000000e+00 0.000000e+00 0.000000e+00 0.000000e+00 0.000000e+00 0.000000e+00 3.803000e-01 -6.198000e-01 2.441100e+00 0.000000e+00 0.000000e+00 0.000000e+00 0.000000e+00 0.000000e+00 0.000000e+00 -0.000000e+00 -0.000000e+00 0.000000e+00 0.000000e+00 
1.471063e-09 7.987730e-09 0.000000e+00 4.792563e-08 0.000000e+00 0.000000e+00 3.802998e-01 -6.198003e-01 2.441100e+00 4.413128e-08 2.396284e-07 0.000000e+00 1.437748e-06 0.000000e+00 0.000000e+00 -4.629772e-06 -8.664465e-06 6.970610e-06 -6.262598e-10 
1.176724e-08 6.389360e-08 0.000000e+00 3.833533e-07 0.000000e+00 0.000000e+00 3.802988e-01 -6.198023e-01 2.441102e+00 1.765076e-07 9.584092e-07 0.000000e+00 5.750354e-06 0.000000e+00 0.000000e+00 -1.851706e-05 -3.465406e-05 2.787938e-05 -9.995814e-09 
3.971174e-08 2.156281e-07 0.000000e+00 1.293743e-06 0.000000e+00 0.000000e+00 3.802958e-01 -6.198078e-01 2.441106e+00 3.970740e-07 2.156028e-06 0.000000e+00 1.293591e-05 0.000000e+00 0.000000e+00 -4.165576e-05 -7.795738e-05 6.271715e-05 -5.067902e-08 
9.411971e-08 5.110506e-07 0.000000e+00 3.066242e-06 0.000000e+00 0.000000e+00 3.802901e-01 -6.198185e-01 2.441115e+00 7.057468e-07 3.831965e-06 0.000000e+00 2.299123e-05 0.000000e+00 0.000000e+00 -7.403574e-05 -1.385554e-04 1.114686e-04 -1.601630e-07 
1.837954e-07 9.979481e-07 0.000000e+00 5.987544e-06 0.000000e+00 0.000000e+00 3.802807e-01 -6.198361e-01 2.441129e+00 1.102418e-06 5.985494e-06 0.000000e+00 3.591178e-05 0.000000e+00 0.000000e+00 -1.156428e-04 -2.164217e-04 1.741124e-04 -3.907488e-07 
3.175320e-07 1.724035e-06 0.000000e+00 1.034389e-05 0.000000e+00 0.000000e+00 3.802667e-01 -6.198623e-01 2.441150e+00 1.586955e-06 8.615686e-06 0.000000e+00 5.169174e-05 0.000000e+00 0.000000e+00 -1.664587e-04 -3.115219e-04 2.506211e-04 -8.095517e-07 
5.041323e-07 2.736535e-06 0.000000e+00 1.641774e-05 0.000000e+00 0.000000e+00 3.802471e-01 -6.198990e-01 2.441180e+00 2.159284e-06 1.172146e-05 0.000000e+00 7.032385e-05 0.000000e+00 0.000000e+00 -2.264611e-04 -4.238144e-04 3.409610e-04 -1.487973e-06 
7.523624e-07 4.082883e-06 0.000000e+00 2.449340e-05 0.000000e+00 0.000000e+00 3.802211e-01 -6.199477e-01 2.441219e+00 2.819253e-06 1.530150e-05 0.000000e+00 9.179959e-05 0.000000e+00 0.000000e+00 -2.956237e-04 -5.532499e-04 4.450926e-04 -2.520171e-06 
1.070944e-06 5.810835e-06 0.000000e+00 3.485797e-05 0.000000e+00 0.000000e+00 3.801877e-01 -6.200102e-01 2.441269e+00 3.566608e-06 1.935421e-05 0.000000e+00 1.161092e-04 0.000000e+00 0.000000e+00 -3.739161e-04 -6.997717e-04 5.629702e-04 -4.026729e-06 
1.468585e-06 7.967845e-06 0.000000e+00 4.779649e-05 0.000000e+00 0.000000e+00 3.801460e-01 -6.200882e-01 2.441332e+00 4.401113e-06 2.387785e-05 0.000000e+00 1.432416e-04 0.000000e+00 0.000000e+00 -4.613041e-04 -8.633155e-04 6.945421e-04 -6.139200e-06 
1.953985e-06 1.060107e-05 0.000000e+00 6.359187e-05 0.000000e+00 0.000000e+00 3.800951e-01 -6.201834e-01 2.441408e+00 5.322551e-06 2.887046e-05 0.000000e+00 1.731842e-04 0.000000e+00 0.000000e+00 -5.577494e-04 -1.043809e-03 8.397505e-04 -9.000100e-06 
2.535827e-06 1.375735e-05 0.000000e+00 8.252493e-05 0.000000e+00 0.000000e+00 3.800342e-01 -6.202975e-01 2.441500e+00 6.330726e-06 3.432994e-05 0.000000e+00 2.059231e-04 0.000000e+00 0.000000e+00 -6.632095e-04 -1.241175e-03 9.985319e-04 -1.276292e-05 
3.222787e-06 1.748326e-05 0.000000e+00 1.048744e-04 0.000000e+00 0.000000e+00 3.799622e-01 -6.204322e-01 2.441609e+00 7.425460e-06 4.025398e-05 0.000000e+00 2.414428e-04 0.000000e+00 0.000000e+00 -7.776382e-04 -1.455324e-03 1.170816e-03 -1.759210e-05 
4.023525e-06 2.182503e-05 0.000000e+00 1.309170e-04 0.000000e+00 0.000000e+00 3.798783e-01 -6.205891e-01 2.441735e+00 8.606593e-06 4.664010e-05 0.000000e+00 2.797266e-04 0.000000e+00 0.000000e+00 -9.009854e-04 -1.686164e-03 1.356529e-03 -2.366307e-05 
4.946690e-06 2.682863e-05 0.000000e+00 1.609271e-04 0.000000e+00 0.000000e+00 3.797817e-01 -6.207700e-01 2.441880e+00 9.873987e-06 5.348564e-05 0.000000e+00 3.207563e-04 0.000000e+00 0.000000e+00 -1.033197e-03 -1.933594e-03 1.555587e-03 -3.116220e-05 
6.000921e-06 3.253970e-05 0.000000e+00 1.951773e-04 0.000000e+00 0.000000e+00 3.796714e-01 -6.209764e-01 2.442046e+00 1.122752e-05 6.078778e-05 0.000000e+00 3.645124e-04 0.000000e+00 0.000000e+00 -1.174215e-03 -2.197504e-03 1.767904e-03 -4.028687e-05 
7.194844e-06 3.900360e-05 0.000000e+00 2.339378e-04 0.000000e+00 0.000000e+00 3.795466e-01 -6.212100e-01 2.442234e+00 1.266709e-05 6.854348e-05 0.000000e+00 4.109737e-04 0.000000e+00 0.000000e+00 -1.323977e-03 -2.477780e-03 1.993387e-03 -5.124537e-05 
8.537071e-06 4.626537e-05 0.000000e+00 2.774770e-04 0.000000e+00 0.000000e+00 3.794063e-01 -6.214725e-01 2.442446e+00 1.419262e-05 7.674956e-05 0.000000e+00 4.601179e-04 0.000000e+00 0.000000e+00 -1.482418e-03 -2.774297e-03 2.231937e-03 -6.425700e-05 
1.003621e-05 5.436976e-05 0.000000e+00 3.260610e-04 0.000000e+00 0.000000e+00 3.792498e-01 -6.217654e-01 2.442681e+00 1.580405e-05 8.540263e-05 0.000000e+00 5.119212e-04 0.000000e+00 0.000000e+00 -1.649469e-03 -3.086926e-03 2.483449e-03 -7.955201e-05 
1.170084e-05 6.336123e-05 0.000000e+00 3.799538e-04 0.000000e+00 0.000000e+00 3.790761e-01 -6.220904e-01 2.442943e+00 1.750133e-05 9.449915e-05 0.000000e+00 5.663583e-04 0.000000e+00 0.000000e+00 -1.825055e-03 -3.415531e-03 2.747814e-03 -9.737162e-05 
1.353954e-05 7.328393e-05 0.000000e+00 4.394175e-04 0.000000e+00 0.000000e+00 3.788845e-01 -6.224491e-01 2.443231e+00 1.928443e-05 1.040354e-04 0.000000e+00 6.234026e-04 0.000000e+00 0.000000e+00 -2.009101e-03 -3.759966e-03 3.024914e-03 -1.179680e-04 
1.556089e-05 8.418169e-05 0.000000e+00 5.047118e-04 0.000000e+00 0.000000e+00 3.786740e-01 -6.228429e-01 2.443548e+00 2.115336e-05 1.140074e-04 0.000000e+00 6.830260e-04 0.000000e+00 0.000000e+00 -2.201525e-03 -4.120081e-03 3.314628e-03 -1.416044e-04 
1.777343e-05 9.609807e-05 0.000000e+00 5.760946e-04 0.000000e+00 0.000000e+00 3.784439e-01 -6.232736e-01 2.443895e+00 2.310812e-05 1.244111e-04 0.000000e+00 7.451990e-04 0.000000e+00 0.000000e+00 -2.402242e-03 -4.495717e-03 3.616830e-03 -1.685548e-04 
2.018571e-05 1.090763e-04 0.000000e+00 6.538215e-04 0.000000e+00 0.000000e+00 3.781933e-01 -6.237426e-01 2.444272e+00 2.514876e-05 1.352422e-04 0.000000e+00 8.098908e-04 0.000000e+00 0.000000e+00 -2.611166e-03 -4.886711e-03 3.931386e-03 -1.991043e-04 
2.280625e-05 1.231594e-04 0.000000e+00 7.381461e-04 0.000000e+00 0.000000e+00 3.779214e-01 -6.242514e-01 2.444681e+00 2.727531e-05 1.464963e-04 0.000000e+00 8.770690e-04 0.000000e+00 0.000000e+00 -2.828204e-03 -5.292890e-03 4.258159e-03 -2.335488e-04 
2.564377e-05 1.383888e-04 0.000000e+00 8.293112e-04 0.000000e+00 0.000000e+00 3.776274e-01 -6.248017e-01 2.445124e+00 2.948796e-05 1.581689e-04 0.000000e+00 9.467004e-04 0.000000e+00 0.000000e+00 -3.053260e-03 -5.714076e-03 4.597006e-03 -2.721547e-04 
2.870691e-05 1.548059e-04 0.000000e+00 9.275576e-04 0.000000e+00 0.000000e+00 3.773105e-01 -6.253948e-01 2.445601e+00 3.178695e-05 1.702552e-04 0.000000e+00 1.018750e-03 0.000000e+00 0.000000e+00 -3.286237e-03 -6.150085e-03 4.947777e-03 -3.152080e-04 
3.200426e-05 1.724521e-04 0.000000e+00 1.033128e-03 0.000000e+00 0.000000e+00 3.769699e-01 -6.260322e-01 2.446114e+00 3.417252e-05 1.827504e-04 0.000000e+00 1.093180e-03 0.000000e+00 0.000000e+00 -3.527033e-03 -6.600725e-03 5.310320e-03 -3.630264e-04 
3.554444e-05 1.913683e-04 0.000000e+00 1.146261e-03 0.000000e+00 0.000000e+00 3.766048e-01 -6.267154e-01 2.446663e+00 3.664496e-05 1.956493e-04 0.000000e+00 1.169953e-03 0.000000e+00 0.000000e+00 -3.775540e-03 -7.065799e-03 5.684474e-03 -4.159256e-04 
3.933612e-05 2.115946e-04 0.000000e+00 1.267189e-03 0.000000e+00 0.000000e+00 3.762145e-01 -6.274458e-01 2.447251e+00 3.920460e-05 2.089469e-04 0.000000e+00 1.249030e-03 0.000000e+00 0.000000e+00 -4.031651e-03 -7.545102e-03 6.070077e-03 -4.742197e-04 
4.338805e-05 2.331708e-04 0.000000e+00 1.396142e-03 0.000000e+00 0.000000e+00 3.757983e-01 -6.282249e-01 2.447878e+00 4.185183e-05 2.226377e-04 0.000000e+00 1.330370e-03 0.000000e+00 0.000000e+00 -4.295253e-03 -8.038425e-03 6.466957e-03 -5.382211e-04 
4.770903e-05 2.561358e-04 0.000000e+00 1.533343e-03 0.000000e+00 0.000000e+00 3.753552e-01 -6.290540e-01 2.448545e+00 4.458705e-05 2.367162e-04 0.000000e+00 1.413931e-03 0.000000e+00 0.000000e+00 -4.566231e-03 -8.545550e-03 6.874943e-03 -6.082402e-04 
5.230791e-05 2.805280e-04 0.000000e+00 1.679012e-03 0.000000e+00 0.000000e+00 3.748848e-01 -6.299344e-01 2.449253e+00 4.741075e-05 2.511768e-04 0.000000e+00 1.499669e-03 0.000000e+00 0.000000e+00 -4.844465e-03 -9.066257e-03 7.293854e-03 -6.845859e-04 
5.719358e-05 3.063853e-04 0.000000e+00 1.833362e-03 0.000000e+00 0.000000e+00 3.743861e-01 -6.308677e-01 2.450004e+00 5.032342e-05 2.660138e-04 0.000000e+00 1.587540e-03 0.000000e+00 0.000000e+00 -5.129834e-03 -9.600315e-03 7.723507e-03 -7.675652e-04 
6.237502e-05 3.337449e-04 0.000000e+00 1.996605e-03 0.000000e+00 0.000000e+00 3.738586e-01 -6.318549e-01 2.450798e+00 5.332561e-05 2.812210e-04 0.000000e+00 1.677498e-03 0.000000e+00 0.000000e+00 -5.422213e-03 -1.014749e-02 8.163714e-03 -8.574834e-04 
6.786124e-05 3.626434e-04 0.000000e+00 2.168945e-03 0.000000e+00 0.000000e+00 3.733014e-01 -6.328976e-01 2.451637e+00 5.641793e-05 2.967926e-04 0.000000e+00 1.769495e-03 0.000000e+00 0.000000e+00 -5.721472e-03 -1.070755e-02 8.614280e-03 -9.546440e-04 
7.366132e-05 3.931168e-04 0.000000e+00 2.350583e-03 0.000000e+00 0.000000e+00 3.727140e-01 -6.339969e-01 2.452521e+00 5.960100e-05 3.127221e-04 0.000000e+00 1.863484e-03 0.000000e+00 0.000000e+00 -6.027482e-03 -1.128023e-02 9.075010e-03 -1.059349e-03 
7.978439e-05 4.252005e-04 0.000000e+00 2.541715e-03 0.000000e+00 0.000000e+00 3.720957e-01 -6.351540e-01 2.453452e+00 6.287551e-05 3.290033e-04 0.000000e+00 1.959414e-03 0.000000e+00 0.000000e+00 -6.340107e-03 -1.186530e-02 9.545700e-03 -1.171898e-03 
8.623963e-05 4.589292e-04 0.000000e+00 2.742532e-03 0.000000e+00 0.000000e+00 3.714458e-01 -6.363703e-01 2.454431e+00 6.624219e-05 3.456295e-04 0.000000e+00 2.057235e-03 0.000000e+00 0.000000e+00 -6.659211e-03 -1.246249e-02 1.002614e-02 -1.292589e-03 
9.303629e-05 4.943372e-04 0.000000e+00 2.953220e-03 0.000000e+00 0.000000e+00 3.707637e-01 -6.376469e-01 2.455458e+00 6.970180e-05 3.625942e-04 0.000000e+00 2.156893e-03 0.000000e+00 0.000000e+00 -6.984653e-03 -1.307155e-02 1.051613e-02 -1.421719e-03 
1.001837e-04 5.314580e-04 0.000000e+00 3.173961e-03 0.000000e+00 0.000000e+00 3.700487e-01 -6.389850e-01 2.456534e+00 7.325517e-05 3.798905e-04 0.000000e+00 2.258336e-03 0.000000e+00 0.000000e+00 -7.316291e-03 -1.369220e-02 1.101545e-02 -1.559583e-03 
1.076911e-04 5.703247e-04 0.000000e+00 3.404932e-03 0.000000e+00 0.000000e+00 3.693002e-01 -6.403857e-01 2.457661e+00 7.690314e-05 3.975113e-04 0.000000e+00 2.361507e-03 0.000000e+00 0.000000e+00 -7.653980e-03 -1.432417e-02 1.152387e-02 -1.706474e-03 
1.155680e-04 6.109695e-04 0.000000e+00 3.646306e-03 0.000000e+00 0.000000e+00 3.685177e-01 -6.418502e-01 2.458840e+00 8.064661e-05 4.154496e-04 0.000000e+00 2.466351e-03 0.000000e+00 0.000000e+00 -7.997570e-03 -1.496719e-02 1.204119e-02 -1.862682e-03 
1.238239e-04 6.534242e-04 0.000000e+00 3.898250e-03 0.000000e+00 0.000000e+00 3.677005e-01 -6.433795e-01 2.460070e+00 8.448650e-05 4.336981e-04 0.000000e+00 2.572811e-03 0.000000e+00 0.000000e+00 -8.346913e-03 -1.562097e-02 1.256716e-02 -2.028491e-03 
1.324685e-04 6.977185e-04 0.000000e+00 4.160916e-03 0.000000e+00 0.000000e+00 3.668481e-01 -6.449748e-01 2.461353e+00 8.842360e-05 4.522493e-04 0.000000e+00 2.680828e-03 0.000000e+00 0.000000e+00 -8.701853e-03 -1.628523e-02 1.310156e-02 -2.204127e-03 
1.415116e-04 7.438826e-04 0.000000e+00 4.434458e-03 0.000000e+00 0.000000e+00 3.659599e-01 -6.466369e-01 2.462690e+00 9.245892e-05 4.710958e-04 0.000000e+00 2.790345e-03 0.000000e+00 0.000000e+00 -9.062237e-03 -1.695968e-02 1.364415e-02 -2.389846e-03 
1.509633e-04 7.919458e-04 0.000000e+00 4.719024e-03 0.000000e+00 0.000000e+00 3.650355e-01 -6.483670e-01 2.464082e+00 9.659357e-05 4.902299e-04 0.000000e+00 2.901298e-03 0.000000e+00 0.000000e+00 -9.427904e-03 -1.764401e-02 1.419471e-02 -2.585902e-03 
1.608334e-04 8.419367e-04 0.000000e+00 5.014757e-03 0.000000e+00 0.000000e+00 3.640742e-01 -6.501661e-01 2.465530e+00 1.008286e-04 5.096436e-04 0.000000e+00 3.013626e-03 0.000000e+00 0.000000e+00 -9.798696e-03 -1.833794e-02 1.475297e-02 -2.792535e-03 
1.711321e-04 8.938830e-04 0.000000e+00 5.321790e-03 0.000000e+00 0.000000e+00 3.630756e-01 -6.520349e-01 2.467033e+00 1.051651e-04 5.293291e-04 0.000000e+00 3.127267e-03 0.000000e+00 0.000000e+00 -1.017445e-02 -1.904115e-02 1.531871e-02 -3.009969e-03 
1.818696e-04 9.478115e-04 0.000000e+00 5.640253e-03 0.000000e+00 0.000000e+00 3.620391e-01 -6.539746e-01 2.468594e+00 1.096041e-04 5.492782e-04 0.000000e+00 3.242156e-03 0.000000e+00 0.000000e+00 -1.055500e-02 -1.975333e-02 1.589167e-02 -3.238411e-03 
1.930562e-04 1.003748e-03 0.000000e+00 5.970266e-03 0.000000e+00 0.000000e+00 3.609644e-01 -6.559859e-01 2.470212e+00 1.141466e-04 5.694826e-04 0.000000e+00 3.358229e-03 0.000000e+00 0.000000e+00 -1.094018e-02 -2.047418e-02 1.647160e-02 -3.478055e-03 
2.047024e-04 1.061718e-03 0.000000e+00 6.311944e-03 0.000000e+00 0.000000e+00 3.598510e-01 -6.580697e-01 2.471888e+00 1.187937e-04 5.899338e-04 0.000000e+00 3.475420e-03 0.000000e+00 0.000000e+00 -1.132982e-02 -2.120338e-02 1.705824e-02 -3.729077e-03 
2.168186e-04 1.121745e-03 0.000000e+00 6.665395e-03 0.000000e+00 0.000000e+00 3.586983e-01 -6.602268e-01 2.473624e+00 1.235464e-04 6.106234e-04 0.000000e+00 3.593663e-03 0.000000e+00 0.000000e+00 -1.172375e-02 -2.194061e-02 1.765135e-02 -3.991640e-03 
2.294154e-04 1.183852e-03 0.000000e+00 7.030721e-03 0.000000e+00 0.000000e+00 3.575061e-01 -6.624581e-01 2.475419e+00 1.284056e-04 6.315425e-04 0.000000e+00 3.712890e-03 0.000000e+00 0.000000e+00 -1.212180e-02 -2.268555e-02 1.825065e-02 -4.265889e-03 
2.425035e-04 1.248062e-03 0.000000e+00 7.408014e-03 0.000000e+00 0.000000e+00 3.562738e-01 -6.647642e-01 2.477274e+00 1.333725e-04 6.526824e-04 0.000000e+00 3.833035e-03 0.000000e+00 0.000000e+00 -1.252379e-02 -2.343786e-02 1.885589e-02 -4.551956e-03 
2.560937e-04 1.314397e-03 0.000000e+00 7.797364e-03 0.000000e+00 0.000000e+00 3.550012e-01 -6.671459e-01 2.479190e+00 1.384478e-04 6.740338e-04 0.000000e+00 3.954028e-03 0.000000e+00 0.000000e+00 -1.292955e-02 -2.419722e-02 1.946680e-02 -4.849956e-03 
2.701970e-04 1.382877e-03 0.000000e+00 8.198851e-03 0.000000e+00 0.000000e+00 3.536878e-01 -6.696039e-01 2.481167e+00 1.436327e-04 6.955878e-04 0.000000e+00 4.075798e-03 0.000000e+00 0.000000e+00 -1.333889e-02 -2.496329e-02 2.008311e-02 -5.159989e-03 
2.848242e-04 1.453521e-03 0.000000e+00 8.612549e-03 0.000000e+00 0.000000e+00 3.523333e-01 -6.721388e-01 2.483207e+00 1.489280e-04 7.173349e-04 0.000000e+00 4.198277e-03 0.000000e+00 0.000000e+00 -1.375164e-02 -2.573575e-02 2.070455e-02 -5.482139e-03 
2.999865e-04 1.526349e-03 0.000000e+00 9.038524e-03 0.000000e+00 0.000000e+00 3.509374e-01 -6.747512e-01 2.485309e+00 1.543347e-04 7.392657e-04 0.000000e+00 4.321391e-03 0.000000e+00 0.000000e+00 -1.416763e-02 -2.651424e-02 2.133086e-02 -5.816476e-03 
3.156950e-04 1.601379e-03 0.000000e+00 9.476839e-03 0.000000e+00 0.000000e+00 3.494997e-01 -6.774418e-01 2.487473e+00 1.598537e-04 7.613705e-04 0.000000e+00 4.445069e-03 0.000000e+00 0.000000e+00 -1.458665e-02 -2.729844e-02 2.196174e-02 -6.163053e-03 
3.319611e-04 1.678627e-03 0.000000e+00 9.927546e-03 0.000000e+00 0.000000e+00 3.480199e-01 -6.802111e-01 2.489701e+00 1.654860e-04 7.836396e-04 0.000000e+00 4.569238e-03 0.000000e+00 0.000000e+00 -1.500854e-02 -2.808798e-02 2.259694e-02 -6.521908e-03 
3.487961e-04 1.758111e-03 0.000000e+00 1.039069e-02 0.000000e+00 0.000000e+00 3.464979e-01 -6.830596e-01 2.491993e+00 1.712324e-04 8.060630e-04 0.000000e+00 4.693824e-03 0.000000e+00 0.000000e+00 -1.543310e-02 -2.888254e-02 2.323617e-02 -6.893064e-03 
3.662113e-04 1.839844e-03 0.000000e+00 1.086632e-02 0.000000e+00 0.000000e+00 3.449332e-01 -6.859877e-01 2.494348e+00 1.770938e-04 8.286307e-04 0.000000e+00 4.818753e-03 0.000000e+00 0.000000e+00 -1.586016e-02 -2.968176e-02 2.387914e-02 -7.276525e-03 
3.842179e-04 1.923840e-03 0.000000e+00 1.135445e-02 0.000000e+00 0.000000e+00 3.433258e-01 -6.889961e-01 2.496769e+00 1.830705e-04 8.513325e-04 0.000000e+00 4.943952e-03 0.000000e+00 0.000000e+00 -1.628951e-02 -3.048528e-02 2.452558e-02 -7.672255e-03 
4.028276e-04 2.010113e-03 0.000000e+00 1.185512e-02 0.000000e+00 0.000000e+00 3.416753e-01 -6.920849e-01 2.499254e+00 1.891633e-04 8.741581e-04 0.000000e+00 5.069346e-03 0.000000e+00 0.000000e+00 -1.672098e-02 -3.129277e-02 2.517521e-02 -8.080204e-03 
4.220524e-04 2.098674e-03 0.000000e+00 1.236833e-02 0.000000e+00 0.000000e+00 3.399815e-01 -6.952547e-01 2.501804e+00 1.953727e-04 8.970967e-04 0.000000e+00 5.194859e-03 0.000000e+00 0.000000e+00 -1.715438e-02 -3.210386e-02 2.582773e-02 -8.500305e-03 
4.419042e-04 2.189534e-03 0.000000e+00 1.289409e-02 0.000000e+00 0.000000e+00 3.382443e-01 -6.985058e-01 2.504419e+00 2.016995e-04 9.201376e-04 0.000000e+00 5.320414e-03 0.000000e+00 0.000000e+00 -1.758951e-02 -3.291819e-02 2.648287e-02 -8.932472e-03 
4.623950e-04 2.282703e-03 0.000000e+00 1.343241e-02 0.000000e+00 0.000000e+00 3.364636e-01 -7.018385e-01 2.507100e+00 2.081441e-04 9.432700e-04 0.000000e+00 5.445934e-03 0.000000e+00 0.000000e+00 -1.802619e-02 -3.373541e-02 2.714033e-02 -9.376598e-03 
4.835366e-04 2.378190e-03 0.000000e+00 1.398327e-02 0.000000e+00 0.000000e+00 3.346390e-01 -7.052530e-01 2.509847e+00 2.147069e-04 9.664828e-04 0.000000e+00 5.571342e-03 0.000000e+00 0.000000e+00 -1.846422e-02 -3.455517e-02 2.779983e-02 -9.832553e-03 
5.053407e-04 2.476003e-03 0.000000e+00 1.454667e-02 0.000000e+00 0.000000e+00 3.327707e-01 -7.087496e-01 2.512660e+00 2.213880e-04 9.897649e-04 0.000000e+00 5.696561e-03 0.000000e+00 0.000000e+00 -1.890340e-02 -3.537710e-02 2.846107e-02 -1.030019e-02 
5.278193e-04 2.576147e-03 0.000000e+00 1.512258e-02 0.000000e+00 0.000000e+00 3.308583e-01 -7.123284e-01 2.515540e+00 2.281875e-04 1.013105e-03 0.000000e+00 5.821516e-03 0.000000e+00 0.000000e+00 -1.934356e-02 -3.620083e-02 2.912377e-02 -1.077934e-02 
5.509840e-04 2.678627e-03 0.000000e+00 1.571096e-02 0.000000e+00 0.000000e+00 3.289019e-01 -7.159898e-01 2.518485e+00 2.351055e-04 1.036492e-03 0.000000e+00 5.946128e-03 0.000000e+00 0.000000e+00 -1.978449e-02 -3.702602e-02 2.978764e-02 -1.126982e-02 
5.748466e-04 2.783449e-03 0.000000e+00 1.631179e-02 0.000000e+00 0.000000e+00 3.269014e-01 -7.197337e-01 2.521497e+00 2.421417e-04 1.059914e-03 0.000000e+00 6.070322e-03 0.000000e+00 0.000000e+00 -2.022600e-02 -3.785230e-02 3.045239e-02 -1.177141e-02 
5.994188e-04 2.890614e-03 0.000000e+00 1.692501e-02 0.000000e+00 0.000000e+00 3.248567e-01 -7.235603e-01 2.524576e+00 2.492958e-04 1.083359e-03 0.000000e+00 6.194021e-03 0.000000e+00 0.000000e+00 -2.066791e-02 -3.867930e-02 3.111771e-02 -1.228388e-02 
6.247121e-04 3.000123e-03 0.000000e+00 1.755057e-02 0.000000e+00 0.000000e+00 3.227678e-01 -7.274696e-01 2.527721e+00 2.565676e-04 1.106815e-03 0.000000e+00 6.317149e-03 0.000000e+00 0.000000e+00 -2.111000e-02 -3.950667e-02 3.178333e-02 -1.280699e-02 
6.507382e-04 3.111979e-03 0.000000e+00 1.818842e-02 0.000000e+00 0.000000e+00 3.206347e-01 -7.314616e-01 2.530932e+00 2.639563e-04 1.130272e-03 0.000000e+00 6.439628e-03 0.000000e+00 0.000000e+00 -2.155209e-02 -4.033403e-02 3.244895e-02 -1.334047e-02 
6.775087e-04 3.226179e-03 0.000000e+00 1.883847e-02 0.000000e+00 0.000000e+00 3.184574e-01 -7.355364e-01 2.534211e+00 2.714615e-04 1.153716e-03 0.000000e+00 6.561381e-03 0.000000e+00 0.000000e+00 -2.199400e-02 -4.116103e-02 3.311428e-02 -1.388402e-02 
7.050351e-04 3.342722e-03 0.000000e+00 1.950067e-02 0.000000e+00 0.000000e+00 3.162359e-01 -7.396938e-01 2.537555e+00 2.790822e-04 1.177135e-03 0.000000e+00 6.682334e-03 0.000000e+00 0.000000e+00 -2.243551e-02 -4.198731e-02 3.377903e-02 -1.443733e-02 
7.333289e-04 3.461604e-03 0.000000e+00 2.017491e-02 0.000000e+00 0.000000e+00 3.139703e-01 -7.439338e-01 2.540966e+00 2.868176e-04 1.200517e-03 0.000000e+00 6.802408e-03 0.000000e+00 0.000000e+00 -2.287644e-02 -4.281250e-02 3.444289e-02 -1.500007e-02 
7.624015e-04 3.582822e-03 0.000000e+00 2.086112e-02 0.000000e+00 0.000000e+00 3.116607e-01 -7.482562e-01 2.544444e+00 2.946666e-04 1.223849e-03 0.000000e+00 6.921527e-03 0.000000e+00 0.000000e+00 -2.331660e-02 -4.363624e-02 3.510560e-02 -1.557188e-02 
7.922645e-04 3.706370e-03 0.000000e+00 2.155918e-02 0.000000e+00 0.000000e+00 3.093070e-01 -7.526610e-01 2.547987e+00 3.026282e-04 1.247119e-03 0.000000e+00 7.039614e-03 0.000000e+00 0.000000e+00 -2.375578e-02 -4.445816e-02 3.576684e-02 -1.615241e-02 
8.229291e-04 3.832241e-03 0.000000e+00 2.226900e-02 0.000000e+00 0.000000e+00 3.069096e-01 -7.571478e-01 2.551597e+00 3.107010e-04 1.270315e-03 0.000000e+00 7.156594e-03 0.000000e+00 0.000000e+00 -2.419381e-02 -4.527792e-02 3.642634e-02 -1.674124e-02 
8.544067e-04 3.960428e-03 0.000000e+00 2.299046e-02 0.000000e+00 0.000000e+00 3.044683e-01 -7.617165e-01 2.555273e+00 3.188835e-04 1.293422e-03 0.000000e+00 7.272388e-03 0.000000e+00 0.000000e+00 -2.463049e-02 -4.609514e-02 3.708380e-02 -1.733798e-02 
8.867082e-04 4.090922e-03 0.000000e+00 2.372344e-02 0.000000e+00 0.000000e+00 3.019835e-01 -7.663667e-01 2.559014e+00 3.271744e-04 1.316429e-03 0.000000e+00 7.386924e-03 0.000000e+00 0.000000e+00 -2.506562e-02 -4.690948e-02 3.773894e-02 -1.794220e-02 
9.198416e-04 4.223712e-03 0.000000e+00 2.446783e-02 0.000000e+00 0.000000e+00 2.994553e-01 -7.710983e-01 2.562820e+00 3.355715e-04 1.339325e-03 0.000000e+00 7.500137e-03 0.000000e+00 0.000000e+00 -2.549902e-02 -4.772056e-02 3.839146e-02 -1.855359e-02 
9.538182e-04 4.358787e-03 0.000000e+00 2.522349e-02 0.000000e+00 0.000000e+00 2.968838e-01 -7.759107e-01 2.566692e+00 3.440728e-04 1.362095e-03 0.000000e+00 7.611951e-03 0.000000e+00 0.000000e+00 -2.593049e-02 -4.852805e-02 3.904109e-02 -1.917165e-02 
9.886493e-04 4.496132e-03 0.000000e+00 2.599027e-02 0.000000e+00 0.000000e+00 2.942692e-01 -7.808037e-01 2.570628e+00 3.526761e-04 1.384726e-03 0.000000e+00 7.722290e-03 0.000000e+00 0.000000e+00 -2.635984e-02 -4.933158e-02 3.968753e-02 -1.979584e-02 
1.024346e-03 4.635733e-03 0.000000e+00 2.676800e-02 0.000000e+00 0.000000e+00 2.916119e-01 -7.857769e-01 2.574629e+00 3.613788e-04 1.407204e-03 0.000000e+00 7.831077e-03 0.000000e+00 0.000000e+00 -2.678690e-02 -5.013079e-02 4.033050e-02 -2.042564e-02 
1.060918e-03 4.777573e-03 0.000000e+00 2.755653e-02 0.000000e+00 0.000000e+00 2.889119e-01 -7.908297e-01 2.578694e+00 3.701784e-04 1.429515e-03 0.000000e+00 7.938240e-03 0.000000e+00 0.000000e+00 -2.721146e-02 -5.092535e-02 4.096973e-02 -2.106049e-02 
1.098377e-03 4.921635e-03 0.000000e+00 2.835567e-02 0.000000e+00 0.000000e+00 2.861697e-01 -7.959618e-01 2.582823e+00 3.790721e-04 1.451646e-03 0.000000e+00 8.043706e-03 0.000000e+00 0.000000e+00 -2.763335e-02 -5.171490e-02 4.160492e-02 -2.169985e-02 
1.136731e-03 5.067900e-03 0.000000e+00 2.916527e-02 0.000000e+00 0.000000e+00 2.833854e-01 -8.011725e-01 2.587015e+00 3.880567e-04 1.473583e-03 0.000000e+00 8.147404e-03 0.000000e+00 0.000000e+00 -2.805237e-02 -5.249909e-02 4.223581e-02 -2.234316e-02 
1.175990e-03 5.216347e-03 0.000000e+00 2.998512e-02 0.000000e+00 0.000000e+00 2.805593e-01 -8.064614e-01 2.591270e+00 3.971292e-04 1.495313e-03 0.000000e+00 8.249266e-03 0.000000e+00 0.000000e+00 -2.846836e-02 -5.327759e-02 4.286211e-02 -2.298986e-02 
1.216162e-03 5.366955e-03 0.000000e+00 3.081505e-02 0.000000e+00 0.000000e+00 2.776918e-01 -8.118279e-01 2.595587e+00 4.062863e-04 1.516821e-03 0.000000e+00 8.349223e-03 0.000000e+00 0.000000e+00 -2.888111e-02 -5.405004e-02 4.348356e-02 -2.363939e-02 
1.257255e-03 5.519702e-03 0.000000e+00 3.165487e-02 0.000000e+00 0.000000e+00 2.747832e-01 -8.172712e-01 2.599967e+00 4.155242e-04 1.538095e-03 0.000000e+00 8.447210e-03 0.000000e+00 0.000000e+00 -2.929045e-02 -5.481612e-02 4.409987e-02 -2.429116e-02 
1.299278e-03 5.674563e-03 0.000000e+00 3.250436e-02 0.000000e+00 0.000000e+00 2.718338e-01 -8.227909e-01 2.604407e+00 4.248395e-04 1.559122e-03 0.000000e+00 8.543162e-03 0.000000e+00 0.000000e+00 -2.969621e-02 -5.557548e-02 4.471078e-02 -2.494461e-02 
1.342237e-03 5.831513e-03 0.000000e+00 3.336334e-02 0.000000e+00 0.000000e+00 2.688441e-01 -8.283861e-01 2.608909e+00 4.342280e-04 1.579888e-03 0.000000e+00 8.637016e-03 0.000000e+00 0.000000e+00 -3.009820e-02 -5.632779e-02 4.531602e-02 -2.559915e-02 
1.386139e-03 5.990526e-03 0.000000e+00 3.423159e-02 0.000000e+00 0.000000e+00 2.658143e-01 -8.340562e-01 2.613470e+00 4.436858e-04 1.600380e-03 0.000000e+00 8.728711e-03 0.000000e+00 0.000000e+00 -3.049625e-02 -5.707272e-02 4.591532e-02 -2.625418e-02 
1.430990e-03 6.151573e-03 0.000000e+00 3.510889e-02 0.000000e+00 0.000000e+00 2.627450e-01 -8.398004e-01 2.618092e+00 4.532086e-04 1.620585e-03 0.000000e+00 8.818186e-03 0.000000e+00 0.000000e+00 -3.089018e-02 -5.780995e-02 4.650843e-02 -2.690912e-02 
1.476797e-03 6.314626e-03 0.000000e+00 3.599502e-02 0.000000e+00 0.000000e+00 2.596364e-01 -8.456179e-01 2.622772e+00 4.627919e-04 1.640491e-03 0.000000e+00 8.905385e-03 0.000000e+00 0.000000e+00 -3.127982e-02 -5.853915e-02 4.709507e-02 -2.756336e-02 
1.523565e-03 6.479653e-03 0.000000e+00 3.688976e-02 0.000000e+00 0.000000e+00 2.564891e-01 -8.515079e-01 2.627510e+00 4.724311e-04 1.660084e-03 0.000000e+00 8.990249e-03 0.000000e+00 0.000000e+00 -3.166500e-02 -5.926000e-02 4.767500e-02 -2.821629e-02 
1.571299e-03 6.646625e-03 0.000000e+00 3.779287e-02 0.000000e+00 0.000000e+00 2.533036e-01 -8.574696e-01 2.632307e+00 4.821214e-04 1.679352e-03 0.000000e+00 9.072724e-03 0.000000e+00 0.000000e+00 -3.204555e-02 -5.997219e-02 4.824796e-02 -2.886730e-02 
1.620003e-03 6.815506e-03 0.000000e+00 3.870412e-02 0.000000e+00 0.000000e+00 2.500802e-01 -8.635021e-01 2.637160e+00 4.918577e-04 1.698283e-03 0.000000e+00 9.152756e-03 0.000000e+00 0.000000e+00 -3.242130e-02 -6.067540e-02 4.881369e-02 -2.951577e-02 
1.669681e-03 6.986264e-03 0.000000e+00 3.962325e-02 0.000000e+00 0.000000e+00 2.468195e-01 -8.696044e-01 2.642069e+00 5.016350e-04 1.716863e-03 0.000000e+00 9.230292e-03 0.000000e+00 0.000000e+00 -3.279210e-02 -6.136932e-02 4.937196e-02 -3.016107e-02 
1.720338e-03 7.158863e-03 0.000000e+00 4.055003e-02 0.000000e+00 0.000000e+00 2.435219e-01 -8.757756e-01 2.647034e+00 5.114479e-04 1.735080e-03 0.000000e+00 9.305283e-03 0.000000e+00 0.000000e+00 -3.315776e-02 -6.205366e-02 4.992251e-02 -3.080258e-02 
1.771975e-03 7.333265e-03 0.000000e+00 4.148419e-02 0.000000e+00 0.000000e+00 2.401881e-01 -8.820148e-01 2.652053e+00 5.212908e-04 1.752922e-03 0.000000e+00 9.377678e-03 0.000000e+00 0.000000e+00 -3.351815e-02 -6.272810e-02 5.046511e-02 -3.143965e-02 
1.824596e-03 7.509433e-03 0.000000e+00 4.242547e-02 0.000000e+00 0.000000e+00 2.368185e-01 -8.883209e-01 2.657127e+00 5.311580e-04 1.770376e-03 0.000000e+00 9.447431e-03 0.000000e+00 0.000000e+00 -3.387309e-02 -6.339236e-02 5.099951e-02 -3.207165e-02 
1.878203e-03 7.687328e-03 0.000000e+00 4.337360e-02 0.000000e+00 0.000000e+00 2.334137e-01 -8.946929e-01 2.662253e+00 5.410436e-04 1.787431e-03 0.000000e+00 9.514496e-03 0.000000e+00 0.000000e+00 -3.422243e-02 -6.404614e-02 5.152548e-02 -3.269792e-02 
1.932798e-03 7.866908e-03 0.000000e+00 4.432833e-02 0.000000e+00 0.000000e+00 2.299742e-01 -9.011297e-01 2.667431e+00 5.509416e-04 1.804074e-03 0.000000e+00 9.578828e-03 0.000000e+00 0.000000e+00 -3.456602e-02 -6.468916e-02 5.204279e-02 -3.331781e-02 
1.988381e-03 8.048132e-03 0.000000e+00 4.528935e-02 0.000000e+00 0.000000e+00 2.265007e-01 -9.076304e-01 2.672661e+00 5.608456e-04 1.820293e-03 0.000000e+00 9.640383e-03 0.000000e+00 0.000000e+00 -3.490371e-02 -6.532114e-02 5.255122e-02 -3.393067e-02 
2.044954e-03 8.230957e-03 0.000000e+00 4.625640e-02 0.000000e+00 0.000000e+00 2.229937e-01 -9.141936e-01 2.677941e+00 5.707492e-04 1.836076e-03 0.000000e+00 9.699122e-03 0.000000e+00 0.000000e+00 -3.523535e-02 -6.594179e-02 5.305053e-02 -3.453582e-02 
2.102518e-03 8.415337e-03 0.000000e+00 4.722918e-02 0.000000e+00 0.000000e+00 2.194538e-01 -9.208183e-01 2.683271e+00 5.806458e-04 1.851411e-03 0.000000e+00 9.755004e-03 0.000000e+00 0.000000e+00 -3.556079e-02 -6.655084e-02 5.354052e-02 -3.513259e-02 
2.161071e-03 8.601228e-03 0.000000e+00 4.820739e-02 0.000000e+00 0.000000e+00 2.158817e-01 -9.275034e-01 2.688649e+00 5.905285e-04 1.866287e-03 0.000000e+00 9.807990e-03 0.000000e+00 0.000000e+00 -3.587989e-02 -6.714803e-02 5.402097e-02 -3.572030e-02 
2.220614e-03 8.788583e-03 0.000000e+00 4.919075e-02 0.000000e+00 0.000000e+00 2.122780e-01 -9.342475e-01 2.694075e+00 6.003905e-04 1.880692e-03 0.000000e+00 9.858045e-03 0.000000e+00 0.000000e+00 -3.619252e-02 -6.773310e-02 5.449166e-02 -3.629828e-02 
2.281145e-03 8.977353e-03 0.000000e+00 5.017894e-02 0.000000e+00 0.000000e+00 2.086434e-01 -9.410496e-01 2.699547e+00 6.102249e-04 1.894616e-03 0.000000e+00 9.905135e-03 0.000000e+00 0.000000e+00 -3.649853e-02 -6.830579e-02 5.495239e-02 -3.686588e-02 
2.342658e-03 9.167496e-03 0.000000e+00 5.117171e-02 0.000000e+00 0.000000e+00 2.049786e-01 -9.479083e-01 2.705065e+00 6.200258e-04 1.908049e-03 0.000000e+00 9.949238e-03 0.000000e+00 0.000000e+00 -3.679779e-02 -6.886584e-02 5.540295e-02 -3.742267e-02 
2.405150e-03 9.358959e-03 0.000000e+00 5.216875e-02 0.000000e+00 0.000000e+00 2.012841e-01 -9.548223e-01 2.710627e+00 6.297859e-04 1.920983e-03 0.000000e+00 9.990330e-03 0.000000e+00 0.000000e+00 -3.709017e-02 -6.941302e-02 5.584316e-02 -3.796802e-02 
2.468615e-03 9.551690e-03 0.000000e+00 5.316976e-02 0.000000e+00 0.000000e+00 1.975608e-01 -9.617904e-01 2.716233e+00 6.394975e-04 1.933407e-03 0.000000e+00 1.002839e-02 0.000000e+00 0.000000e+00 -3.737553e-02 -6.994708e-02 5.627281e-02 -3.850132e-02 
2.533049e-03 9.745638e-03 0.000000e+00 5.417441e-02 0.000000e+00 0.000000e+00 1.938092e-01 -9.688113e-01 2.721882e+00 6.491529e-04 1.945312e-03 0.000000e+00 1.006338e-02 0.000000e+00 0.000000e+00 -3.765377e-02 -7.046778e-02 5.669172e-02 -3.902195e-02 
2.598445e-03 9.940747e-03 0.000000e+00 5.518239e-02 0.000000e+00 0.000000e+00 1.900303e-01 -9.758835e-01 2.727571e+00 6.587445e-04 1.956689e-03 0.000000e+00 1.009531e-02 0.000000e+00 0.000000e+00 -3.792475e-02 -7.097491e-02 5.709971e-02 -3.952934e-02 
2.664797e-03 1.013696e-02 0.000000e+00 5.619340e-02 0.000000e+00 0.000000e+00 1.862245e-01 -9.830058e-01 2.733301e+00 6.682648e-04 1.967529e-03 0.000000e+00 1.012413e-02 0.000000e+00 0.000000e+00 -3.818835e-02 -7.146823e-02 5.749659e-02 -4.002292e-02 
2.732096e-03 1.033424e-02 0.000000e+00 5.720712e-02 0.000000e+00 0.000000e+00 1.823928e-01 -9.901767e-01 2.739070e+00 6.777061e-04 1.977823e-03 0.000000e+00 1.014985e-02 0.000000e+00 0.000000e+00 -3.844446e-02 -7.194753e-02 5.788219e-02 -4.050214e-02 
2.800335e-03 1.053251e-02 0.000000e+00 5.822325e-02 0.000000e+00 0.000000e+00 1.785359e-01 -9.973948e-01 2.744877e+00 6.870609e-04 1.987566e-03 0.000000e+00 1.017245e-02 0.000000e+00 0.000000e+00 -3.869297e-02 -7.241261e-02 5.825635e-02 -4.096647e-02 
2.869505e-03 1.073172e-02 0.000000e+00 5.924146e-02 0.000000e+00 0.000000e+00 1.746545e-01 -1.004659e+00 2.750721e+00 6.963217e-04 1.996748e-03 0.000000e+00 1.019192e-02 0.000000e+00 0.000000e+00 -3.893376e-02 -7.286325e-02 5.861889e-02 -4.141540e-02 
2.939596e-03 1.093183e-02 0.000000e+00 6.026146e-02 0.000000e+00 0.000000e+00 1.707494e-01 -1.011967e+00 2.756601e+00 7.054810e-04 2.005364e-03 0.000000e+00 1.020826e-02 0.000000e+00 0.000000e+00 -3.916674e-02 -7.329926e-02 5.896966e-02 -4.184845e-02 
3.010597e-03 1.113276e-02 0.000000e+00 6.128292e-02 0.000000e+00 0.000000e+00 1.668214e-01 -1.019318e+00 2.762515e+00 7.145312e-04 2.013407e-03 0.000000e+00 1.022146e-02 0.000000e+00 0.000000e+00 -3.939180e-02 -7.372044e-02 5.930851e-02 -4.226514e-02 
3.082498e-03 1.133447e-02 0.000000e+00 6.230554e-02 0.000000e+00 0.000000e+00 1.628713e-01 -1.026711e+00 2.768462e+00 7.234650e-04 2.020872e-03 0.000000e+00 1.023152e-02 0.000000e+00 0.000000e+00 -3.960883e-02 -7.412662e-02 5.963528e-02 -4.266503e-02 
3.155285e-03 1.153689e-02 0.000000e+00 6.332901e-02 0.000000e+00 0.000000e+00 1.588999e-01 -1.034143e+00 2.774441e+00 7.322749e-04 2.027752e-03 0.000000e+00 1.023843e-02 0.000000e+00 0.000000e+00 -3.981776e-02 -7.451762e-02 5.994984e-02 -4.304767e-02 
3.228947e-03 1.173998e-02 0.000000e+00 6.435302e-02 0.000000e+00 0.000000e+00 1.549080e-01 -1.041614e+00 2.780451e+00 7.409534e-04 2.034044e-03 0.000000e+00 1.024222e-02 0.000000e+00 0.000000e+00 -4.001848e-02 -7.489325e-02 6.025204e-02 -4.341266e-02 
3.303470e-03 1.194367e-02 0.000000e+00 6.537726e-02 0.000000e+00 0.000000e+00 1.508965e-01 -1.049121e+00 2.786491e+00 7.494932e-04 2.039744e-03 0.000000e+00 1.024287e-02 0.000000e+00 0.000000e+00 -4.021090e-02 -7.525337e-02 6.054175e-02 -4.375961e-02 
3.378840e-03 1.214790e-02 0.000000e+00 6.640142e-02 0.000000e+00 0.000000e+00 1.468661e-01 -1.056664e+00 2.792559e+00 7.578869e-04 2.044846e-03 0.000000e+00 1.024041e-02 0.000000e+00 0.000000e+00 -4.039494e-02 -7.559780e-02 6.081885e-02 -4.408813e-02 
3.455042e-03 1.235261e-02 0.000000e+00 6.742519e-02 0.000000e+00 0.000000e+00 1.428178e-01 -1.064240e+00 2.798655e+00 7.661271e-04 2.049348e-03 0.000000e+00 1.023483e-02 0.000000e+00 0.000000e+00 -4.057053e-02 -7.592641e-02 6.108322e-02 -4.439788e-02 
3.532059e-03 1.255774e-02 0.000000e+00 6.844826e-02 0.000000e+00 0.000000e+00 1.387523e-01 -1.071849e+00 2.804776e+00 7.742065e-04 2.053247e-03 0.000000e+00 1.022616e-02 0.000000e+00 0.000000e+00 -4.073758e-02 -7.623904e-02 6.133473e-02 -4.468851e-02 
3.609877e-03 1.276324e-02 0.000000e+00 6.947033e-02 0.000000e+00 0.000000e+00 1.346706e-01 -1.079487e+00 2.810921e+00 7.821178e-04 2.056540e-03 0.000000e+00 1.021442e-02 0.000000e+00 0.000000e+00 -4.089602e-02 -7.653555e-02 6.157328e-02 -4.495971e-02 
3.688477e-03 1.296904e-02 0.000000e+00 7.049109e-02 0.000000e+00 0.000000e+00 1.305734e-01 -1.087155e+00 2.817090e+00 7.898536e-04 2.059226e-03 0.000000e+00 1.019961e-02 0.000000e+00 0.000000e+00 -4.104579e-02 -7.681583e-02 6.179876e-02 -4.521117e-02 
3.767841e-03 1.317507e-02 0.000000e+00 7.151022e-02 0.000000e+00 0.000000e+00 1.264617e-01 -1.094850e+00 2.823280e+00 7.974068e-04 2.061302e-03 0.000000e+00 1.018177e-02 0.000000e+00 0.000000e+00 -4.118680e-02 -7.707974e-02 6.201108e-02 -4.544263e-02 
3.847952e-03 1.338129e-02 0.000000e+00 7.252742e-02 0.000000e+00 0.000000e+00 1.223363e-01 -1.102570e+00 2.829492e+00 8.047701e-04 2.062768e-03 0.000000e+00 1.016091e-02 0.000000e+00 0.000000e+00 -4.131901e-02 -7.732717e-02 6.221014e-02 -4.565382e-02 
3.928789e-03 1.358762e-02 0.000000e+00 7.354239e-02 0.000000e+00 0.000000e+00 1.181982e-01 -1.110315e+00 2.835722e+00 8.119362e-04 2.063624e-03 0.000000e+00 1.013707e-02 0.000000e+00 0.000000e+00 -4.144236e-02 -7.755801e-02 6.239585e-02 -4.584450e-02 
4.010332e-03 1.379401e-02 0.000000e+00 7.455481e-02 0.000000e+00 0.000000e+00 1.140482e-01 -1.118082e+00 2.841970e+00 8.188979e-04 2.063868e-03 0.000000e+00 1.011027e-02 0.000000e+00 0.000000e+00 -4.155679e-02 -7.777216e-02 6.256813e-02 -4.601444e-02 
4.092561e-03 1.400038e-02 0.000000e+00 7.556438e-02 0.000000e+00 0.000000e+00 1.098871e-01 -1.125869e+00 2.848235e+00 8.256482e-04 2.063503e-03 0.000000e+00 1.008054e-02 0.000000e+00 0.000000e+00 -4.166225e-02 -7.796952e-02 6.272692e-02 -4.616345e-02 
4.175457e-03 1.420669e-02 0.000000e+00 7.657084e-02 0.000000e+00 0.000000e+00 1.057160e-01 -1.133675e+00 2.854515e+00 8.321819e-04 2.062527e-03 0.000000e+00 1.004792e-02 0.000000e+00 0.000000e+00 -4.175870e-02 -7.815002e-02 6.287212e-02 -4.629139e-02 
4.258996e-03 1.441288e-02 0.000000e+00 7.757390e-02 0.000000e+00 0.000000e+00 1.015357e-01 -1.141498e+00 2.860809e+00 8.384927e-04 2.060945e-03 0.000000e+00 1.001243e-02 0.000000e+00 0.000000e+00 -4.184608e-02 -7.831356e-02 6.300370e-02 -4.639816e-02 
4.343156e-03 1.461888e-02 0.000000e+00 7.857327e-02 0.000000e+00 0.000000e+00 9.734709e-02 -1.149337e+00 2.867115e+00 8.445741e-04 2.058757e-03 0.000000e+00 9.974124e-03 0.000000e+00 0.000000e+00 -4.192438e-02 -7.846008e-02 6.312157e-02 -4.648367e-02 
4.427911e-03 1.482462e-02 0.000000e+00 7.956867e-02 0.000000e+00 0.000000e+00 9.315112e-02 -1.157190e+00 2.873433e+00 8.504201e-04 2.055969e-03 0.000000e+00 9.933040e-03 0.000000e+00 0.000000e+00 -4.199354e-02 -7.858952e-02 6.322571e-02 -4.654785e-02 
4.513239e-03 1.503006e-02 0.000000e+00 8.055982e-02 0.000000e+00 0.000000e+00 8.894869e-02 -1.165054e+00 2.879760e+00 8.560246e-04 2.052583e-03 0.000000e+00 9.889224e-03 0.000000e+00 0.000000e+00 -4.205354e-02 -7.870181e-02 6.331605e-02 -4.659066e-02 
4.599112e-03 1.523513e-02 0.000000e+00 8.154645e-02 0.000000e+00 0.000000e+00 8.474072e-02 -1.172929e+00 2.886096e+00 8.613821e-04 2.048603e-03 0.000000e+00 9.842720e-03 0.000000e+00 0.000000e+00 -4.210436e-02 -7.879691e-02 6.339255e-02 -4.661209e-02 
4.685508e-03 1.543976e-02 0.000000e+00 8.252828e-02 0.000000e+00 0.000000e+00 8.052813e-02 -1.180813e+00 2.892438e+00 8.664873e-04 2.044034e-03 0.000000e+00 9.793575e-03 0.000000e+00 0.000000e+00 -4.214596e-02 -7.887478e-02 6.345520e-02 -4.661215e-02 
4.772400e-03 1.564391e-02 0.000000e+00 8.350507e-02 0.000000e+00 0.000000e+00 7.631183e-02 -1.188704e+00 2.898786e+00 8.713349e-04 2.038881e-03 0.000000e+00 9.741840e-03 0.000000e+00 0.000000e+00 -4.217834e-02 -7.893538e-02 6.350395e-02 -4.659085e-02 
4.859762e-03 1.584751e-02 0.000000e+00 8.447654e-02 0.000000e+00 0.000000e+00 7.209277e-02 -1.196600e+00 2.905139e+00 8.759202e-04 2.033149e-03 0.000000e+00 9.687563e-03 0.000000e+00 0.000000e+00 -4.220148e-02 -7.897868e-02 6.353879e-02 -4.654827e-02 
4.947568e-03 1.605051e-02 0.000000e+00 8.544245e-02 0.000000e+00 0.000000e+00 6.787185e-02 -1.204499e+00 2.911494e+00 8.802386e-04 2.026845e-03 0.000000e+00 9.630797e-03 0.000000e+00 0.000000e+00 -4.221537e-02 -7.900467e-02 6.355970e-02 -4.648446e-02 
5.035792e-03 1.625285e-02 0.000000e+00 8.640257e-02 0.000000e+00 0.000000e+00 6.365000e-02 -1.212400e+00 2.917850e+00 8.842858e-04 2.019975e-03 0.000000e+00 9.571594e-03 0.000000e+00 0.000000e+00 -4.222000e-02 -7.901333e-02 6.356667e-02 -4.639955e-02 
5.124406e-03 1.645447e-02 0.000000e+00 8.735664e-02 0.000000e+00 0.000000e+00 5.942815e-02 -1.220301e+00 2.924206e+00 8.880578e-04 2.012544e-03 0.000000e+00 9.510009e-03 0.000000e+00 0.000000e+00 -4.221537e-02 -7.900467e-02 6.355970e-02 -4.629365e-02 
5.213383e-03 1.665532e-02 0.000000e+00 8.830443e-02 0.000000e+00 0.000000e+00 5.520723e-02 -1.228200e+00 2.930561e+00 8.915509e-04 2.004562e-03 0.000000e+00 9.446097e-03 0.000000e+00 0.000000e+00 -4.220148e-02 -7.897868e-02 6.353879e-02 -4.616692e-02 
5.302696e-03 1.685535e-02 0.000000e+00 8.924573e-02 0.000000e+00 0.000000e+00 5.098817e-02 -1.236096e+00 2.936914e+00 8.947615e-04 1.996035e-03 0.000000e+00 9.379918e-03 0.000000e+00 0.000000e+00 -4.217834e-02 -7.893538e-02 6.350395e-02 -4.601952e-02 
5.392317e-03 1.705450e-02 0.000000e+00 9.018029e-02 0.000000e+00 0.000000e+00 4.677187e-02 -1.243987e+00 2.943262e+00 8.976865e-04 1.986970e-03 0.000000e+00 9.311528e-03 0.000000e+00 0.000000e+00 -4.214596e-02 -7.887478e-02 6.345520e-02 -4.585166e-02 
5.482217e-03 1.725271e-02 0.000000e+00 9.110792e-02 0.000000e+00 0.000000e+00 4.255928e-02 -1.251871e+00 2.949604e+00 9.003228e-04 1.977378e-03 0.000000e+00 9.240990e-03 0.000000e+00 0.000000e+00 -4.210436e-02 -7.879691e-02 6.339255e-02 -4.566356e-02 
5.572367e-03 1.744995e-02 0.000000e+00 9.202840e-02 0.000000e+00 0.000000e+00 3.835131e-02 -1.259746e+00 2.955940e+00 9.026679e-04 1.967267e-03 0.000000e+00 9.168364e-03 0.000000e+00 0.000000e+00 -4.205354e-02 -7.870181e-02 6.331605e-02 -4.545546e-02 
5.662739e-03 1.764615e-02 0.000000e+00 9.294152e-02 0.000000e+00 0.000000e+00 3.414888e-02 -1.267610e+00 2.962267e+00 9.047193e-04 1.956646e-03 0.000000e+00 9.093715e-03 0.000000e+00 0.000000e+00 -4.199354e-02 -7.858952e-02 6.322571e-02 -4.522763e-02 
5.753302e-03 1.784126e-02 0.000000e+00 9.384709e-02 0.000000e+00 0.000000e+00 2.995291e-02 -1.275463e+00 2.968585e+00 9.064748e-04 1.945525e-03 0.000000e+00 9.017106e-03 0.000000e+00 0.000000e+00 -4.192438e-02 -7.846008e-02 6.312157e-02 -4.498038e-02 
5.844028e-03 1.803524e-02 0.000000e+00 9.474490e-02 0.000000e+00 0.000000e+00 2.576431e-02 -1.283302e+00 2.974891e+00 9.079326e-04 1.933915e-03 0.000000e+00 8.938604e-03 0.000000e+00 0.000000e+00 -4.184608e-02 -7.831356e-02 6.300370e-02 -4.471400e-02 
5.934885e-03 1.822804e-02 0.000000e+00 9.563478e-02 0.000000e+00 0.000000e+00 2.158399e-02 -1.291125e+00 2.981185e+00 9.090911e-04 1.921826e-03 0.000000e+00 8.858278e-03 0.000000e+00 0.000000e+00 -4.175870e-02 -7.815002e-02 6.287212e-02 -4.442885e-02 
6.025844e-03 1.841960e-02 0.000000e+00 9.651655e-02 0.000000e+00 0.000000e+00 1.741287e-02 -1.298931e+00 2.987465e+00 9.099489e-04 1.909270e-03 0.000000e+00 8.776195e-03 0.000000e+00 0.000000e+00 -4.166225e-02 -7.796952e-02 6.272692e-02 -4.412529e-02 
6.116873e-03 1.860989e-02 0.000000e+00 9.739002e-02 0.000000e+00 0.000000e+00 1.325184e-02 -1.306718e+00 2.993730e+00 9.105051e-04 1.896257e-03 0.000000e+00 8.692428e-03 0.000000e+00 0.000000e+00 -4.155679e-02 -7.777216e-02 6.256813e-02 -4.380371e-02 
6.207942e-03 1.879885e-02 0.000000e+00 9.825502e-02 0.000000e+00 0.000000e+00 9.101811e-03 -1.314485e+00 2.999978e+00 9.107587e-04 1.882801e-03 0.000000e+00 8.607047e-03 0.000000e+00 0.000000e+00 -4.144236e-02 -7.755801e-02 6.239585e-02 -4.346452e-02 
6.299018e-03 1.898644e-02 0.000000e+00 9.911139e-02 0.000000e+00 0.000000e+00 4.963669e-03 -1.322230e+00 3.006208e+00 9.107092e-04 1.868913e-03 0.000000e+00 8.520125e-03 0.000000e+00 0.000000e+00 -4.131901e-02 -7.732717e-02 6.221014e-02 -4.310814e-02 
6.390077e-03 1.917262e-02 0.000000e+00 9.995899e-02 0.000000e+00 0.000000e+00 8.383040e-04 -1.329950e+00 3.012420e+00 9.103563e-04 1.854603e-03 0.000000e+00 8.431719e-03 0.000000e+00 0.000000e+00 -4.118680e-02 -7.707974e-02 6.201108e-02 -4.273489e-02 
6.481086e-03 1.935735e-02 0.000000e+00 1.007977e-01 0.000000e+00 0.000000e+00 -3.273399e-03 -1.337645e+00 3.018610e+00 9.097006e-04 1.839884e-03 0.000000e+00 8.341902e-03 0.000000e+00 0.000000e+00 -4.104579e-02 -7.681583e-02 6.179876e-02 -4.234525e-02 
6.572015e-03 1.954058e-02 0.000000e+00 1.016273e-01 0.000000e+00 0.000000e+00 -7.370562e-03 -1.345313e+00 3.024779e+00 9.087429e-04 1.824768e-03 0.000000e+00 8.250746e-03 0.000000e+00 0.000000e+00 -4.089602e-02 -7.653555e-02 6.157328e-02 -4.193972e-02 
6.662833e-03 1.972229e-02 0.000000e+00 1.024477e-01 0.000000e+00 0.000000e+00 -1.145231e-02 -1.352951e+00 3.030924e+00 9.074844e-04 1.809270e-03 0.000000e+00 8.158326e-03 0.000000e+00 0.000000e+00 -4.073758e-02 -7.623904e-02 6.133473e-02 -4.151881e-02 
6.753509e-03 1.990243e-02 0.000000e+00 1.032589e-01 0.000000e+00 0.000000e+00 -1.551779e-02 -1.360560e+00 3.037045e+00 9.059264e-04 1.793403e-03 0.000000e+00 8.064714e-03 0.000000e+00 0.000000e+00 -4.057053e-02 -7.592641e-02 6.108322e-02 -4.108304e-02 
6.844012e-03 2.008096e-02 0.000000e+00 1.040606e-01 0.000000e+00 0.000000e+00 -1.956614e-02 -1.368136e+00 3.043141e+00 9.040706e-04 1.777181e-03 0.000000e+00 7.969983e-03 0.000000e+00 0.000000e+00 -4.039494e-02 -7.559780e-02 6.081885e-02 -4.063294e-02 
6.934314e-03 2.025785e-02 0.000000e+00 1.048528e-01 0.000000e+00 0.000000e+00 -2.359650e-02 -1.375679e+00 3.049209e+00 9.019188e-04 1.760616e-03 0.000000e+00 7.874204e-03 0.000000e+00 0.000000e+00 -4.021090e-02 -7.525337e-02 6.054175e-02 -4.016903e-02 
7.024385e-03 2.043307e-02 0.000000e+00 1.056354e-01 0.000000e+00 0.000000e+00 -2.760804e-02 -1.383186e+00 3.055249e+00 8.994731e-04 1.743723e-03 0.000000e+00 7.777447e-03 0.000000e+00 0.000000e+00 -4.001848e-02 -7.489325e-02 6.025204e-02 -3.969184e-02 
7.114195e-03 2.060658e-02 0.000000e+00 1.064083e-01 0.000000e+00 0.000000e+00 -3.159992e-02 -1.390657e+00 3.061259e+00 8.967358e-04 1.726514e-03 0.000000e+00 7.679783e-03 0.000000e+00 0.000000e+00 -3.981776e-02 -7.451762e-02 5.994984e-02 -3.920192e-02 
7.203715e-03 2.077836e-02 0.000000e+00 1.071714e-01 0.000000e+00 0.000000e+00 -3.557131e-02 -1.398089e+00 3.067238e+00 8.937095e-04 1.709003e-03 0.000000e+00 7.581281e-03 0.000000e+00 0.000000e+00 -3.960883e-02 -7.412662e-02 5.963528e-02 -3.869980e-02 
7.292918e-03 2.094837e-02 0.000000e+00 1.079246e-01 0.000000e+00 0.000000e+00 -3.952141e-02 -1.405482e+00 3.073185e+00 8.903971e-04 1.691203e-03 0.000000e+00 7.482008e-03 0.000000e+00 0.000000e+00 -3.939180e-02 -7.372044e-02 5.930851e-02 -3.818604e-02 
7.381774e-03 2.111659e-02 0.000000e+00 1.086678e-01 0.000000e+00 0.000000e+00 -4.344941e-02 -1.412833e+00 3.079099e+00 8.868015e-04 1.673129e-03 0.000000e+00 7.382033e-03 0.000000e+00 0.000000e+00 -3.916674e-02 -7.329926e-02 5.896966e-02 -3.766120e-02 
7.470257e-03 2.128299e-02 0.000000e+00 1.094010e-01 0.000000e+00 0.000000e+00 -4.735450e-02 -1.420141e+00 3.084979e+00 8.829261e-04 1.654792e-03 0.000000e+00 7.281423e-03 0.000000e+00 0.000000e+00 -3.893376e-02 -7.286325e-02 5.861889e-02 -3.712583e-02 
7.558339e-03 2.144754e-02 0.000000e+00 1.101241e-01 0.000000e+00 0.000000e+00 -5.123590e-02 -1.427405e+00 3.090823e+00 8.787745e-04 1.636207e-03 0.000000e+00 7.180244e-03 0.000000e+00 0.000000e+00 -3.869297e-02 -7.241261e-02 5.825635e-02 -3.658049e-02 
7.645992e-03 2.161023e-02 0.000000e+00 1.108371e-01 0.000000e+00 0.000000e+00 -5.509283e-02 -1.434623e+00 3.096630e+00 8.743504e-04 1.617388e-03 0.000000e+00 7.078561e-03 0.000000e+00 0.000000e+00 -3.844446e-02 -7.194753e-02 5.788219e-02 -3.602576e-02 
7.733191e-03 2.177102e-02 0.000000e+00 1.115398e-01 0.000000e+00 0.000000e+00 -5.892454e-02 -1.441794e+00 3.102399e+00 8.696578e-04 1.598346e-03 0.000000e+00 6.976439e-03 0.000000e+00 0.000000e+00 -3.818835e-02 -7.146823e-02 5.749659e-02 -3.546221e-02 
7.819908e-03 2.192989e-02 0.000000e+00 1.122324e-01 0.000000e+00 0.000000e+00 -6.273025e-02 -1.448916e+00 3.108129e+00 8.647011e-04 1.579096e-03 0.000000e+00 6.873942e-03 0.000000e+00 0.000000e+00 -3.792475e-02 -7.097491e-02 5.709971e-02 -3.489043e-02 
7.906118e-03 2.208683e-02 0.000000e+00 1.129146e-01 0.000000e+00 0.000000e+00 -6.650924e-02 -1.455989e+00 3.113818e+00 8.594847e-04 1.559651e-03 0.000000e+00 6.771133e-03 0.000000e+00 0.000000e+00 -3.765377e-02 -7.046778e-02 5.669172e-02 -3.431099e-02 
7.991796e-03 2.224181e-02 0.000000e+00 1.135866e-01 0.000000e+00 0.000000e+00 -7.026076e-02 -1.463010e+00 3.119467e+00 8.540134e-04 1.540024e-03 0.000000e+00 6.668075e-03 0.000000e+00 0.000000e+00 -3.737553e-02 -6.994708e-02 5.627281e-02 -3.372450e-02 
8.076915e-03 2.239483e-02 0.000000e+00 1.142482e-01 0.000000e+00 0.000000e+00 -7.398411e-02 -1.469978e+00 3.125073e+00 8.482922e-04 1.520230e-03 0.000000e+00 6.564830e-03 0.000000e+00 0.000000e+00 -3.709017e-02 -6.941302e-02 5.584316e-02 -3.313154e-02 
8.161452e-03 2.254585e-02 0.000000e+00 1.148995e-01 0.000000e+00 0.000000e+00 -7.767856e-02 -1.476892e+00 3.130635e+00 8.423262e-04 1.500280e-03 0.000000e+00 6.461458e-03 0.000000e+00 0.000000e+00 -3.679779e-02 -6.886584e-02 5.540295e-02 -3.253272e-02 
8.245381e-03 2.269488e-02 0.000000e+00 1.155405e-01 0.000000e+00 0.000000e+00 -8.134344e-02 -1.483750e+00 3.136153e+00 8.361211e-04 1.480188e-03 0.000000e+00 6.358021e-03 0.000000e+00 0.000000e+00 -3.649853e-02 -6.830579e-02 5.495239e-02 -3.192864e-02 
8.328678e-03 2.284189e-02 0.000000e+00 1.161711e-01 0.000000e+00 0.000000e+00 -8.497804e-02 -1.490552e+00 3.141625e+00 8.296825e-04 1.459968e-03 0.000000e+00 6.254577e-03 0.000000e+00 0.000000e+00 -3.619252e-02 -6.773310e-02 5.449166e-02 -3.131993e-02 
8.411320e-03 2.298687e-02 0.000000e+00 1.167914e-01 0.000000e+00 0.000000e+00 -8.858172e-02 -1.497297e+00 3.147051e+00 8.230164e-04 1.439632e-03 0.000000e+00 6.151185e-03 0.000000e+00 0.000000e+00 -3.587989e-02 -6.714803e-02 5.402097e-02 -3.070718e-02 
8.493282e-03 2.312981e-02 0.000000e+00 1.174013e-01 0.000000e+00 0.000000e+00 -9.215381e-02 -1.503982e+00 3.152429e+00 8.161290e-04 1.419195e-03 0.000000e+00 6.047904e-03 0.000000e+00 0.000000e+00 -3.556079e-02 -6.655084e-02 5.354052e-02 -3.009104e-02 
8.574543e-03 2.327070e-02 0.000000e+00 1.180010e-01 0.000000e+00 0.000000e+00 -9.569367e-02 -1.510606e+00 3.157759e+00 8.090266e-04 1.398670e-03 0.000000e+00 5.944790e-03 0.000000e+00 0.000000e+00 -3.523535e-02 -6.594179e-02 5.305053e-02 -2.947211e-02 
8.655081e-03 2.340954e-02 0.000000e+00 1.185903e-01 0.000000e+00 0.000000e+00 -9.920067e-02 -1.517170e+00 3.163039e+00 8.017141e-04 1.378066e-03 0.000000e+00 5.841893e-03 0.000000e+00 0.000000e+00 -3.490371e-02 -6.532114e-02 5.255122e-02 -2.885088e-02 
8.734878e-03 2.354631e-02 0.000000e+00 1.191693e-01 0.000000e+00 0.000000e+00 -1.026742e-01 -1.523670e+00 3.168269e+00 7.941975e-04 1.357397e-03 0.000000e+00 5.739262e-03 0.000000e+00 0.000000e+00 -3.456602e-02 -6.468916e-02 5.204279e-02 -2.822790e-02 
8.813914e-03 2.368101e-02 0.000000e+00 1.197381e-01 0.000000e+00 0.000000e+00 -1.061137e-01 -1.530107e+00 3.173447e+00 7.864838e-04 1.336673e-03 0.000000e+00 5.636946e-03 0.000000e+00 0.000000e+00 -3.422243e-02 -6.404614e-02 5.152548e-02 -2.760374e-02 
8.892168e-03 2.381363e-02 0.000000e+00 1.202966e-01 0.000000e+00 0.000000e+00 -1.095185e-01 -1.536479e+00 3.178573e+00 7.785796e-04 1.315906e-03 0.000000e+00 5.534993e-03 0.000000e+00 0.000000e+00 -3.387309e-02 -6.339236e-02 5.099951e-02 -2.697899e-02 
8.969623e-03 2.394418e-02 0.000000e+00 1.208450e-01 0.000000e+00 0.000000e+00 -1.128881e-01 -1.542785e+00 3.183647e+00 7.704919e-04 1.295109e-03 0.000000e+00 5.433449e-03 0.000000e+00 0.000000e+00 -3.351815e-02 -6.272810e-02 5.046511e-02 -2.635421e-02 
9.046260e-03 2.407264e-02 0.000000e+00 1.213833e-01 0.000000e+00 0.000000e+00 -1.162219e-01 -1.549024e+00 3.188666e+00 7.622276e-04 1.274291e-03 0.000000e+00 5.332360e-03 0.000000e+00 0.000000e+00 -3.315776e-02 -6.205366e-02 4.992251e-02 -2.572993e-02 
9.122062e-03 2.419903e-02 0.000000e+00 1.219115e-01 0.000000e+00 0.000000e+00 -1.195195e-01 -1.555196e+00 3.193631e+00 7.537934e-04 1.253464e-03 0.000000e+00 5.231768e-03 0.000000e+00 0.000000e+00 -3.279210e-02 -6.136932e-02 4.937196e-02 -2.510670e-02 
9.197012e-03 2.432333e-02 0.000000e+00 1.224297e-01 0.000000e+00 0.000000e+00 -1.227802e-01 -1.561298e+00 3.198540e+00 7.451962e-04 1.232638e-03 0.000000e+00 5.131714e-03 0.000000e+00 0.000000e+00 -3.242130e-02 -6.067540e-02 4.881369e-02 -2.448503e-02 
9.271095e-03 2.444556e-02 0.000000e+00 1.229379e-01 0.000000e+00 0.000000e+00 -1.260036e-01 -1.567330e+00 3.203393e+00 7.364427e-04 1.211824e-03 0.000000e+00 5.032240e-03 0.000000e+00 0.000000e+00 -3.204555e-02 -5.997219e-02 4.824796e-02 -2.386544e-02 
9.344295e-03 2.456571e-02 0.000000e+00 1.234362e-01 0.000000e+00 0.000000e+00 -1.291891e-01 -1.573292e+00 3.208190e+00 7.275399e-04 1.191032e-03 0.000000e+00 4.933384e-03 0.000000e+00 0.000000e+00 -3.166500e-02 -5.926000e-02 4.767500e-02 -2.324840e-02 
9.416598e-03 2.468378e-02 0.000000e+00 1.239246e-01 0.000000e+00 0.000000e+00 -1.323364e-01 -1.579182e+00 3.212928e+00 7.184945e-04 1.170271e-03 0.000000e+00 4.835182e-03 0.000000e+00 0.000000e+00 -3.127982e-02 -5.853915e-02 4.709507e-02 -2.263440e-02 
9.487990e-03 2.479978e-02 0.000000e+00 1.244033e-01 0.000000e+00 0.000000e+00 -1.354450e-01 -1.585000e+00 3.217608e+00 7.093133e-04 1.149550e-03 0.000000e+00 4.737669e-03 0.000000e+00 0.000000e+00 -3.089018e-02 -5.780995e-02 4.650843e-02 -2.202391e-02 
9.558457e-03 2.491370e-02 0.000000e+00 1.248723e-01 0.000000e+00 0.000000e+00 -1.385143e-01 -1.590744e+00 3.222230e+00 7.000031e-04 1.128880e-03 0.000000e+00 4.640880e-03 0.000000e+00 0.000000e+00 -3.049625e-02 -5.707272e-02 4.591532e-02 -2.141738e-02 
9.627987e-03 2.502557e-02 0.000000e+00 1.253316e-01 0.000000e+00 0.000000e+00 -1.415441e-01 -1.596414e+00 3.226791e+00 6.905707e-04 1.108268e-03 0.000000e+00 4.544847e-03 0.000000e+00 0.000000e+00 -3.009820e-02 -5.632779e-02 4.531602e-02 -2.081525e-02 
9.696567e-03 2.513537e-02 0.000000e+00 1.257814e-01 0.000000e+00 0.000000e+00 -1.445338e-01 -1.602009e+00 3.231293e+00 6.810229e-04 1.087724e-03 0.000000e+00 4.449600e-03 0.000000e+00 0.000000e+00 -2.969621e-02 -5.557548e-02 4.471078e-02 -2.021794e-02 
9.764188e-03 2.524313e-02 0.000000e+00 1.262216e-01 0.000000e+00 0.000000e+00 -1.474832e-01 -1.607529e+00 3.235733e+00 6.713665e-04 1.067255e-03 0.000000e+00 4.355169e-03 0.000000e+00 0.000000e+00 -2.929045e-02 -5.481612e-02 4.409987e-02 -1.962586e-02 
9.830838e-03 2.534884e-02 0.000000e+00 1.266525e-01 0.000000e+00 0.000000e+00 -1.503918e-01 -1.612972e+00 3.240113e+00 6.616082e-04 1.046870e-03 0.000000e+00 4.261580e-03 0.000000e+00 0.000000e+00 -2.888111e-02 -5.405004e-02 4.348356e-02 -1.903942e-02 
9.896507e-03 2.545251e-02 0.000000e+00 1.270740e-01 0.000000e+00 0.000000e+00 -1.532593e-01 -1.618339e+00 3.244430e+00 6.517549e-04 1.026576e-03 0.000000e+00 4.168859e-03 0.000000e+00 0.000000e+00 -2.846836e-02 -5.327759e-02 4.286211e-02 -1.845899e-02 
9.961186e-03 2.555416e-02 0.000000e+00 1.274863e-01 0.000000e+00 0.000000e+00 -1.560854e-01 -1.623627e+00 3.248685e+00 6.418132e-04 1.006382e-03 0.000000e+00 4.077032e-03 0.000000e+00 0.000000e+00 -2.805237e-02 -5.249909e-02 4.223581e-02 -1.788496e-02 
1.002487e-02 2.565380e-02 0.000000e+00 1.278895e-01 0.000000e+00 0.000000e+00 -1.588697e-01 -1.628838e+00 3.252877e+00 6.317901e-04 9.862935e-04 0.000000e+00 3.986121e-03 0.000000e+00 0.000000e+00 -2.763335e-02 -5.171490e-02 4.160492e-02 -1.731767e-02 
1.008754e-02 2.575142e-02 0.000000e+00 1.282835e-01 0.000000e+00 0.000000e+00 -1.616119e-01 -1.633970e+00 3.257006e+00 6.216921e-04 9.663182e-04 0.000000e+00 3.896146e-03 0.000000e+00 0.000000e+00 -2.721146e-02 -5.092535e-02 4.096973e-02 -1.675747e-02 
1.014920e-02 2.584706e-02 0.000000e+00 1.286687e-01 0.000000e+00 0.000000e+00 -1.643119e-01 -1.639023e+00 3.261071e+00 6.115260e-04 9.464625e-04 0.000000e+00 3.807127e-03 0.000000e+00 0.000000e+00 -2.678690e-02 -5.013079e-02 4.033050e-02 -1.620470e-02 
1.020985e-02 2.594071e-02 0.000000e+00 1.290449e-01 0.000000e+00 0.000000e+00 -1.669692e-01 -1.643996e+00 3.265072e+00 6.012987e-04 9.267329e-04 0.000000e+00 3.719083e-03 0.000000e+00 0.000000e+00 -2.635984e-02 -4.933158e-02 3.968753e-02 -1.565966e-02 
1.026946e-02 2.603240e-02 0.000000e+00 1.294125e-01 0.000000e+00 0.000000e+00 -1.695838e-01 -1.648889e+00 3.269008e+00 5.910168e-04 9.071354e-04 0.000000e+00 3.632030e-03 0.000000e+00 0.000000e+00 -2.593049e-02 -4.852805e-02 3.904109e-02 -1.512267e-02 
1.032805e-02 2.612213e-02 0.000000e+00 1.297713e-01 0.000000e+00 0.000000e+00 -1.721553e-01 -1.653702e+00 3.272880e+00 5.806871e-04 8.876758e-04 0.000000e+00 3.545983e-03 0.000000e+00 0.000000e+00 -2.549902e-02 -4.772056e-02 3.839146e-02 -1.459402e-02 
1.038560e-02 2.620993e-02 0.000000e+00 1.301216e-01 0.000000e+00 0.000000e+00 -1.746835e-01 -1.658433e+00 3.276686e+00 5.703162e-04 8.683597e-04 0.000000e+00 3.460955e-03 0.000000e+00 0.000000e+00 -2.506562e-02 -4.690948e-02 3.773894e-02 -1.407398e-02 
1.044211e-02 2.629580e-02 0.000000e+00 1.304635e-01 0.000000e+00 0.000000e+00 -1.771683e-01 -1.663084e+00 3.280427e+00 5.599110e-04 8.491923e-04 0.000000e+00 3.376958e-03 0.000000e+00 0.000000e+00 -2.463049e-02 -4.609514e-02 3.708380e-02 -1.356281e-02 
1.049758e-02 2.637977e-02 0.000000e+00 1.307970e-01 0.000000e+00 0.000000e+00 -1.796096e-01 -1.667652e+00 3.284103e+00 5.494771e-04 8.301798e-04 0.000000e+00 3.294011e-03 0.000000e+00 0.000000e+00 -2.419381e-02 -4.527792e-02 3.642634e-02 -1.306076e-02 
1.055200e-02 2.646184e-02 0.000000e+00 1.311223e-01 0.000000e+00 0.000000e+00 -1.820070e-01 -1.672139e+00 3.287713e+00 5.390204e-04 8.113269e-04 0.000000e+00 3.212124e-03 0.000000e+00 0.000000e+00 -2.375578e-02 -4.445816e-02 3.576684e-02 -1.256804e-02 
1.060538e-02 2.654203e-02 0.000000e+00 1.314395e-01 0.000000e+00 0.000000e+00 -1.843607e-01 -1.676544e+00 3.291256e+00 5.285470e-04 7.926375e-04 0.000000e+00 3.131305e-03 0.000000e+00 0.000000e+00 -2.331660e-02 -4.363624e-02 3.510560e-02 -1.208483e-02 
1.065770e-02 2.662036e-02 0.000000e+00 1.317486e-01 0.000000e+00 0.000000e+00 -1.866703e-01 -1.680866e+00 3.294734e+00 5.180628e-04 7.741156e-04 0.000000e+00 3.051557e-03 0.000000e+00 0.000000e+00 -2.287644e-02 -4.281250e-02 3.444289e-02 -1.161130e-02 
1.070898e-02 2.669685e-02 0.000000e+00 1.320498e-01 0.000000e+00 0.000000e+00 -1.889359e-01 -1.685106e+00 3.298145e+00 5.075737e-04 7.557649e-04 0.000000e+00 2.972886e-03 0.000000e+00 0.000000e+00 -2.243551e-02 -4.198731e-02 3.377903e-02 -1.114760e-02 
1.075921e-02 2.677151e-02 0.000000e+00 1.323432e-01 0.000000e+00 0.000000e+00 -1.911574e-01 -1.689264e+00 3.301489e+00 4.970855e-04 7.375891e-04 0.000000e+00 2.895297e-03 0.000000e+00 0.000000e+00 -2.199400e-02 -4.116103e-02 3.311428e-02 -1.069389e-02 
1.080840e-02 2.684437e-02 0.000000e+00 1.326289e-01 0.000000e+00 0.000000e+00 -1.933347e-01 -1.693338e+00 3.304768e+00 4.866037e-04 7.195914e-04 0.000000e+00 2.818792e-03 0.000000e+00 0.000000e+00 -2.155209e-02 -4.033403e-02 3.244895e-02 -1.025029e-02 
1.085653e-02 2.691544e-02 0.000000e+00 1.329070e-01 0.000000e+00 0.000000e+00 -1.954678e-01 -1.697330e+00 3.307979e+00 4.761340e-04 7.017754e-04 0.000000e+00 2.743376e-03 0.000000e+00 0.000000e+00 -2.111000e-02 -3.950667e-02 3.178333e-02 -9.816914e-03 
1.090362e-02 2.698473e-02 0.000000e+00 1.331776e-01 0.000000e+00 0.000000e+00 -1.975567e-01 -1.701240e+00 3.311124e+00 4.656817e-04 6.841442e-04 0.000000e+00 2.669051e-03 0.000000e+00 0.000000e+00 -2.066791e-02 -3.867930e-02 3.111771e-02 -9.393875e-03 
1.094967e-02 2.705227e-02 0.000000e+00 1.334408e-01 0.000000e+00 0.000000e+00 -1.996014e-01 -1.705066e+00 3.314203e+00 4.552521e-04 6.667008e-04 0.000000e+00 2.595820e-03 0.000000e+00 0.000000e+00 -2.022600e-02 -3.785230e-02 3.045239e-02 -8.981258e-03 
1.099468e-02 2.711808e-02 0.000000e+00 1.336968e-01 0.000000e+00 0.000000e+00 -2.016019e-01 -1.708810e+00 3.317215e+00 4.448506e-04 6.494482e-04 0.000000e+00 2.523683e-03 0.000000e+00 0.000000e+00 -1.978449e-02 -3.702602e-02 2.978764e-02 -8.579140e-03 
1.103865e-02 2.718218e-02 0.000000e+00 1.339456e-01 0.000000e+00 0.000000e+00 -2.035583e-01 -1.712472e+00 3.320160e+00 4.344821e-04 6.323892e-04 0.000000e+00 2.452642e-03 0.000000e+00 0.000000e+00 -1.934356e-02 -3.620083e-02 2.912377e-02 -8.187585e-03 
1.108158e-02 2.724458e-02 0.000000e+00 1.341874e-01 0.000000e+00 0.000000e+00 -2.054707e-01 -1.716050e+00 3.323040e+00 4.241518e-04 6.155264e-04 0.000000e+00 2.382698e-03 0.000000e+00 0.000000e+00 -1.890340e-02 -3.537710e-02 2.846107e-02 -7.806641e-03 
1.112349e-02 2.730530e-02 0.000000e+00 1.344223e-01 0.000000e+00 0.000000e+00 -2.073390e-01 -1.719547e+00 3.325853e+00 4.138645e-04 5.988624e-04 0.000000e+00 2.313850e-03 0.000000e+00 0.000000e+00 -1.846422e-02 -3.455517e-02 2.779983e-02 -7.436345e-03 
1.116437e-02 2.736437e-02 0.000000e+00 1.346503e-01 0.000000e+00 0.000000e+00 -2.091636e-01 -1.722962e+00 3.328600e+00 4.036251e-04 5.823995e-04 0.000000e+00 2.246097e-03 0.000000e+00 0.000000e+00 -1.802619e-02 -3.373541e-02 2.714033e-02 -7.076718e-03 
1.120422e-02 2.742180e-02 0.000000e+00 1.348716e-01 0.000000e+00 0.000000e+00 -2.109443e-01 -1.726294e+00 3.331281e+00 3.934382e-04 5.661400e-04 0.000000e+00 2.179439e-03 0.000000e+00 0.000000e+00 -1.758951e-02 -3.291819e-02 2.648287e-02 -6.727771e-03 
1.124306e-02 2.747761e-02 0.000000e+00 1.350862e-01 0.000000e+00 0.000000e+00 -2.126815e-01 -1.729545e+00 3.333896e+00 3.833084e-04 5.500860e-04 0.000000e+00 2.113874e-03 0.000000e+00 0.000000e+00 -1.715438e-02 -3.210386e-02 2.582773e-02 -6.389499e-03 
1.128089e-02 2.753183e-02 0.000000e+00 1.352944e-01 0.000000e+00 0.000000e+00 -2.143753e-01 -1.732715e+00 3.336446e+00 3.732403e-04 5.342395e-04 0.000000e+00 2.049400e-03 0.000000e+00 0.000000e+00 -1.672098e-02 -3.129277e-02 2.517521e-02 -6.061882e-03 
1.131772e-02 2.758448e-02 0.000000e+00 1.354962e-01 0.000000e+00 0.000000e+00 -2.160258e-01 -1.735804e+00 3.338931e+00 3.632382e-04 5.186024e-04 0.000000e+00 1.986013e-03 0.000000e+00 0.000000e+00 -1.628951e-02 -3.048528e-02 2.452558e-02 -5.744891e-03 
1.135355e-02 2.763557e-02 0.000000e+00 1.356917e-01 0.000000e+00 0.000000e+00 -2.176332e-01 -1.738812e+00 3.341352e+00 3.533065e-04 5.031763e-04 0.000000e+00 1.923711e-03 0.000000e+00 0.000000e+00 -1.586016e-02 -2.968176e-02 2.387914e-02 -5.438479e-03 
1.138839e-02 2.768512e-02 0.000000e+00 1.358810e-01 0.000000e+00 0.000000e+00 -2.191979e-01 -1.741740e+00 3.343707e+00 3.434492e-04 4.879628e-04 0.000000e+00 1.862489e-03 0.000000e+00 0.000000e+00 -1.543310e-02 -2.888254e-02 2.323617e-02 -5.142588e-03 
1.142224e-02 2.773317e-02 0.000000e+00 1.360642e-01 0.000000e+00 0.000000e+00 -2.207199e-01 -1.744589e+00 3.345999e+00 3.336706e-04 4.729634e-04 0.000000e+00 1.802343e-03 0.000000e+00 0.000000e+00 -1.500854e-02 -2.808798e-02 2.259694e-02 -4.857146e-03 
1.145512e-02 2.777972e-02 0.000000e+00 1.362415e-01 0.000000e+00 0.000000e+00 -2.221997e-01 -1.747358e+00 3.348227e+00 3.239745e-04 4.581793e-04 0.000000e+00 1.743267e-03 0.000000e+00 0.000000e+00 -1.458665e-02 -2.729844e-02 2.196174e-02 -4.582068e-03 
1.148704e-02 2.782480e-02 0.000000e+00 1.364129e-01 0.000000e+00 0.000000e+00 -2.236374e-01 -1.750049e+00 3.350391e+00 3.143648e-04 4.436118e-04 0.000000e+00 1.685257e-03 0.000000e+00 0.000000e+00 -1.416763e-02 -2.651424e-02 2.133086e-02 -4.317254e-03 
1.151799e-02 2.786844e-02 0.000000e+00 1.365785e-01 0.000000e+00 0.000000e+00 -2.250333e-01 -1.752661e+00 3.352493e+00 3.048454e-04 4.292618e-04 0.000000e+00 1.628306e-03 0.000000e+00 0.000000e+00 -1.375164e-02 -2.573575e-02 2.070455e-02 -4.062592e-03 
1.154800e-02 2.791066e-02 0.000000e+00 1.367385e-01 0.000000e+00 0.000000e+00 -2.263878e-01 -1.755196e+00 3.354533e+00 2.954198e-04 4.151304e-04 0.000000e+00 1.572407e-03 0.000000e+00 0.000000e+00 -1.333889e-02 -2.496329e-02 2.008311e-02 -3.817955e-03 
1.157707e-02 2.795147e-02 0.000000e+00 1.368930e-01 0.000000e+00 0.000000e+00 -2.277012e-01 -1.757654e+00 3.356510e+00 2.860917e-04 4.012181e-04 0.000000e+00 1.517553e-03 0.000000e+00 0.000000e+00 -1.292955e-02 -2.419722e-02 1.946680e-02 -3.583204e-03 
1.160522e-02 2.799090e-02 0.000000e+00 1.370420e-01 0.000000e+00 0.000000e+00 -2.289738e-01 -1.760036e+00 3.358426e+00 2.768644e-04 3.875257e-04 0.000000e+00 1.463736e-03 0.000000e+00 0.000000e+00 -1.252379e-02 -2.343786e-02 1.885589e-02 -3.358185e-03 
1.163244e-02 2.802897e-02 0.000000e+00 1.371857e-01 0.000000e+00 0.000000e+00 -2.302061e-01 -1.762342e+00 3.360281e+00 2.677413e-04 3.740537e-04 0.000000e+00 1.410948e-03 0.000000e+00 0.000000e+00 -1.212180e-02 -2.268555e-02 1.825065e-02 -3.142733e-03 
1.165877e-02 2.806571e-02 0.000000e+00 1.373242e-01 0.000000e+00 0.000000e+00 -2.313983e-01 -1.764573e+00 3.362076e+00 2.587258e-04 3.608025e-04 0.000000e+00 1.359180e-03 0.000000e+00 0.000000e+00 -1.172375e-02 -2.194061e-02 1.765135e-02 -2.936673e-03 
1.168419e-02 2.810114e-02 0.000000e+00 1.374576e-01 0.000000e+00 0.000000e+00 -2.325510e-01 -1.766730e+00 3.363812e+00 2.498214e-04 3.477739e-04 0.000000e+00 1.308432e-03 0.000000e+00 0.000000e+00 -1.132982e-02 -2.120338e-02 1.705824e-02 -2.739913e-03 
1.170873e-02 2.813527e-02 0.000000e+00 1.375860e-01 0.000000e+00 0.000000e+00 -2.336644e-01 -1.768814e+00 3.365488e+00 2.410312e-04 3.349692e-04 0.000000e+00 1.258700e-03 0.000000e+00 0.000000e+00 -1.094018e-02 -2.047418e-02 1.647160e-02 -2.552288e-03 
1.173240e-02 2.816814e-02 0.000000e+00 1.377094e-01 0.000000e+00 0.000000e+00 -2.347391e-01 -1.770825e+00 3.367106e+00 2.323583e-04 3.223890e-04 0.000000e+00 1.209977e-03 0.000000e+00 0.000000e+00 -1.055500e-02 -1.975333e-02 1.589167e-02 -2.373593e-03 
1.175521e-02 2.819976e-02 0.000000e+00 1.378280e-01 0.000000e+00 0.000000e+00 -2.357756e-01 -1.772765e+00 3.368667e+00 2.238058e-04 3.100339e-04 0.000000e+00 1.162257e-03 0.000000e+00 0.000000e+00 -1.017445e-02 -1.904115e-02 1.531871e-02 -2.203621e-03 
1.177716e-02 2.823016e-02 0.000000e+00 1.379419e-01 0.000000e+00 0.000000e+00 -2.367742e-01 -1.774634e+00 3.370170e+00 2.153764e-04 2.979049e-04 0.000000e+00 1.115534e-03 0.000000e+00 0.000000e+00 -9.798696e-03 -1.833794e-02 1.475297e-02 -2.042164e-03 
1.179828e-02 2.825935e-02 0.000000e+00 1.380512e-01 0.000000e+00 0.000000e+00 -2.377355e-01 -1.776433e+00 3.371618e+00 2.070733e-04 2.860025e-04 0.000000e+00 1.069803e-03 0.000000e+00 0.000000e+00 -9.427904e-03 -1.764401e-02 1.419471e-02 -1.889011e-03 
1.181858e-02 2.828736e-02 0.000000e+00 1.381559e-01 0.000000e+00 0.000000e+00 -2.386599e-01 -1.778163e+00 3.373010e+00 1.988991e-04 2.743277e-04 0.000000e+00 1.025058e-03 0.000000e+00 0.000000e+00 -9.062237e-03 -1.695968e-02 1.364415e-02 -1.743949e-03 
1.183807e-02 2.831422e-02 0.000000e+00 1.382562e-01 0.000000e+00 0.000000e+00 -2.395481e-01 -1.779825e+00 3.374347e+00 1.908566e-04 2.628810e-04 0.000000e+00 9.812933e-04 0.000000e+00 0.000000e+00 -8.701853e-03 -1.628523e-02 1.310156e-02 -1.606764e-03 
1.185676e-02 2.833995e-02 0.000000e+00 1.383522e-01 0.000000e+00 0.000000e+00 -2.404005e-01 -1.781420e+00 3.375630e+00 1.829485e-04 2.516635e-04 0.000000e+00 9.385053e-04 0.000000e+00 0.000000e+00 -8.346913e-03 -1.562097e-02 1.256716e-02 -1.477238e-03 
1.187466e-02 2.836456e-02 0.000000e+00 1.384439e-01 0.000000e+00 0.000000e+00 -2.412177e-01 -1.782950e+00 3.376860e+00 1.751776e-04 2.406758e-04 0.000000e+00 8.966890e-04 0.000000e+00 0.000000e+00 -7.997570e-03 -1.496719e-02 1.204119e-02 -1.355152e-03 
1.189180e-02 2.838809e-02 0.000000e+00 1.385315e-01 0.000000e+00 0.000000e+00 -2.420002e-01 -1.784414e+00 3.378039e+00 1.675464e-04 2.299189e-04 0.000000e+00 8.558402e-04 0.000000e+00 0.000000e+00 -7.653980e-03 -1.432417e-02 1.152387e-02 -1.240286e-03 
1.190818e-02 2.841055e-02 0.000000e+00 1.386151e-01 0.000000e+00 0.000000e+00 -2.427487e-01 -1.785815e+00 3.379166e+00 1.600574e-04 2.193935e-04 0.000000e+00 8.159551e-04 0.000000e+00 0.000000e+00 -7.316291e-03 -1.369220e-02 1.101545e-02 -1.132415e-03 
1.192382e-02 2.843198e-02 0.000000e+00 1.386948e-01 0.000000e+00 0.000000e+00 -2.434637e-01 -1.787153e+00 3.380242e+00 1.527133e-04 2.091006e-04 0.000000e+00 7.770301e-04 0.000000e+00 0.000000e+00 -6.984653e-03 -1.307155e-02 1.051613e-02 -1.031316e-03 
1.193873e-02 2.845238e-02 0.000000e+00 1.387705e-01 0.000000e+00 0.000000e+00 -2.441458e-01 -1.788430e+00 3.381269e+00 1.455164e-04 1.990411e-04 0.000000e+00 7.390617e-04 0.000000e+00 0.000000e+00 -6.659211e-03 -1.246249e-02 1.002614e-02 -9.367595e-04 
1.195293e-02 2.847179e-02 0.000000e+00 1.388426e-01 0.000000e+00 0.000000e+00 -2.447957e-01 -1.789646e+00 3.382248e+00 1.384691e-04 1.892158e-04 0.000000e+00 7.020471e-04 0.000000e+00 0.000000e+00 -6.340107e-03 -1.186530e-02 9.545700e-03 -8.485174e-04 
1.196643e-02 2.849023e-02 0.000000e+00 1.389110e-01 0.000000e+00 0.000000e+00 -2.454140e-01 -1.790803e+00 3.383179e+00 1.315738e-04 1.796258e-04 0.000000e+00 6.659834e-04 0.000000e+00 0.000000e+00 -6.027482e-03 -1.128023e-02 9.075010e-03 -7.663578e-04 
1.197925e-02 2.850772e-02 0.000000e+00 1.389758e-01 0.000000e+00 0.000000e+00 -2.460014e-01 -1.791902e+00 3.384063e+00 1.248328e-04 1.702719e-04 0.000000e+00 6.308681e-04 0.000000e+00 0.000000e+00 -5.721472e-03 -1.070755e-02 8.614280e-03 -6.900472e-04 
1.199141e-02 2.852429e-02 0.000000e+00 1.390372e-01 0.000000e+00 0.000000e+00 -2.465586e-01 -1.792945e+00 3.384902e+00 1.182483e-04 1.611551e-04 0.000000e+00 5.966992e-04 0.000000e+00 0.000000e+00 -5.422213e-03 -1.014749e-02 8.163714e-03 -6.193500e-04 
1.200291e-02 2.853996e-02 0.000000e+00 1.390952e-01 0.000000e+00 0.000000e+00 -2.470861e-01 -1.793932e+00 3.385696e+00 1.118225e-04 1.522765e-04 0.000000e+00 5.634747e-04 0.000000e+00 0.000000e+00 -5.129834e-03 -9.600315e-03 7.723507e-03 -5.540284e-04 
1.201378e-02 2.855476e-02 0.000000e+00 1.391499e-01 0.000000e+00 0.000000e+00 -2.475848e-01 -1.794866e+00 3.386447e+00 1.055575e-04 1.436370e-04 0.000000e+00 5.311930e-04 0.000000e+00 0.000000e+00 -4.844465e-03 -9.066257e-03 7.293854e-03 -4.938426e-04 
1.202402e-02 2.856870e-02 0.000000e+00 1.392014e-01 0.000000e+00 0.000000e+00 -2.480552e-01 -1.795746e+00 3.387155e+00 9.945539e-05 1.352376e-04 0.000000e+00 4.998529e-04 0.000000e+00 0.000000e+00 -4.566231e-03 -8.545550e-03 6.874943e-03 -4.385508e-04 
1.203367e-02 2.858181e-02 0.000000e+00 1.392499e-01 0.000000e+00 0.000000e+00 -2.484983e-01 -1.796575e+00 3.387822e+00 9.351820e-05 1.270794e-04 0.000000e+00 4.694532e-04 0.000000e+00 0.000000e+00 -4.295253e-03 -8.038425e-03 6.466957e-03 -3.879090e-04 
1.204273e-02 2.859412e-02 0.000000e+00 1.392954e-01 0.000000e+00 0.000000e+00 -2.489145e-01 -1.797354e+00 3.388449e+00 8.774789e-05 1.191635e-04 0.000000e+00 4.399935e-04 0.000000e+00 0.000000e+00 -4.031651e-03 -7.545102e-03 6.070077e-03 -3.416713e-04 
1.205122e-02 2.860565e-02 0.000000e+00 1.393379e-01 0.000000e+00 0.000000e+00 -2.493048e-01 -1.798085e+00 3.389037e+00 8.214638e-05 1.114910e-04 0.000000e+00 4.114730e-04 0.000000e+00 0.000000e+00 -3.775540e-03 -7.065799e-03 5.684474e-03 -2.995894e-04 
1.205916e-02 2.861643e-02 0.000000e+00 1.393777e-01 0.000000e+00 0.000000e+00 -2.496699e-01 -1.798768e+00 3.389586e+00 7.671553e-05 1.040628e-04 0.000000e+00 3.838918e-04 0.000000e+00 0.000000e+00 -3.527033e-03 -6.600725e-03 5.310320e-03 -2.614133e-04 
1.206657e-02 2.862647e-02 0.000000e+00 1.394148e-01 0.000000e+00 0.000000e+00 -2.500105e-01 -1.799405e+00 3.390099e+00 7.145715e-05 9.688022e-05 0.000000e+00 3.572500e-04 0.000000e+00 0.000000e+00 -3.286237e-03 -6.150085e-03 4.947777e-03 -2.268906e-04 
1.207346e-02 2.863581e-02 0.000000e+00 1.394492e-01 0.000000e+00 0.000000e+00 -2.503274e-01 -1.799998e+00 3.390576e+00 6.637299e-05 8.994419e-05 0.000000e+00 3.315475e-04 0.000000e+00 0.000000e+00 -3.053260e-03 -5.714076e-03 4.597006e-03 -1.958076e-04 
1.207985e-02 2.864447e-02 0.000000e+00 1.394811e-01 0.000000e+00 0.000000e+00 -2.506214e-01 -1.800549e+00 3.391019e+00 6.146481e-05 8.325583e-05 0.000000e+00 3.067847e-04 0.000000e+00 0.000000e+00 -2.828204e-03 -5.292890e-03 4.258159e-03 -1.679860e-04 
1.208576e-02 2.865247e-02 0.000000e+00 1.395106e-01 0.000000e+00 0.000000e+00 -2.508933e-01 -1.801057e+00 3.391428e+00 5.673437e-05 7.681651e-05 0.000000e+00 2.829638e-04 0.000000e+00 0.000000e+00 -2.611166e-03 -4.886711e-03 3.931386e-03 -1.431954e-04 
1.209120e-02 2.865984e-02 0.000000e+00 1.395377e-01 0.000000e+00 0.000000e+00 -2.511439e-01 -1.801526e+00 3.391805e+00 5.218336e-05 7.062756e-05 0.000000e+00 2.600869e-04 0.000000e+00 0.000000e+00 -2.402242e-03 -4.495717e-03 3.616830e-03 -1.212126e-04 
1.209620e-02 2.866661e-02 0.000000e+00 1.395626e-01 0.000000e+00 0.000000e+00 -2.513740e-01 -1.801957e+00 3.392152e+00 4.781343e-05 6.469031e-05 0.000000e+00 2.381563e-04 0.000000e+00 0.000000e+00 -2.201525e-03 -4.120081e-03 3.314628e-03 -1.018226e-04 
1.210077e-02 2.867279e-02 0.000000e+00 1.395854e-01 0.000000e+00 0.000000e+00 -2.515845e-01 -1.802351e+00 3.392469e+00 4.362612e-05 5.900603e-05 0.000000e+00 2.171742e-04 0.000000e+00 0.000000e+00 -2.009101e-03 -3.759966e-03 3.024914e-03 -8.481854e-05 
1.210493e-02 2.867841e-02 0.000000e+00 1.396061e-01 0.000000e+00 0.000000e+00 -2.517761e-01 -1.802710e+00 3.392757e+00 3.962296e-05 5.357597e-05 0.000000e+00 1.971429e-04 0.000000e+00 0.000000e+00 -1.825055e-03 -3.415531e-03 2.747814e-03 -7.000176e-05 
1.210870e-02 2.868351e-02 0.000000e+00 1.396249e-01 0.000000e+00 0.000000e+00 -2.519498e-01 -1.803035e+00 3.393019e+00 3.580538e-05 4.840134e-05 0.000000e+00 1.780647e-04 0.000000e+00 0.000000e+00 -1.649469e-03 -3.086926e-03 2.483449e-03 -5.718184e-05 
1.211210e-02 2.868810e-02 0.000000e+00 1.396417e-01 0.000000e+00 0.000000e+00 -2.521063e-01 -1.803327e+00 3.393254e+00 3.217477e-05 4.348334e-05 0.000000e+00 1.599420e-04 0.000000e+00 0.000000e+00 -1.482418e-03 -2.774297e-03 2.231937e-03 -4.617650e-05 
1.211514e-02 2.869222e-02 0.000000e+00 1.396569e-01 0.000000e+00 0.000000e+00 -2.522466e-01 -1.803590e+00 3.393466e+00 2.873245e-05 3.882312e-05 0.000000e+00 1.427771e-04 0.000000e+00 0.000000e+00 -1.323977e-03 -2.477780e-03 1.993387e-03 -3.681166e-05 
1.211785e-02 2.869588e-02 0.000000e+00 1.396703e-01 0.000000e+00 0.000000e+00 -2.523714e-01 -1.803824e+00 3.393654e+00 2.547969e-05 3.442180e-05 0.000000e+00 1.265727e-04 0.000000e+00 0.000000e+00 -1.174215e-03 -2.197504e-03 1.767904e-03 -2.892144e-05 
1.212025e-02 2.869911e-02 0.000000e+00 1.396822e-01 0.000000e+00 0.000000e+00 -2.524817e-01 -1.804030e+00 3.393820e+00 2.241767e-05 3.028047e-05 0.000000e+00 1.113309e-04 0.000000e+00 0.000000e+00 -1.033197e-03 -1.933594e-03 1.555587e-03 -2.234814e-05 
1.212235e-02 2.870194e-02 0.000000e+00 1.396926e-01 0.000000e+00 0.000000e+00 -2.525783e-01 -1.804211e+00 3.393965e+00 1.954754e-05 2.640020e-05 0.000000e+00 9.705455e-05 0.000000e+00 0.000000e+00 -9.009854e-04 -1.686164e-03 1.356529e-03 -1.694225e-05 
1.212417e-02 2.870440e-02 0.000000e+00 1.397017e-01 0.000000e+00 0.000000e+00 -2.526622e-01 -1.804368e+00 3.394091e+00 1.687036e-05 2.278202e-05 0.000000e+00 8.374600e-05 0.000000e+00 0.000000e+00 -7.776382e-04 -1.455324e-03 1.170816e-03 -1.256245e-05 
1.212573e-02 2.870651e-02 0.000000e+00 1.397094e-01 0.000000e+00 0.000000e+00 -2.527342e-01 -1.804502e+00 3.394200e+00 1.438715e-05 1.942691e-05 0.000000e+00 7.140790e-05 0.000000e+00 0.000000e+00 -6.632095e-04 -1.241175e-03 9.985319e-04 -9.075606e-06 
1.212705e-02 2.870830e-02 0.000000e+00 1.397160e-01 0.000000e+00 0.000000e+00 -2.527951e-01 -1.804617e+00 3.394292e+00 1.209887e-05 1.633586e-05 0.000000e+00 6.004286e-05 0.000000e+00 0.000000e+00 -5.577494e-04 -1.043809e-03 8.397505e-04 -6.356770e-06 
1.212815e-02 2.870979e-02 0.000000e+00 1.397214e-01 0.000000e+00 0.000000e+00 -2.528460e-01 -1.804712e+00 3.394368e+00 1.000638e-05 1.350978e-05 0.000000e+00 4.965354e-05 0.000000e+00 0.000000e+00 -4.613041e-04 -8.633155e-04 6.945421e-04 -4.289190e-06 
1.212906e-02 2.871101e-02 0.000000e+00 1.397259e-01 0.000000e+00 0.000000e+00 -2.528877e-01 -1.804790e+00 3.394431e+00 8.110532e-06 1.094960e-05 0.000000e+00 4.024266e-05 0.000000e+00 0.000000e+00 -3.739161e-04 -6.997717e-04 5.629702e-04 -2.764297e-06 
1.212978e-02 2.871198e-02 0.000000e+00 1.397295e-01 0.000000e+00 0.000000e+00 -2.529211e-01 -1.804852e+00 3.394481e+00 6.412078e-06 8.656178e-06 0.000000e+00 3.181293e-05 0.000000e+00 0.000000e+00 -2.956237e-04 -5.532499e-04 4.450926e-04 -1.681715e-06 
1.213035e-02 2.871275e-02 0.000000e+00 1.397323e-01 0.000000e+00 0.000000e+00 -2.529471e-01 -1.804901e+00 3.394520e+00 4.911720e-06 6.630357e-06 0.000000e+00 2.436715e-05 0.000000e+00 0.000000e+00 -2.264611e-04 -4.238144e-04 3.409610e-04 -9.492525e-07 
1.213077e-02 2.871332e-02 0.000000e+00 1.397344e-01 0.000000e+00 0.000000e+00 -2.529667e-01 -1.804938e+00 3.394550e+00 3.610101e-06 4.872948e-06 0.000000e+00 1.790811e-05 0.000000e+00 0.000000e+00 -1.664587e-04 -3.115219e-04 2.506211e-04 -4.829095e-07 
1.213107e-02 2.871373e-02 0.000000e+00 1.397359e-01 0.000000e+00 0.000000e+00 -2.529807e-01 -1.804964e+00 3.394571e+00 2.507797e-06 3.384728e-06 0.000000e+00 1.243866e-05 0.000000e+00 0.000000e+00 -1.156428e-04 -2.164217e-04 1.741124e-04 -2.068733e-07 
1.213128e-02 2.871400e-02 0.000000e+00 1.397370e-01 0.000000e+00 0.000000e+00 -2.529901e-01 -1.804982e+00 3.394585e+00 1.605324e-06 2.166446e-06 0.000000e+00 7.961706e-06 0.000000e+00 0.000000e+00 -7.403574e-05 -1.385554e-04 1.114686e-04 -5.352031e-08 
1.213140e-02 2.871417e-02 0.000000e+00 1.397376e-01 0.000000e+00 0.000000e+00 -2.529958e-01 -1.804992e+00 3.394594e+00 9.030608e-07 1.218570e-06 0.000000e+00 4.478841e-06 0.000000e+00 0.000000e+00 -4.165576e-05 -7.795738e-05 6.271715e-05 2.487801e-08 
1.213146e-02 2.871426e-02 0.000000e+00 1.397379e-01 0.000000e+00 0.000000e+00 -2.529988e-01 -1.804998e+00 3.394598e+00 4.012295e-07 5.412391e-07 0.000000e+00 1.990096e-06 0.000000e+00 0.000000e+00 -1.851706e-05 -3.465406e-05 2.787938e-05 5.406165e-08 
1.213149e-02 2.871429e-02 0.000000e+00 1.397380e-01 0.000000e+00 0.000000e+00 -2.529998e-01 -1.805000e+00 3.394600e+00 1.000440e-07 1.347265e-07 0.000000e+00 4.964410e-07 0.000000e+00 0.000000e+00 -4.629772e-06 -8.664465e-06 6.970610e-06 6.080225e-08 
1.213149e-02 2.871429e-02 0.000000e+00 1.397380e-01 0.000000e+00 0.000000e+00 -2.530000e-01 -1.805000e+00 3.394600e+00 -3.658309e-10 -7.975729e-10 0.000000e+00 -1.517201e-09 0.000000e+00 0.000000e+00 -0.000000e+00 -0.000000e+00 0.000000e+00 6.124934e-08 
