0.000000e+00 0.000000e+00 0.000000e+00 0.000000e+00 0.000000e+00 0.000000e+00 1.256637e+00 0.000000e+00 0.000000e+00 0.000000e+00 0.000000e+00 0.000000e+00 0.000000e+00 -0.000000e+00 0.000000e+00 
-3.527102e-06 9.648278e-07 0.000000e+00 1.855734e-05 0.000000e+00 0.000000e+00 1.256240e+00 -3.526680e-04 9.654210e-05 0.000000e+00 1.855820e-03 0.000000e+00 0.000000e+00 -3.968386e-02 -2.599847e-03 
-1.410335e-05 3.866424e-06 0.000000e+00 7.423957e-05 0.000000e+00 0.000000e+00 1.255050e+00 -7.048302e-04 1.937950e-04 0.000000e+00 3.712657e-03 0.000000e+00 0.000000e+00 -7.934265e-02 -1.039204e-02 
-3.171344e-05 8.725829e-06 0.000000e+00 1.670764e-04 0.000000e+00 0.000000e+00 1.253067e+00 -1.055978e-03 2.924642e-04 0.000000e+00 5.571516e-03 0.000000e+00 0.000000e+00 -1.189513e-01 -2.335470e-02 
-5.633149e-05 1.557727e-05 0.000000e+00 2.971152e-04 0.000000e+00 0.000000e+00 1.250292e+00 -1.405597e-03 3.932425e-04 0.000000e+00 7.433365e-03 0.000000e+00 0.000000e+00 -1.584849e-01 -4.145180e-02 
-8.792262e-05 2.447176e-05 0.000000e+00 4.644306e-04 0.000000e+00 0.000000e+00 1.246728e+00 -1.753175e-03 4.968318e-04 0.000000e+00 9.299197e-03 0.000000e+00 0.000000e+00 -1.979183e-01 -6.463122e-02 
-1.264412e-04 3.547327e-05 0.000000e+00 6.691144e-04 0.000000e+00 0.000000e+00 1.242376e+00 -2.098190e-03 6.039134e-04 0.000000e+00 1.116995e-02 0.000000e+00 0.000000e+00 -2.372267e-01 -9.282695e-02 
-1.718305e-04 4.865801e-05 0.000000e+00 9.112728e-04 0.000000e+00 0.000000e+00 1.237240e+00 -2.440107e-03 7.151433e-04 0.000000e+00 1.304648e-02 0.000000e+00 0.000000e+00 -2.763853e-01 -1.259595e-01 
-2.240228e-04 6.411439e-05 0.000000e+00 1.191027e-03 0.000000e+00 0.000000e+00 1.231322e+00 -2.778382e-03 8.311514e-04 0.000000e+00 1.492960e-02 0.000000e+00 0.000000e+00 -3.153694e-01 -1.639359e-01 
-2.829392e-04 8.194302e-05 0.000000e+00 1.508514e-03 0.000000e+00 0.000000e+00 1.224627e+00 -3.112457e-03 9.525421e-04 0.000000e+00 1.682002e-02 0.000000e+00 0.000000e+00 -3.541542e-01 -2.066497e-01 
-3.484897e-04 1.022568e-04 0.000000e+00 1.863884e-03 0.000000e+00 0.000000e+00 1.217157e+00 -3.441763e-03 1.079894e-03 0.000000e+00 1.871839e-02 0.000000e+00 0.000000e+00 -3.927153e-01 -2.539809e-01 
-4.205733e-04 1.251807e-04 0.000000e+00 2.257302e-03 0.000000e+00 0.000000e+00 1.208920e+00 -3.765721e-03 1.213760e-03 0.000000e+00 2.062529e-02 0.000000e+00 0.000000e+00 -4.310284e-01 -3.057961e-01 
-4.990779e-04 1.508518e-04 0.000000e+00 2.688949e-03 0.000000e+00 0.000000e+00 1.199918e+00 -4.083739e-03 1.354668e-03 0.000000e+00 2.254124e-02 0.000000e+00 0.000000e+00 -4.690693e-01 -3.619484e-01 
-5.838782e-04 1.794100e-04 0.000000e+00 3.158994e-03 0.000000e+00 0.000000e+00 1.190159e+00 -4.395218e-03 1.503082e-03 0.000000e+00 2.446657e-02 0.000000e+00 0.000000e+00 -5.068138e-01 -4.222838e-01 
-6.748373e-04 2.110131e-04 0.000000e+00 3.667635e-03 0.000000e+00 0.000000e+00 1.179648e+00 -4.699528e-03 1.659444e-03 0.000000e+00 2.640155e-02 0.000000e+00 0.000000e+00 -5.442383e-01 -4.866308e-01 
-7.718061e-04 2.458308e-04 0.000000e+00 4.215086e-03 0.000000e+00 0.000000e+00 1.168392e+00 -4.996020e-03 1.824160e-03 0.000000e+00 2.834635e-02 0.000000e+00 0.000000e+00 -5.813190e-01 -5.548049e-01 
-8.746220e-04 2.840360e-04 0.000000e+00 4.801551e-03 0.000000e+00 0.000000e+00 1.156397e+00 -5.284042e-03 1.997580e-03 0.000000e+00 3.030100e-02 0.000000e+00 0.000000e+00 -6.180325e-01 -6.266138e-01 
-9.831087e-04 3.258047e-04 0.000000e+00 5.427220e-03 0.000000e+00 0.000000e+00 1.143673e+00 -5.562931e-03 2.179993e-03 0.000000e+00 3.226534e-02 0.000000e+00 0.000000e+00 -6.543557e-01 -7.018571e-01 
-1.097076e-03 3.713163e-04 0.000000e+00 6.092279e-03 0.000000e+00 0.000000e+00 1.130226e+00 -5.832017e-03 2.371636e-03 0.000000e+00 3.423907e-02 0.000000e+00 0.000000e+00 -6.902656e-01 -7.803268e-01 
-1.216322e-03 4.207537e-04 0.000000e+00 6.796900e-03 0.000000e+00 0.000000e+00 1.116065e+00 -6.090625e-03 2.572686e-03 0.000000e+00 3.622174e-02 0.000000e+00 0.000000e+00 -7.257394e-01 -8.618068e-01 
-1.340629e-03 4.743027e-04 0.000000e+00 7.541247e-03 0.000000e+00 0.000000e+00 1.101199e+00 -6.338071e-03 2.783262e-03 0.000000e+00 3.821274e-02 0.000000e+00 0.000000e+00 -7.607549e-01 -9.460731e-01 
-1.469766e-03 5.321526e-04 0.000000e+00 8.325473e-03 0.000000e+00 0.000000e+00 1.085638e+00 -6.573663e-03 3.003427e-03 0.000000e+00 4.021129e-02 0.000000e+00 0.000000e+00 -7.952899e-01 -1.032894e+00 
-1.603490e-03 5.944961e-04 0.000000e+00 9.149721e-03 0.000000e+00 0.000000e+00 1.069391e+00 -6.796705e-03 3.233186e-03 0.000000e+00 4.221645e-02 0.000000e+00 0.000000e+00 -8.293225e-01 -1.122029e+00 
-1.741543e-03 6.615288e-04 0.000000e+00 1.001413e-02 0.000000e+00 0.000000e+00 1.052469e+00 -7.006489e-03 3.472489e-03 0.000000e+00 4.422715e-02 0.000000e+00 0.000000e+00 -8.628314e-01 -1.213231e+00 
-1.883655e-03 7.334475e-04 0.000000e+00 1.091881e-02 0.000000e+00 0.000000e+00 1.034882e+00 -7.202310e-03 3.721223e-03 0.000000e+00 4.624214e-02 0.000000e+00 0.000000e+00 -8.957952e-01 -1.306247e+00 
-2.029541e-03 8.104314e-04 0.000000e+00 1.186381e-02 0.000000e+00 0.000000e+00 1.016641e+00 -7.383503e-03 3.979194e-03 0.000000e+00 4.825993e-02 0.000000e+00 0.000000e+00 -9.281933e-01 -1.400826e+00 
-2.178898e-03 8.926663e-04 0.000000e+00 1.284919e-02 0.000000e+00 0.000000e+00 9.977578e-01 -7.549376e-03 4.246138e-03 0.000000e+00 5.027887e-02 0.000000e+00 0.000000e+00 -9.600050e-01 -1.496712e+00 
-2.331411e-03 9.803316e-04 0.000000e+00 1.387495e-02 0.000000e+00 0.000000e+00 9.782446e-01 -7.699257e-03 4.521726e-03 0.000000e+00 5.229711e-02 0.000000e+00 0.000000e+00 -9.912105e-01 -1.593641e+00 
-2.486755e-03 1.073596e-03 0.000000e+00 1.494107e-02 0.000000e+00 0.000000e+00 9.581135e-01 -7.832505e-03 4.805567e-03 0.000000e+00 5.431264e-02 0.000000e+00 0.000000e+00 -1.021790e+00 -1.691355e+00 
-2.644591e-03 1.172618e-03 0.000000e+00 1.604746e-02 0.000000e+00 0.000000e+00 9.373773e-01 -7.948510e-03 5.097204e-03 0.000000e+00 5.632329e-02 0.000000e+00 0.000000e+00 -1.051724e+00 -1.789595e+00 
-2.804571e-03 1.277545e-03 0.000000e+00 1.719399e-02 0.000000e+00 0.000000e+00 9.160490e-01 -8.046696e-03 5.396117e-03 0.000000e+00 5.832672e-02 0.000000e+00 0.000000e+00 -1.080993e+00 -1.888102e+00 
-2.966333e-03 1.388515e-03 0.000000e+00 1.838048e-02 0.000000e+00 0.000000e+00 8.941421e-01 -8.126513e-03 5.701720e-03 0.000000e+00 6.032041e-02 0.000000e+00 0.000000e+00 -1.109580e+00 -1.986620e+00 
-3.129505e-03 1.505653e-03 0.000000e+00 1.960672e-02 0.000000e+00 0.000000e+00 8.716705e-01 -8.187448e-03 6.013366e-03 0.000000e+00 6.230167e-02 0.000000e+00 0.000000e+00 -1.137466e+00 -2.084892e+00 
-3.293705e-03 1.629077e-03 0.000000e+00 2.087242e-02 0.000000e+00 0.000000e+00 8.486482e-01 -8.229014e-03 6.330339e-03 0.000000e+00 6.426765e-02 0.000000e+00 0.000000e+00 -1.164634e+00 -2.182663e+00 
-3.458538e-03 1.758889e-03 0.000000e+00 2.217728e-02 0.000000e+00 0.000000e+00 8.250900e-01 -8.250765e-03 6.651866e-03 0.000000e+00 6.621535e-02 0.000000e+00 0.000000e+00 -1.191066e+00 -2.279680e+00 
-3.623612e-03 1.895171e-03 0.000000e+00 2.352088e-02 0.000000e+00 0.000000e+00 8.010106e-01 -8.252342e-03 6.977153e-03 0.000000e+00 6.814172e-02 0.000000e+00 0.000000e+00 -1.216746e+00 -2.375701e+00 
-3.788514e-03 2.037989e-03 0.000000e+00 2.490278e-02 0.000000e+00 0.000000e+00 7.764253e-01 -8.233409e-03 7.305298e-03 0.000000e+00 7.004345e-02 0.000000e+00 0.000000e+00 -1.241657e+00 -2.470482e+00 
-3.952823e-03 2.187392e-03 0.000000e+00 2.632243e-02 0.000000e+00 0.000000e+00 7.513496e-01 -8.193689e-03 7.635351e-03 0.000000e+00 7.191707e-02 0.000000e+00 0.000000e+00 -1.265784e+00 -2.563787e+00 
-4.116119e-03 2.343411e-03 0.000000e+00 2.777925e-02 0.000000e+00 0.000000e+00 7.257993e-01 -8.132979e-03 7.966339e-03 0.000000e+00 7.375909e-02 0.000000e+00 0.000000e+00 -1.289111e+00 -2.655386e+00 
-4.277985e-03 2.506052e-03 0.000000e+00 2.927257e-02 0.000000e+00 0.000000e+00 6.997905e-01 -8.051149e-03 8.297262e-03 0.000000e+00 7.556600e-02 0.000000e+00 0.000000e+00 -1.311624e+00 -2.745060e+00 
-4.437999e-03 2.675302e-03 0.000000e+00 3.080165e-02 0.000000e+00 0.000000e+00 6.733398e-01 -7.948147e-03 8.627097e-03 0.000000e+00 7.733422e-02 0.000000e+00 0.000000e+00 -1.333309e+00 -2.832594e+00 
-4.595745e-03 2.851129e-03 0.000000e+00 3.236567e-02 0.000000e+00 0.000000e+00 6.464638e-01 -7.823990e-03 8.954793e-03 0.000000e+00 7.906012e-02 0.000000e+00 0.000000e+00 -1.354152e+00 -2.917784e+00 
-4.750803e-03 3.033477e-03 0.000000e+00 3.396375e-02 0.000000e+00 0.000000e+00 6.191794e-01 -7.678776e-03 9.279278e-03 0.000000e+00 8.074007e-02 0.000000e+00 0.000000e+00 -1.374139e+00 -3.000434e+00 
-4.902756e-03 3.222271e-03 0.000000e+00 3.559494e-02 0.000000e+00 0.000000e+00 5.915040e-01 -7.512672e-03 9.599451e-03 0.000000e+00 8.237036e-02 0.000000e+00 0.000000e+00 -1.393258e+00 -3.080354e+00 
-5.051186e-03 3.417414e-03 0.000000e+00 3.725820e-02 0.000000e+00 0.000000e+00 5.634550e-01 -7.325924e-03 9.914188e-03 0.000000e+00 8.394725e-02 0.000000e+00 0.000000e+00 -1.411498e+00 -3.157364e+00 
-5.195676e-03 3.618788e-03 0.000000e+00 3.895244e-02 0.000000e+00 0.000000e+00 5.350500e-01 -7.118849e-03 1.022234e-02 0.000000e+00 8.546697e-02 0.000000e+00 0.000000e+00 -1.428846e+00 -3.231292e+00 
-5.335820e-03 3.826256e-03 0.000000e+00 4.067648e-02 0.000000e+00 0.000000e+00 5.063072e-01 -6.891841e-03 1.052278e-02 0.000000e+00 8.692585e-02 0.000000e+00 0.000000e+00 -1.445291e+00 -3.301973e+00 
-5.471235e-03 4.039651e-03 0.000000e+00 4.242908e-02 0.000000e+00 0.000000e+00 4.772445e-01 -6.645402e-03 1.081444e-02 0.000000e+00 8.832041e-02 0.000000e+00 0.000000e+00 -1.460823e+00 -3.369259e+00 
-5.601527e-03 4.258779e-03 0.000000e+00 4.420889e-02 0.000000e+00 0.000000e+00 4.478804e-01 -6.380128e-03 1.109619e-02 0.000000e+00 8.964703e-02 0.000000e+00 0.000000e+00 -1.475433e+00 -3.433007e+00 
-5.726324e-03 4.483429e-03 0.000000e+00 4.601450e-02 0.000000e+00 0.000000e+00 4.182334e-01 -6.096687e-03 1.136692e-02 0.000000e+00 9.090226e-02 0.000000e+00 0.000000e+00 -1.489111e+00 -3.493086e+00 
-5.845269e-03 4.713370e-03 0.000000e+00 4.784446e-02 0.000000e+00 0.000000e+00 3.883222e-01 -5.795821e-03 1.162559e-02 0.000000e+00 9.208281e-02 0.000000e+00 0.000000e+00 -1.501848e+00 -3.549372e+00 
-5.958025e-03 4.948352e-03 0.000000e+00 4.969725e-02 0.000000e+00 0.000000e+00 3.581658e-01 -5.478338e-03 1.187122e-02 0.000000e+00 9.318559e-02 0.000000e+00 0.000000e+00 -1.513637e+00 -3.601752e+00 
-6.064272e-03 5.188108e-03 0.000000e+00 5.157128e-02 0.000000e+00 0.000000e+00 3.277831e-01 -5.145122e-03 1.210284e-02 0.000000e+00 9.420768e-02 0.000000e+00 0.000000e+00 -1.524470e+00 -3.650123e+00 
-6.163710e-03 5.432352e-03 0.000000e+00 5.346494e-02 0.000000e+00 0.000000e+00 2.971934e-01 -4.797125e-03 1.231956e-02 0.000000e+00 9.514634e-02 0.000000e+00 0.000000e+00 -1.534339e+00 -3.694389e+00 
-6.256057e-03 5.680779e-03 0.000000e+00 5.537654e-02 0.000000e+00 0.000000e+00 2.664160e-01 -4.435370e-03 1.252053e-02 0.000000e+00 9.599900e-02 0.000000e+00 0.000000e+00 -1.543240e+00 -3.734465e+00 
-6.341047e-03 5.933066e-03 0.000000e+00 5.730433e-02 0.000000e+00 0.000000e+00 2.354703e-01 -4.060953e-03 1.270493e-02 0.000000e+00 9.676327e-02 0.000000e+00 0.000000e+00 -1.551166e+00 -3.770276e+00 
-6.418436e-03 6.188872e-03 0.000000e+00 5.924651e-02 0.000000e+00 0.000000e+00 2.043759e-01 -3.675039e-03 1.287200e-02 0.000000e+00 9.743695e-02 0.000000e+00 0.000000e+00 -1.558112e+00 -3.801754e+00 
-6.487996e-03 6.447836e-03 0.000000e+00 6.120122e-02 0.000000e+00 0.000000e+00 1.731524e-01 -3.278863e-03 1.302104e-02 0.000000e+00 9.801802e-02 0.000000e+00 0.000000e+00 -1.564074e+00 -3.828842e+00 
-6.549535e-03 6.709603e-03 0.000000e+00 6.316664e-02 0.000000e+00 0.000000e+00 1.418195e-01 -2.873644e-03 1.315145e-02 0.000000e+00 9.850482e-02 0.000000e+00 0.000000e+00 -1.569048e+00 -3.851490e+00 
-6.602891e-03 6.973789e-03 0.000000e+00 6.514086e-02 0.000000e+00 0.000000e+00 1.103971e-01 -2.460701e-03 1.326271e-02 0.000000e+00 9.889598e-02 0.000000e+00 0.000000e+00 -1.573031e+00 -3.869658e+00 
-6.647921e-03 7.239999e-03 0.000000e+00 6.712190e-02 0.000000e+00 0.000000e+00 7.890489e-02 -2.041417e-03 1.335438e-02 0.000000e+00 9.919035e-02 0.000000e+00 0.000000e+00 -1.576021e+00 -3.883312e+00 
-6.684514e-03 7.507833e-03 0.000000e+00 6.910783e-02 0.000000e+00 0.000000e+00 4.736288e-02 -1.617177e-03 1.342609e-02 0.000000e+00 9.938708e-02 0.000000e+00 0.000000e+00 -1.578015e+00 -3.892428e+00 
-6.712583e-03 7.776890e-03 0.000000e+00 7.109667e-02 0.000000e+00 0.000000e+00 1.579095e-02 -1.189374e-03 1.347757e-02 0.000000e+00 9.948559e-02 0.000000e+00 0.000000e+00 -1.579012e+00 -3.896991e+00 
-6.732072e-03 8.046769e-03 0.000000e+00 7.308649e-02 0.000000e+00 0.000000e+00 -1.579095e-02 -7.594008e-04 1.350862e-02 0.000000e+00 9.948559e-02 0.000000e+00 0.000000e+00 -1.579012e+00 -3.896991e+00 
-6.742952e-03 8.317065e-03 0.000000e+00 7.507533e-02 0.000000e+00 0.000000e+00 -4.736288e-02 -3.286570e-04 1.351915e-02 0.000000e+00 9.938709e-02 0.000000e+00 0.000000e+00 -1.578015e+00 -3.892428e+00 
-6.745222e-03 8.587373e-03 0.000000e+00 7.706124e-02 0.000000e+00 0.000000e+00 -7.890489e-02 1.014545e-04 1.350914e-02 0.000000e+00 9.919037e-02 0.000000e+00 0.000000e+00 -1.576021e+00 -3.883312e+00 
-6.738908e-03 8.857287e-03 0.000000e+00 7.904227e-02 0.000000e+00 0.000000e+00 -1.103971e-01 5.295269e-04 1.347866e-02 0.000000e+00 9.889600e-02 0.000000e+00 0.000000e+00 -1.573031e+00 -3.869658e+00 
-6.724066e-03 9.126397e-03 0.000000e+00 8.101647e-02 0.000000e+00 0.000000e+00 -1.418195e-01 9.541491e-04 1.342789e-02 0.000000e+00 9.850484e-02 0.000000e+00 0.000000e+00 -1.569048e+00 -3.851490e+00 
-6.700777e-03 9.394294e-03 0.000000e+00 8.298191e-02 0.000000e+00 0.000000e+00 -1.731524e-01 1.373906e-03 1.335705e-02 0.000000e+00 9.801804e-02 0.000000e+00 0.000000e+00 -1.564074e+00 -3.828842e+00 
-6.669152e-03 9.660567e-03 0.000000e+00 8.493663e-02 0.000000e+00 0.000000e+00 -2.043759e-01 1.787388e-03 1.326649e-02 0.000000e+00 9.743700e-02 0.000000e+00 0.000000e+00 -1.558112e+00 -3.801753e+00 
-6.629323e-03 9.924835e-03 0.000000e+00 8.687880e-02 0.000000e+00 0.000000e+00 -2.354703e-01 2.193300e-03 1.315660e-02 0.000000e+00 9.676332e-02 0.000000e+00 0.000000e+00 -1.551166e+00 -3.770275e+00 
-6.581463e-03 1.018672e-02 0.000000e+00 8.880659e-02 0.000000e+00 0.000000e+00 -2.664160e-01 2.590339e-03 1.302790e-02 0.000000e+00 9.599899e-02 0.000000e+00 0.000000e+00 -1.543240e+00 -3.734465e+00 
-6.525767e-03 1.044584e-02 0.000000e+00 9.071820e-02 0.000000e+00 0.000000e+00 -2.971934e-01 2.977233e-03 1.288098e-02 0.000000e+00 9.514627e-02 0.000000e+00 0.000000e+00 -1.534339e+00 -3.694389e+00 
-6.462452e-03 1.070184e-02 0.000000e+00 9.261186e-02 0.000000e+00 0.000000e+00 -3.277831e-01 3.352774e-03 1.271649e-02 0.000000e+00 9.420756e-02 0.000000e+00 0.000000e+00 -1.524470e+00 -3.650124e+00 
-6.391754e-03 1.095437e-02 0.000000e+00 9.448590e-02 0.000000e+00 0.000000e+00 -3.581658e-01 3.715824e-03 1.253514e-02 0.000000e+00 9.318544e-02 0.000000e+00 0.000000e+00 -1.513637e+00 -3.601753e+00 
-6.313931e-03 1.120312e-02 0.000000e+00 9.633869e-02 0.000000e+00 0.000000e+00 -3.883222e-01 4.065306e-03 1.233768e-02 0.000000e+00 9.208266e-02 0.000000e+00 0.000000e+00 -1.501848e+00 -3.549373e+00 
-6.229259e-03 1.144776e-02 0.000000e+00 9.816864e-02 0.000000e+00 0.000000e+00 -4.182334e-01 4.400213e-03 1.212493e-02 0.000000e+00 9.090214e-02 0.000000e+00 0.000000e+00 -1.489111e+00 -3.493087e+00 
-6.138038e-03 1.168801e-02 0.000000e+00 9.997425e-02 0.000000e+00 0.000000e+00 -4.478804e-01 4.719600e-03 1.189775e-02 0.000000e+00 8.964697e-02 0.000000e+00 0.000000e+00 -1.475433e+00 -3.433008e+00 
-6.040584e-03 1.192358e-02 0.000000e+00 1.017540e-01 0.000000e+00 0.000000e+00 -4.772445e-01 5.022590e-03 1.165707e-02 0.000000e+00 8.832041e-02 0.000000e+00 0.000000e+00 -1.460823e+00 -3.369259e+00 
-5.937236e-03 1.215422e-02 0.000000e+00 1.035066e-01 0.000000e+00 0.000000e+00 -5.063072e-01 5.308370e-03 1.140385e-02 0.000000e+00 8.692588e-02 0.000000e+00 0.000000e+00 -1.445291e+00 -3.301973e+00 
-5.828354e-03 1.237967e-02 0.000000e+00 1.052307e-01 0.000000e+00 0.000000e+00 -5.350500e-01 5.576194e-03 1.113914e-02 0.000000e+00 8.546699e-02 0.000000e+00 0.000000e+00 -1.428846e+00 -3.231292e+00 
-5.714300e-03 1.259972e-02 0.000000e+00 1.069249e-01 0.000000e+00 0.000000e+00 -5.634550e-01 5.825396e-03 1.086394e-02 0.000000e+00 8.394728e-02 0.000000e+00 0.000000e+00 -1.411498e+00 -3.157364e+00 
-5.595447e-03 1.281416e-02 0.000000e+00 1.085882e-01 0.000000e+00 0.000000e+00 -5.915040e-01 6.055423e-03 1.057929e-02 0.000000e+00 8.237033e-02 0.000000e+00 0.000000e+00 -1.393258e+00 -3.080353e+00 
-5.472194e-03 1.302283e-02 0.000000e+00 1.102194e-01 0.000000e+00 0.000000e+00 -6.191794e-01 6.265798e-03 1.028628e-02 0.000000e+00 8.073997e-02 0.000000e+00 0.000000e+00 -1.374139e+00 -3.000431e+00 
-5.344942e-03 1.322556e-02 0.000000e+00 1.118174e-01 0.000000e+00 0.000000e+00 -6.464638e-01 6.456123e-03 9.986000e-03 0.000000e+00 7.905995e-02 0.000000e+00 0.000000e+00 -1.354152e+00 -2.917780e+00 
-5.214096e-03 1.342223e-02 0.000000e+00 1.133815e-01 0.000000e+00 0.000000e+00 -6.733398e-01 6.626074e-03 9.679531e-03 0.000000e+00 7.733401e-02 0.000000e+00 0.000000e+00 -1.333309e+00 -2.832589e+00 
-5.080062e-03 1.361272e-02 0.000000e+00 1.149105e-01 0.000000e+00 0.000000e+00 -6.997905e-01 6.775404e-03 9.367922e-03 0.000000e+00 7.556581e-02 0.000000e+00 0.000000e+00 -1.311624e+00 -2.745055e+00 
-4.943250e-03 1.379693e-02 0.000000e+00 1.164039e-01 0.000000e+00 0.000000e+00 -7.257993e-01 6.903941e-03 9.052208e-03 0.000000e+00 7.375895e-02 0.000000e+00 0.000000e+00 -1.289111e+00 -2.655384e+00 
-4.804071e-03 1.397479e-02 0.000000e+00 1.178607e-01 0.000000e+00 0.000000e+00 -7.513496e-01 7.011591e-03 8.733406e-03 0.000000e+00 7.191700e-02 0.000000e+00 0.000000e+00 -1.265784e+00 -2.563786e+00 
-4.662939e-03 1.414625e-02 0.000000e+00 1.192803e-01 0.000000e+00 0.000000e+00 -7.764253e-01 7.098334e-03 8.412515e-03 0.000000e+00 7.004348e-02 0.000000e+00 0.000000e+00 -1.241657e+00 -2.470484e+00 
-4.520271e-03 1.431128e-02 0.000000e+00 1.206622e-01 0.000000e+00 0.000000e+00 -8.010106e-01 7.164227e-03 8.090517e-03 0.000000e+00 6.814182e-02 0.000000e+00 0.000000e+00 -1.216746e+00 -2.375704e+00 
-4.376488e-03 1.446987e-02 0.000000e+00 1.220058e-01 0.000000e+00 0.000000e+00 -8.250900e-01 7.209402e-03 7.768376e-03 0.000000e+00 6.621543e-02 0.000000e+00 0.000000e+00 -1.191066e+00 -2.279683e+00 
-4.232010e-03 1.462202e-02 0.000000e+00 1.233107e-01 0.000000e+00 0.000000e+00 -8.486482e-01 7.234069e-03 7.447037e-03 0.000000e+00 6.426767e-02 0.000000e+00 0.000000e+00 -1.164634e+00 -2.182665e+00 
-4.087248e-03 1.476775e-02 0.000000e+00 1.245764e-01 0.000000e+00 0.000000e+00 -8.716705e-01 7.238476e-03 7.127382e-03 0.000000e+00 6.230169e-02 0.000000e+00 0.000000e+00 -1.137466e+00 -2.084894e+00 
-3.942597e-03 1.490712e-02 0.000000e+00 1.258026e-01 0.000000e+00 0.000000e+00 -8.941421e-01 7.222924e-03 6.810206e-03 0.000000e+00 6.032041e-02 0.000000e+00 0.000000e+00 -1.109580e+00 -1.986616e+00 
-3.798455e-03 1.504017e-02 0.000000e+00 1.269891e-01 0.000000e+00 0.000000e+00 -9.160490e-01 7.187814e-03 6.496292e-03 0.000000e+00 5.832669e-02 0.000000e+00 0.000000e+00 -1.080993e+00 -1.888092e+00 
-3.655210e-03 1.516699e-02 0.000000e+00 1.281356e-01 0.000000e+00 0.000000e+00 -9.373773e-01 7.133577e-03 6.186363e-03 0.000000e+00 5.632324e-02 0.000000e+00 0.000000e+00 -1.051724e+00 -1.789581e+00 
-3.513241e-03 1.528766e-02 0.000000e+00 1.292420e-01 0.000000e+00 0.000000e+00 -9.581135e-01 7.060680e-03 5.881081e-03 0.000000e+00 5.431258e-02 0.000000e+00 0.000000e+00 -1.021790e+00 -1.691342e+00 
-3.372914e-03 1.540229e-02 0.000000e+00 1.303081e-01 0.000000e+00 0.000000e+00 -9.782446e-01 6.969621e-03 5.581045e-03 0.000000e+00 5.229705e-02 0.000000e+00 0.000000e+00 -9.912105e-01 -1.593633e+00 
-3.234586e-03 1.551097e-02 0.000000e+00 1.313339e-01 0.000000e+00 0.000000e+00 -9.977578e-01 6.860932e-03 5.286792e-03 0.000000e+00 5.027884e-02 0.000000e+00 0.000000e+00 -9.600050e-01 -1.496711e+00 
-3.098600e-03 1.561382e-02 0.000000e+00 1.323193e-01 0.000000e+00 0.000000e+00 -1.016641e+00 6.735178e-03 4.998798e-03 0.000000e+00 4.825993e-02 0.000000e+00 0.000000e+00 -9.281933e-01 -1.400834e+00 
-2.965292e-03 1.571097e-02 0.000000e+00 1.332644e-01 0.000000e+00 0.000000e+00 -1.034882e+00 6.592955e-03 4.717478e-03 0.000000e+00 4.624216e-02 0.000000e+00 0.000000e+00 -8.957952e-01 -1.306259e+00 
-2.834984e-03 1.580256e-02 0.000000e+00 1.341690e-01 0.000000e+00 0.000000e+00 -1.052469e+00 6.434896e-03 4.443183e-03 0.000000e+00 4.422716e-02 0.000000e+00 0.000000e+00 -8.628314e-01 -1.213242e+00 
-2.707988e-03 1.588873e-02 0.000000e+00 1.350334e-01 0.000000e+00 0.000000e+00 -1.069391e+00 6.261662e-03 4.176204e-03 0.000000e+00 4.221641e-02 0.000000e+00 0.000000e+00 -8.293225e-01 -1.122039e+00 
-2.584607e-03 1.596964e-02 0.000000e+00 1.358577e-01 0.000000e+00 0.000000e+00 -1.085638e+00 6.073949e-03 3.916771e-03 0.000000e+00 4.021122e-02 0.000000e+00 0.000000e+00 -7.952899e-01 -1.032904e+00 
-2.465121e-03 1.604544e-02 0.000000e+00 1.366419e-01 0.000000e+00 0.000000e+00 -1.101199e+00 5.872419e-03 3.665063e-03 0.000000e+00 3.821274e-02 0.000000e+00 0.000000e+00 -7.607549e-01 -9.460774e-01 
-2.349800e-03 1.611628e-02 0.000000e+00 1.373862e-01 0.000000e+00 0.000000e+00 -1.116065e+00 5.657760e-03 3.421162e-03 0.000000e+00 3.622187e-02 0.000000e+00 0.000000e+00 -7.257394e-01 -8.617984e-01 
-2.238896e-03 1.618232e-02 0.000000e+00 1.380908e-01 0.000000e+00 0.000000e+00 -1.130226e+00 5.430686e-03 3.185082e-03 0.000000e+00 3.423932e-02 0.000000e+00 0.000000e+00 -6.902656e-01 -7.803060e-01 
-2.132651e-03 1.624373e-02 0.000000e+00 1.387558e-01 0.000000e+00 0.000000e+00 -1.143673e+00 5.191903e-03 2.956785e-03 0.000000e+00 3.226565e-02 0.000000e+00 0.000000e+00 -6.543557e-01 -7.018287e-01 
-2.031293e-03 1.630065e-02 0.000000e+00 1.393815e-01 0.000000e+00 0.000000e+00 -1.156397e+00 4.942112e-03 2.736186e-03 0.000000e+00 3.030130e-02 0.000000e+00 0.000000e+00 -6.180325e-01 -6.265850e-01 
-1.935034e-03 1.635325e-02 0.000000e+00 1.399680e-01 0.000000e+00 0.000000e+00 -1.168392e+00 4.682011e-03 2.523149e-03 0.000000e+00 2.834656e-02 0.000000e+00 0.000000e+00 -5.813190e-01 -5.547832e-01 
-1.844073e-03 1.640166e-02 0.000000e+00 1.405155e-01 0.000000e+00 0.000000e+00 -1.179648e+00 4.412293e-03 2.317488e-03 0.000000e+00 2.640161e-02 0.000000e+00 0.000000e+00 -5.442383e-01 -4.866218e-01 
-1.758598e-03 1.644602e-02 0.000000e+00 1.410242e-01 0.000000e+00 0.000000e+00 -1.190159e+00 4.133643e-03 2.118968e-03 0.000000e+00 2.446646e-02 0.000000e+00 0.000000e+00 -5.068138e-01 -4.222890e-01 
-1.678780e-03 1.648648e-02 0.000000e+00 1.414943e-01 0.000000e+00 0.000000e+00 -1.199918e+00 3.846745e-03 1.927302e-03 0.000000e+00 2.254102e-02 0.000000e+00 0.000000e+00 -4.690693e-01 -3.619630e-01 
-1.604778e-03 1.652317e-02 0.000000e+00 1.419259e-01 0.000000e+00 0.000000e+00 -1.208920e+00 3.552274e-03 1.742155e-03 0.000000e+00 2.062505e-02 0.000000e+00 0.000000e+00 -4.310284e-01 -3.058118e-01 
-1.536736e-03 1.655620e-02 0.000000e+00 1.423193e-01 0.000000e+00 0.000000e+00 -1.217157e+00 3.250904e-03 1.563142e-03 0.000000e+00 1.871818e-02 0.000000e+00 0.000000e+00 -3.927153e-01 -2.539934e-01 
-1.474785e-03 1.658571e-02 0.000000e+00 1.426746e-01 0.000000e+00 0.000000e+00 -1.224627e+00 2.943302e-03 1.389827e-03 0.000000e+00 1.681990e-02 0.000000e+00 0.000000e+00 -3.541542e-01 -2.066559e-01 
-1.419043e-03 1.661181e-02 0.000000e+00 1.429921e-01 0.000000e+00 0.000000e+00 -1.231322e+00 2.630129e-03 1.221726e-03 0.000000e+00 1.492957e-02 0.000000e+00 0.000000e+00 -3.153694e-01 -1.639370e-01 
-1.369614e-03 1.663460e-02 0.000000e+00 1.432718e-01 0.000000e+00 0.000000e+00 -1.237240e+00 2.312044e-03 1.058358e-03 0.000000e+00 1.304657e-02 0.000000e+00 0.000000e+00 -2.763853e-01 -1.259586e-01 
-1.326590e-03 1.665417e-02 0.000000e+00 1.435140e-01 0.000000e+00 0.000000e+00 -1.242376e+00 1.989679e-03 8.992277e-04 0.000000e+00 1.117022e-02 0.000000e+00 0.000000e+00 -2.372267e-01 -9.282356e-02 
-1.290051e-03 1.667059e-02 0.000000e+00 1.437187e-01 0.000000e+00 0.000000e+00 -1.246728e+00 1.663649e-03 7.437417e-04 0.000000e+00 9.299622e-03 0.000000e+00 0.000000e+00 -1.979183e-01 -6.462628e-02 
-1.260064e-03 1.668394e-02 0.000000e+00 1.438860e-01 0.000000e+00 0.000000e+00 -1.250292e+00 1.334568e-03 5.913026e-04 0.000000e+00 7.433834e-03 0.000000e+00 0.000000e+00 -1.584849e-01 -4.144683e-02 
-1.236684e-03 1.669426e-02 0.000000e+00 1.440161e-01 0.000000e+00 0.000000e+00 -1.253067e+00 1.003050e-03 4.413098e-04 0.000000e+00 5.571919e-03 0.000000e+00 0.000000e+00 -1.189513e-01 -2.335067e-02 
-1.219954e-03 1.670160e-02 0.000000e+00 1.441089e-01 0.000000e+00 0.000000e+00 -1.255050e+00 6.697058e-04 2.931599e-04 0.000000e+00 3.712929e-03 0.000000e+00 0.000000e+00 -7.934265e-02 -1.038869e-02 
-1.209903e-03 1.670600e-02 0.000000e+00 1.441646e-01 0.000000e+00 0.000000e+00 -1.256240e+00 3.351476e-04 1.462462e-04 0.000000e+00 1.855909e-03 0.000000e+00 0.000000e+00 -3.968386e-02 -2.597234e-03 
-1.206551e-03 1.670746e-02 0.000000e+00 1.441832e-01 0.000000e+00 0.000000e+00 -1.256637e+00 -1.493887e-08 -4.117211e-08 0.000000e+00 -1.042331e-07 0.000000e+00 0.000000e+00 -1.933885e-16 1.935809e-06 
-1.209903e-03 1.670600e-02 0.000000e+00 1.441646e-01 0.000000e+00 0.000000e+00 -1.256240e+00 -3.351729e-04 -1.463149e-04 0.000000e+00 -1.856082e-03 0.000000e+00 0.000000e+00 3.968386e-02 -2.598391e-03 
-1.219954e-03 1.670161e-02 0.000000e+00 1.441089e-01 0.000000e+00 0.000000e+00 -1.255050e+00 -6.697183e-04 -2.931910e-04 0.000000e+00 -3.713004e-03 0.000000e+00 0.000000e+00 7.934265e-02 -1.039086e-02 
-1.236684e-03 1.669426e-02 0.000000e+00 1.440161e-01 0.000000e+00 0.000000e+00 -1.253067e+00 -1.003044e-03 -4.412885e-04 0.000000e+00 -5.571858e-03 0.000000e+00 0.000000e+00 1.189513e-01 -2.335355e-02 
-1.260064e-03 1.668394e-02 0.000000e+00 1.438860e-01 0.000000e+00 0.000000e+00 -1.250292e+00 -1.334545e-03 -5.912295e-04 0.000000e+00 -7.433638e-03 0.000000e+00 0.000000e+00 1.584849e-01 -4.144998e-02 
-1.290051e-03 1.667059e-02 0.000000e+00 1.437187e-01 0.000000e+00 0.000000e+00 -1.246728e+00 -1.663615e-03 -7.436391e-04 0.000000e+00 -9.299350e-03 0.000000e+00 0.000000e+00 1.979183e-01 -6.462911e-02 
-1.326589e-03 1.665417e-02 0.000000e+00 1.435140e-01 0.000000e+00 0.000000e+00 -1.242376e+00 -1.989652e-03 -8.991457e-04 0.000000e+00 -1.117000e-02 0.000000e+00 0.000000e+00 2.372267e-01 -9.282532e-02 
-1.369612e-03 1.663461e-02 0.000000e+00 1.432719e-01 0.000000e+00 0.000000e+00 -1.237240e+00 -2.312041e-03 -1.058317e-03 0.000000e+00 -1.304645e-02 0.000000e+00 0.000000e+00 2.763853e-01 -1.259622e-01 
-1.419040e-03 1.661183e-02 0.000000e+00 1.429922e-01 0.000000e+00 0.000000e+00 -1.231322e+00 -2.630142e-03 -1.221667e-03 0.000000e+00 -1.492940e-02 0.000000e+00 0.000000e+00 3.153694e-01 -1.639471e-01 
-1.474782e-03 1.658573e-02 0.000000e+00 1.426747e-01 0.000000e+00 0.000000e+00 -1.224627e+00 -2.943314e-03 -1.389753e-03 0.000000e+00 -1.681969e-02 0.000000e+00 0.000000e+00 3.541542e-01 -2.066678e-01 
-1.536734e-03 1.655622e-02 0.000000e+00 1.423194e-01 0.000000e+00 0.000000e+00 -1.217157e+00 -3.250907e-03 -1.563087e-03 0.000000e+00 -1.871803e-02 0.000000e+00 0.000000e+00 3.927153e-01 -2.540010e-01 
-1.604778e-03 1.652317e-02 0.000000e+00 1.419259e-01 0.000000e+00 0.000000e+00 -1.208920e+00 -3.552266e-03 -1.742134e-03 0.000000e+00 -2.062500e-02 0.000000e+00 0.000000e+00 4.310284e-01 -3.058127e-01 
-1.678782e-03 1.648647e-02 0.000000e+00 1.414942e-01 0.000000e+00 0.000000e+00 -1.199918e+00 -3.846727e-03 -1.927316e-03 0.000000e+00 -2.254106e-02 0.000000e+00 0.000000e+00 4.690693e-01 -3.619577e-01 
-1.758601e-03 1.644601e-02 0.000000e+00 1.410241e-01 0.000000e+00 0.000000e+00 -1.190159e+00 -4.133623e-03 -2.119008e-03 0.000000e+00 -2.446657e-02 0.000000e+00 0.000000e+00 5.068138e-01 -4.222799e-01 
-1.844076e-03 1.640164e-02 0.000000e+00 1.405154e-01 0.000000e+00 0.000000e+00 -1.179648e+00 -4.412276e-03 -2.317538e-03 0.000000e+00 -2.640174e-02 0.000000e+00 0.000000e+00 5.442383e-01 -4.866122e-01 
-1.935036e-03 1.635323e-02 0.000000e+00 1.399679e-01 0.000000e+00 0.000000e+00 -1.168392e+00 -4.682006e-03 -2.523192e-03 0.000000e+00 -2.834668e-02 0.000000e+00 0.000000e+00 5.813190e-01 -5.547766e-01 
-2.031294e-03 1.630065e-02 0.000000e+00 1.393815e-01 0.000000e+00 0.000000e+00 -1.156397e+00 -4.942121e-03 -2.736207e-03 0.000000e+00 -3.030135e-02 0.000000e+00 0.000000e+00 6.180325e-01 -6.265841e-01 
-2.132651e-03 1.624373e-02 0.000000e+00 1.387558e-01 0.000000e+00 0.000000e+00 -1.143673e+00 -5.191928e-03 -2.956775e-03 0.000000e+00 -3.226562e-02 0.000000e+00 0.000000e+00 6.543557e-01 -7.018347e-01 
-2.238895e-03 1.618234e-02 0.000000e+00 1.380908e-01 0.000000e+00 0.000000e+00 -1.130226e+00 -5.430722e-03 -3.185045e-03 0.000000e+00 -3.423921e-02 0.000000e+00 0.000000e+00 6.902656e-01 -7.803177e-01 
-2.349798e-03 1.611630e-02 0.000000e+00 1.373863e-01 0.000000e+00 0.000000e+00 -1.116065e+00 -5.657795e-03 -3.421117e-03 0.000000e+00 -3.622174e-02 0.000000e+00 0.000000e+00 7.257394e-01 -8.618110e-01 
-2.465122e-03 1.604546e-02 0.000000e+00 1.366419e-01 0.000000e+00 0.000000e+00 -1.101199e+00 -5.872439e-03 -3.665044e-03 0.000000e+00 -3.821268e-02 0.000000e+00 0.000000e+00 7.607549e-01 -9.460841e-01 
-2.584616e-03 1.596967e-02 0.000000e+00 1.358578e-01 0.000000e+00 0.000000e+00 -1.085638e+00 -6.074001e-03 -3.916782e-03 0.000000e+00 -4.021123e-02 0.000000e+00 0.000000e+00 7.952899e-01 -1.032915e+00 
-2.708007e-03 1.588877e-02 0.000000e+00 1.350335e-01 0.000000e+00 0.000000e+00 -1.069391e+00 -6.261760e-03 -4.176222e-03 0.000000e+00 -4.221644e-02 0.000000e+00 0.000000e+00 8.293225e-01 -1.122059e+00 
-2.835005e-03 1.580259e-02 0.000000e+00 1.341691e-01 0.000000e+00 0.000000e+00 -1.052469e+00 -6.435003e-03 -4.443200e-03 0.000000e+00 -4.422719e-02 0.000000e+00 0.000000e+00 8.628314e-01 -1.213264e+00 
-2.965311e-03 1.571100e-02 0.000000e+00 1.332644e-01 0.000000e+00 0.000000e+00 -1.034882e+00 -6.593046e-03 -4.717490e-03 0.000000e+00 -4.624217e-02 0.000000e+00 0.000000e+00 8.957952e-01 -1.306277e+00 
-3.098616e-03 1.561383e-02 0.000000e+00 1.323194e-01 0.000000e+00 0.000000e+00 -1.016641e+00 -6.735237e-03 -4.998803e-03 0.000000e+00 -4.825993e-02 0.000000e+00 0.000000e+00 9.281933e-01 -1.400846e+00 
-3.234596e-03 1.551097e-02 0.000000e+00 1.313339e-01 0.000000e+00 0.000000e+00 -9.977578e-01 -6.860955e-03 -5.286789e-03 0.000000e+00 -5.027882e-02 0.000000e+00 0.000000e+00 9.600050e-01 -1.496716e+00 
-3.372920e-03 1.540228e-02 0.000000e+00 1.303081e-01 0.000000e+00 0.000000e+00 -9.782446e-01 -6.969610e-03 -5.581035e-03 0.000000e+00 -5.229702e-02 0.000000e+00 0.000000e+00 9.912105e-01 -1.593630e+00 
-3.513243e-03 1.528765e-02 0.000000e+00 1.292420e-01 0.000000e+00 0.000000e+00 -9.581135e-01 -7.060643e-03 -5.881066e-03 0.000000e+00 -5.431254e-02 0.000000e+00 0.000000e+00 1.021790e+00 -1.691335e+00 
-3.655209e-03 1.516697e-02 0.000000e+00 1.281356e-01 0.000000e+00 0.000000e+00 -9.373773e-01 -7.133525e-03 -6.186345e-03 0.000000e+00 -5.632319e-02 0.000000e+00 0.000000e+00 1.051724e+00 -1.789571e+00 
-3.798453e-03 1.504015e-02 0.000000e+00 1.269891e-01 0.000000e+00 0.000000e+00 -9.160490e-01 -7.187759e-03 -6.496274e-03 0.000000e+00 -5.832664e-02 0.000000e+00 0.000000e+00 1.080993e+00 -1.888081e+00 
-3.942596e-03 1.490711e-02 0.000000e+00 1.258026e-01 0.000000e+00 0.000000e+00 -8.941421e-01 -7.222878e-03 -6.810191e-03 0.000000e+00 -6.032037e-02 0.000000e+00 0.000000e+00 1.109580e+00 -1.986607e+00 
-4.087250e-03 1.476775e-02 0.000000e+00 1.245764e-01 0.000000e+00 0.000000e+00 -8.716705e-01 -7.238447e-03 -7.127373e-03 0.000000e+00 -6.230167e-02 0.000000e+00 0.000000e+00 1.137466e+00 -2.084888e+00 
-4.232014e-03 1.462203e-02 0.000000e+00 1.233107e-01 0.000000e+00 0.000000e+00 -8.486482e-01 -7.234061e-03 -7.447036e-03 0.000000e+00 -6.426766e-02 0.000000e+00 0.000000e+00 1.164634e+00 -2.182663e+00 
-4.376491e-03 1.446987e-02 0.000000e+00 1.220059e-01 0.000000e+00 0.000000e+00 -8.250900e-01 -7.209393e-03 -7.768376e-03 0.000000e+00 -6.621543e-02 0.000000e+00 0.000000e+00 1.191066e+00 -2.279682e+00 
-4.520281e-03 1.431129e-02 0.000000e+00 1.206623e-01 0.000000e+00 0.000000e+00 -8.010106e-01 -7.164228e-03 -8.090553e-03 0.000000e+00 -6.814192e-02 0.000000e+00 0.000000e+00 1.216746e+00 -2.375705e+00 
-4.662958e-03 1.414626e-02 0.000000e+00 1.192804e-01 0.000000e+00 0.000000e+00 -7.764253e-01 -7.098351e-03 -8.412598e-03 0.000000e+00 -7.004372e-02 0.000000e+00 0.000000e+00 1.241657e+00 -2.470488e+00 
-4.804097e-03 1.397479e-02 0.000000e+00 1.178607e-01 0.000000e+00 0.000000e+00 -7.513496e-01 -7.011624e-03 -8.733528e-03 0.000000e+00 -7.191736e-02 0.000000e+00 0.000000e+00 1.265784e+00 -2.563794e+00 
-4.943279e-03 1.379693e-02 0.000000e+00 1.164039e-01 0.000000e+00 0.000000e+00 -7.257993e-01 -6.903984e-03 -9.052349e-03 0.000000e+00 -7.375937e-02 0.000000e+00 0.000000e+00 1.289111e+00 -2.655393e+00 
-5.080090e-03 1.361272e-02 0.000000e+00 1.149105e-01 0.000000e+00 0.000000e+00 -6.997905e-01 -6.775450e-03 -9.368055e-03 0.000000e+00 -7.556619e-02 0.000000e+00 0.000000e+00 1.311624e+00 -2.745065e+00 
-5.214115e-03 1.342223e-02 0.000000e+00 1.133815e-01 0.000000e+00 0.000000e+00 -6.733398e-01 -6.626115e-03 -9.679628e-03 0.000000e+00 -7.733429e-02 0.000000e+00 0.000000e+00 1.333309e+00 -2.832597e+00 
-5.344949e-03 1.322556e-02 0.000000e+00 1.118174e-01 0.000000e+00 0.000000e+00 -6.464638e-01 -6.456152e-03 -9.986038e-03 0.000000e+00 -7.906006e-02 0.000000e+00 0.000000e+00 1.354152e+00 -2.917784e+00 
-5.472186e-03 1.302282e-02 0.000000e+00 1.102194e-01 0.000000e+00 0.000000e+00 -6.191794e-01 -6.265810e-03 -1.028624e-02 0.000000e+00 -8.073987e-02 0.000000e+00 0.000000e+00 1.374139e+00 -3.000431e+00 
-5.595428e-03 1.281415e-02 0.000000e+00 1.085882e-01 0.000000e+00 0.000000e+00 -5.915040e-01 -6.055418e-03 -1.057920e-02 0.000000e+00 -8.237006e-02 0.000000e+00 0.000000e+00 1.393258e+00 -3.080349e+00 
-5.714277e-03 1.259971e-02 0.000000e+00 1.069249e-01 0.000000e+00 0.000000e+00 -5.634550e-01 -5.825381e-03 -1.086383e-02 0.000000e+00 -8.394693e-02 0.000000e+00 0.000000e+00 1.411498e+00 -3.157358e+00 
-5.828343e-03 1.237967e-02 0.000000e+00 1.052307e-01 0.000000e+00 0.000000e+00 -5.350500e-01 -5.576182e-03 -1.113906e-02 0.000000e+00 -8.546675e-02 0.000000e+00 0.000000e+00 1.428846e+00 -3.231287e+00 
-5.937236e-03 1.215423e-02 0.000000e+00 1.035067e-01 0.000000e+00 0.000000e+00 -5.063072e-01 -5.308383e-03 -1.140381e-02 0.000000e+00 -8.692575e-02 0.000000e+00 0.000000e+00 1.445291e+00 -3.301972e+00 
-6.040579e-03 1.192360e-02 0.000000e+00 1.017541e-01 0.000000e+00 0.000000e+00 -4.772445e-01 -5.022617e-03 -1.165701e-02 0.000000e+00 -8.832023e-02 0.000000e+00 0.000000e+00 1.460823e+00 -3.369259e+00 
-6.138037e-03 1.168802e-02 0.000000e+00 9.997428e-02 0.000000e+00 0.000000e+00 -4.478804e-01 -4.719604e-03 -1.189772e-02 0.000000e+00 -8.964687e-02 0.000000e+00 0.000000e+00 1.475433e+00 -3.433007e+00 
-6.229268e-03 1.144776e-02 0.000000e+00 9.816864e-02 0.000000e+00 0.000000e+00 -4.182334e-01 -4.400177e-03 -1.212495e-02 0.000000e+00 -9.090220e-02 0.000000e+00 0.000000e+00 1.489111e+00 -3.493085e+00 
-6.313948e-03 1.120311e-02 0.000000e+00 9.633866e-02 0.000000e+00 0.000000e+00 -3.883222e-01 -4.065236e-03 -1.233775e-02 0.000000e+00 -9.208288e-02 0.000000e+00 0.000000e+00 1.501848e+00 -3.549370e+00 
-6.391775e-03 1.095436e-02 0.000000e+00 9.448586e-02 0.000000e+00 0.000000e+00 -3.581658e-01 -3.715738e-03 -1.253523e-02 0.000000e+00 -9.318574e-02 0.000000e+00 0.000000e+00 1.513637e+00 -3.601750e+00 
-6.462471e-03 1.070182e-02 0.000000e+00 9.261182e-02 0.000000e+00 0.000000e+00 -3.277831e-01 -3.352698e-03 -1.271659e-02 0.000000e+00 -9.420786e-02 0.000000e+00 0.000000e+00 1.524470e+00 -3.650121e+00 
-6.525780e-03 1.044583e-02 0.000000e+00 9.071817e-02 0.000000e+00 0.000000e+00 -2.971934e-01 -2.977188e-03 -1.288105e-02 0.000000e+00 -9.514648e-02 0.000000e+00 0.000000e+00 1.534339e+00 -3.694387e+00 
-6.581466e-03 1.018672e-02 0.000000e+00 8.880659e-02 0.000000e+00 0.000000e+00 -2.664160e-01 -2.590339e-03 -1.302792e-02 0.000000e+00 -9.599906e-02 0.000000e+00 0.000000e+00 1.543240e+00 -3.734465e+00 
-6.629317e-03 9.924844e-03 0.000000e+00 8.687883e-02 0.000000e+00 0.000000e+00 -2.354703e-01 -2.193342e-03 -1.315658e-02 0.000000e+00 -9.676323e-02 0.000000e+00 0.000000e+00 1.551166e+00 -3.770276e+00 
-6.669143e-03 9.660577e-03 0.000000e+00 8.493666e-02 0.000000e+00 0.000000e+00 -2.043759e-01 -1.787442e-03 -1.326645e-02 0.000000e+00 -9.743685e-02 0.000000e+00 0.000000e+00 1.558112e+00 -3.801754e+00 
-6.700777e-03 9.394301e-03 0.000000e+00 8.298193e-02 0.000000e+00 0.000000e+00 -1.731524e-01 -1.373946e-03 -1.335703e-02 0.000000e+00 -9.801796e-02 0.000000e+00 0.000000e+00 1.564074e+00 -3.828842e+00 
-6.724073e-03 9.126413e-03 0.000000e+00 8.101653e-02 0.000000e+00 0.000000e+00 -1.418195e-01 -9.542177e-04 -1.342788e-02 0.000000e+00 -9.850481e-02 0.000000e+00 0.000000e+00 1.569048e+00 -3.851490e+00 
-6.738916e-03 8.857305e-03 0.000000e+00 7.904233e-02 0.000000e+00 0.000000e+00 -1.103971e-01 -5.295896e-04 -1.347865e-02 0.000000e+00 -9.889595e-02 0.000000e+00 0.000000e+00 1.573031e+00 -3.869658e+00 
-6.745227e-03 8.587378e-03 0.000000e+00 7.706125e-02 0.000000e+00 0.000000e+00 -7.890489e-02 -1.014451e-04 -1.350912e-02 0.000000e+00 -9.919030e-02 0.000000e+00 0.000000e+00 1.576021e+00 -3.883312e+00 
-6.742954e-03 8.317052e-03 0.000000e+00 7.507528e-02 0.000000e+00 0.000000e+00 -4.736288e-02 3.287545e-04 -1.351912e-02 0.000000e+00 -9.938702e-02 0.000000e+00 0.000000e+00 1.578015e+00 -3.892429e+00 
-6.732070e-03 8.046743e-03 0.000000e+00 7.308640e-02 0.000000e+00 0.000000e+00 -1.579095e-02 7.595660e-04 -1.350859e-02 0.000000e+00 -9.948553e-02 0.000000e+00 0.000000e+00 1.579012e+00 -3.896991e+00 
-6.712579e-03 7.776860e-03 0.000000e+00 7.109657e-02 0.000000e+00 0.000000e+00 1.579095e-02 1.189564e-03 -1.347754e-02 0.000000e+00 -9.948555e-02 0.000000e+00 0.000000e+00 1.579012e+00 -3.896991e+00 
-6.684509e-03 7.507809e-03 0.000000e+00 6.910774e-02 0.000000e+00 0.000000e+00 4.736288e-02 1.617343e-03 -1.342608e-02 0.000000e+00 -9.938708e-02 0.000000e+00 0.000000e+00 1.578015e+00 -3.892428e+00 
-6.647917e-03 7.239990e-03 0.000000e+00 6.712187e-02 0.000000e+00 0.000000e+00 7.890489e-02 2.041513e-03 -1.335439e-02 0.000000e+00 -9.919039e-02 0.000000e+00 0.000000e+00 1.576021e+00 -3.883311e+00 
-6.602889e-03 6.973800e-03 0.000000e+00 6.514089e-02 0.000000e+00 0.000000e+00 1.103971e-01 2.460704e-03 -1.326274e-02 0.000000e+00 -9.889605e-02 0.000000e+00 0.000000e+00 1.573031e+00 -3.869656e+00 
-6.549536e-03 6.709630e-03 0.000000e+00 6.316673e-02 0.000000e+00 0.000000e+00 1.418195e-01 2.873564e-03 -1.315148e-02 0.000000e+00 -9.850492e-02 0.000000e+00 0.000000e+00 1.569048e+00 -3.851488e+00 
-6.487998e-03 6.447865e-03 0.000000e+00 6.120132e-02 0.000000e+00 0.000000e+00 1.731524e-01 3.278759e-03 -1.302108e-02 0.000000e+00 -9.801811e-02 0.000000e+00 0.000000e+00 1.564074e+00 -3.828840e+00 
-6.418442e-03 6.188888e-03 0.000000e+00 5.924656e-02 0.000000e+00 0.000000e+00 2.043759e-01 3.674972e-03 -1.287204e-02 0.000000e+00 -9.743706e-02 0.000000e+00 0.000000e+00 1.558112e+00 -3.801752e+00 
-6.341062e-03 5.933074e-03 0.000000e+00 5.730436e-02 0.000000e+00 0.000000e+00 2.354703e-01 4.060907e-03 -1.270499e-02 0.000000e+00 -9.676344e-02 0.000000e+00 0.000000e+00 1.551166e+00 -3.770274e+00 
-6.256076e-03 5.680788e-03 0.000000e+00 5.537657e-02 0.000000e+00 0.000000e+00 2.664160e-01 4.435320e-03 -1.252059e-02 0.000000e+00 -9.599918e-02 0.000000e+00 0.000000e+00 1.543240e+00 -3.734463e+00 
-6.163719e-03 5.432355e-03 0.000000e+00 5.346495e-02 0.000000e+00 0.000000e+00 2.971934e-01 4.797100e-03 -1.231957e-02 0.000000e+00 -9.514636e-02 0.000000e+00 0.000000e+00 1.534339e+00 -3.694388e+00 
-6.064266e-03 5.188103e-03 0.000000e+00 5.157126e-02 0.000000e+00 0.000000e+00 3.277831e-01 5.145136e-03 -1.210278e-02 0.000000e+00 -9.420749e-02 0.000000e+00 0.000000e+00 1.524470e+00 -3.650123e+00 
-5.958006e-03 4.948341e-03 0.000000e+00 4.969720e-02 0.000000e+00 0.000000e+00 3.581658e-01 5.478386e-03 -1.187110e-02 0.000000e+00 -9.318523e-02 0.000000e+00 0.000000e+00 1.513637e+00 -3.601753e+00 
-5.845244e-03 4.713357e-03 0.000000e+00 4.784441e-02 0.000000e+00 0.000000e+00 3.883222e-01 5.795887e-03 -1.162545e-02 0.000000e+00 -9.208239e-02 0.000000e+00 0.000000e+00 1.501848e+00 -3.549373e+00 
-5.726302e-03 4.483419e-03 0.000000e+00 4.601446e-02 0.000000e+00 0.000000e+00 4.182334e-01 6.096753e-03 -1.136679e-02 0.000000e+00 -9.090190e-02 0.000000e+00 0.000000e+00 1.489111e+00 -3.493087e+00 
-5.601517e-03 4.258777e-03 0.000000e+00 4.420888e-02 0.000000e+00 0.000000e+00 4.478804e-01 6.380174e-03 -1.109612e-02 0.000000e+00 -8.964684e-02 0.000000e+00 0.000000e+00 1.475433e+00 -3.433008e+00 
-5.471238e-03 4.039657e-03 0.000000e+00 4.242910e-02 0.000000e+00 0.000000e+00 4.772445e-01 6.645418e-03 -1.081445e-02 0.000000e+00 -8.832044e-02 0.000000e+00 0.000000e+00 1.460823e+00 -3.369259e+00 
-5.335835e-03 3.826268e-03 0.000000e+00 4.067653e-02 0.000000e+00 0.000000e+00 5.063072e-01 6.891832e-03 -1.052285e-02 0.000000e+00 -8.692605e-02 0.000000e+00 0.000000e+00 1.445291e+00 -3.301973e+00 
-5.195688e-03 3.618798e-03 0.000000e+00 3.895248e-02 0.000000e+00 0.000000e+00 5.350500e-01 7.118837e-03 -1.022240e-02 0.000000e+00 -8.546716e-02 0.000000e+00 0.000000e+00 1.428846e+00 -3.231291e+00 
-5.051196e-03 3.417415e-03 0.000000e+00 3.725821e-02 0.000000e+00 0.000000e+00 5.634550e-01 7.325933e-03 -9.914242e-03 0.000000e+00 -8.394742e-02 0.000000e+00 0.000000e+00 1.411498e+00 -3.157365e+00 
-4.902770e-03 3.222265e-03 0.000000e+00 3.559493e-02 0.000000e+00 0.000000e+00 5.915040e-01 7.512698e-03 -9.599521e-03 0.000000e+00 -8.237058e-02 0.000000e+00 0.000000e+00 1.393258e+00 -3.080357e+00 
-4.750813e-03 3.033473e-03 0.000000e+00 3.396375e-02 0.000000e+00 0.000000e+00 6.191794e-01 7.678786e-03 -9.279326e-03 0.000000e+00 -8.074022e-02 0.000000e+00 0.000000e+00 1.374139e+00 -3.000435e+00 
-4.595742e-03 2.851131e-03 0.000000e+00 3.236568e-02 0.000000e+00 0.000000e+00 6.464638e-01 7.823968e-03 -8.954782e-03 0.000000e+00 -7.906008e-02 0.000000e+00 0.000000e+00 1.354152e+00 -2.917780e+00 
-4.437982e-03 2.675311e-03 0.000000e+00 3.080167e-02 0.000000e+00 0.000000e+00 6.733398e-01 7.948093e-03 -8.627023e-03 0.000000e+00 -7.733398e-02 0.000000e+00 0.000000e+00 1.333309e+00 -2.832585e+00 
-4.277960e-03 2.506064e-03 0.000000e+00 2.927260e-02 0.000000e+00 0.000000e+00 6.997905e-01 8.051079e-03 -8.297148e-03 0.000000e+00 -7.556564e-02 0.000000e+00 0.000000e+00 1.311624e+00 -2.745048e+00 
-4.116095e-03 2.343424e-03 0.000000e+00 2.777928e-02 0.000000e+00 0.000000e+00 7.257993e-01 8.132913e-03 -7.966218e-03 0.000000e+00 -7.375871e-02 0.000000e+00 0.000000e+00 1.289111e+00 -2.655375e+00 
-3.952807e-03 2.187403e-03 0.000000e+00 2.632246e-02 0.000000e+00 0.000000e+00 7.513496e-01 8.193648e-03 -7.635260e-03 0.000000e+00 -7.191678e-02 0.000000e+00 0.000000e+00 1.265784e+00 -2.563779e+00 
-3.788513e-03 2.037995e-03 0.000000e+00 2.490280e-02 0.000000e+00 0.000000e+00 7.764253e-01 8.233405e-03 -7.305262e-03 0.000000e+00 -7.004334e-02 0.000000e+00 0.000000e+00 1.241657e+00 -2.470480e+00 
-3.623625e-03 1.895171e-03 0.000000e+00 2.352089e-02 0.000000e+00 0.000000e+00 8.010106e-01 8.252376e-03 -6.977178e-03 0.000000e+00 -6.814180e-02 0.000000e+00 0.000000e+00 1.216746e+00 -2.375705e+00 
-3.458557e-03 1.758887e-03 0.000000e+00 2.217728e-02 0.000000e+00 0.000000e+00 8.250900e-01 8.250816e-03 -6.651922e-03 0.000000e+00 -6.621553e-02 0.000000e+00 0.000000e+00 1.191066e+00 -2.279687e+00 
-3.293716e-03 1.629075e-03 0.000000e+00 2.087243e-02 0.000000e+00 0.000000e+00 8.486482e-01 8.229053e-03 -6.330375e-03 0.000000e+00 -6.426777e-02 0.000000e+00 0.000000e+00 1.164634e+00 -2.182669e+00 
-3.129508e-03 1.505651e-03 0.000000e+00 1.960671e-02 0.000000e+00 0.000000e+00 8.716705e-01 8.187480e-03 -6.013381e-03 0.000000e+00 -6.230172e-02 0.000000e+00 0.000000e+00 1.137466e+00 -2.084897e+00 
-2.966334e-03 1.388512e-03 0.000000e+00 1.838048e-02 0.000000e+00 0.000000e+00 8.941421e-01 8.126542e-03 -5.701733e-03 0.000000e+00 -6.032045e-02 0.000000e+00 0.000000e+00 1.109580e+00 -1.986624e+00 
-2.804568e-03 1.277555e-03 0.000000e+00 1.719401e-02 0.000000e+00 0.000000e+00 9.160490e-01 8.046679e-03 -5.396123e-03 0.000000e+00 -5.832674e-02 0.000000e+00 0.000000e+00 1.080993e+00 -1.888098e+00 
-2.644585e-03 1.172642e-03 0.000000e+00 1.604752e-02 0.000000e+00 0.000000e+00 9.373773e-01 7.948440e-03 -5.097200e-03 0.000000e+00 -5.632327e-02 0.000000e+00 0.000000e+00 1.051724e+00 -1.789580e+00 
-2.486747e-03 1.073629e-03 0.000000e+00 1.494116e-02 0.000000e+00 0.000000e+00 9.581135e-01 7.832399e-03 -4.805554e-03 0.000000e+00 -5.431258e-02 0.000000e+00 0.000000e+00 1.021790e+00 -1.691334e+00 
-2.331405e-03 9.803634e-04 0.000000e+00 1.387504e-02 0.000000e+00 0.000000e+00 9.782446e-01 7.699151e-03 -4.521709e-03 0.000000e+00 -5.229704e-02 0.000000e+00 0.000000e+00 9.912105e-01 -1.593620e+00 
-2.178897e-03 8.926871e-04 0.000000e+00 1.284925e-02 0.000000e+00 0.000000e+00 9.977578e-01 7.549305e-03 -4.246122e-03 0.000000e+00 -5.027881e-02 0.000000e+00 0.000000e+00 9.600050e-01 -1.496698e+00 
-2.029546e-03 8.104348e-04 0.000000e+00 1.186382e-02 0.000000e+00 0.000000e+00 1.016641e+00 7.383492e-03 -3.979183e-03 0.000000e+00 -4.825990e-02 0.000000e+00 0.000000e+00 9.281933e-01 -1.400824e+00 
-1.883666e-03 7.334347e-04 0.000000e+00 1.091878e-02 0.000000e+00 0.000000e+00 1.034882e+00 7.202355e-03 -3.721216e-03 0.000000e+00 -4.624213e-02 0.000000e+00 0.000000e+00 8.957952e-01 -1.306256e+00 
-1.741554e-03 6.615087e-04 0.000000e+00 1.001408e-02 0.000000e+00 0.000000e+00 1.052469e+00 7.006560e-03 -3.472479e-03 0.000000e+00 -4.422714e-02 0.000000e+00 0.000000e+00 8.628314e-01 -1.213246e+00 
-1.603496e-03 5.944716e-04 0.000000e+00 9.149659e-03 0.000000e+00 0.000000e+00 1.069391e+00 6.796786e-03 -3.233164e-03 0.000000e+00 -4.221641e-02 0.000000e+00 0.000000e+00 8.293225e-01 -1.122047e+00 
-1.469767e-03 5.321319e-04 0.000000e+00 8.325420e-03 0.000000e+00 0.000000e+00 1.085638e+00 6.573732e-03 -3.003395e-03 0.000000e+00 -4.021121e-02 0.000000e+00 0.000000e+00 7.952899e-01 -1.032910e+00 
-1.340625e-03 4.742915e-04 0.000000e+00 7.541219e-03 0.000000e+00 0.000000e+00 1.101199e+00 6.338113e-03 -2.783233e-03 0.000000e+00 -3.821266e-02 0.000000e+00 0.000000e+00 7.607549e-01 -9.460842e-01 
-1.216318e-03 4.207513e-04 0.000000e+00 6.796897e-03 0.000000e+00 0.000000e+00 1.116065e+00 6.090651e-03 -2.572674e-03 0.000000e+00 -3.622171e-02 0.000000e+00 0.000000e+00 7.257394e-01 -8.618122e-01 
-1.097075e-03 3.713294e-04 0.000000e+00 6.092318e-03 0.000000e+00 0.000000e+00 1.130226e+00 5.832017e-03 -2.371663e-03 0.000000e+00 -3.423914e-02 0.000000e+00 0.000000e+00 6.902656e-01 -7.803218e-01 
-9.831101e-04 3.258318e-04 0.000000e+00 5.427298e-03 0.000000e+00 0.000000e+00 1.143673e+00 5.562905e-03 -2.180056e-03 0.000000e+00 -3.226550e-02 0.000000e+00 0.000000e+00 6.543557e-01 -7.018420e-01 
-8.746253e-04 2.840696e-04 0.000000e+00 4.801646e-03 0.000000e+00 0.000000e+00 1.156397e+00 5.284002e-03 -1.997659e-03 0.000000e+00 -3.030121e-02 0.000000e+00 0.000000e+00 6.180325e-01 -6.265934e-01 
-7.718096e-04 2.458608e-04 0.000000e+00 4.215172e-03 0.000000e+00 0.000000e+00 1.168392e+00 4.995980e-03 -1.824231e-03 0.000000e+00 -2.834654e-02 0.000000e+00 0.000000e+00 5.813190e-01 -5.547859e-01 
-6.748393e-04 2.110307e-04 0.000000e+00 3.667687e-03 0.000000e+00 0.000000e+00 1.179648e+00 4.699501e-03 -1.659483e-03 0.000000e+00 -2.640165e-02 0.000000e+00 0.000000e+00 5.442383e-01 -4.866191e-01 
-5.838778e-04 1.794116e-04 0.000000e+00 3.159001e-03 0.000000e+00 0.000000e+00 1.190159e+00 4.395211e-03 -1.503078e-03 0.000000e+00 -2.446656e-02 0.000000e+00 0.000000e+00 5.068138e-01 -4.222821e-01 
-4.990756e-04 1.508432e-04 0.000000e+00 2.688929e-03 0.000000e+00 0.000000e+00 1.199918e+00 4.083745e-03 -1.354634e-03 0.000000e+00 -2.254115e-02 0.000000e+00 0.000000e+00 4.690693e-01 -3.619537e-01 
-4.205705e-04 1.251722e-04 0.000000e+00 2.257282e-03 0.000000e+00 0.000000e+00 1.208920e+00 3.765727e-03 -1.213720e-03 0.000000e+00 -2.062518e-02 0.000000e+00 0.000000e+00 4.310284e-01 -3.058023e-01 
-3.484874e-04 1.022523e-04 0.000000e+00 1.863875e-03 0.000000e+00 0.000000e+00 1.217157e+00 3.441765e-03 -1.079858e-03 0.000000e+00 -1.871829e-02 0.000000e+00 0.000000e+00 3.927153e-01 -2.539857e-01 
-2.829383e-04 8.194473e-05 0.000000e+00 1.508522e-03 0.000000e+00 0.000000e+00 1.224627e+00 3.112456e-03 -9.525214e-04 0.000000e+00 -1.681996e-02 0.000000e+00 0.000000e+00 3.541542e-01 -2.066516e-01 
-2.240228e-04 6.411899e-05 0.000000e+00 1.191043e-03 0.000000e+00 0.000000e+00 1.231322e+00 2.778384e-03 -8.311444e-04 0.000000e+00 -1.492958e-02 0.000000e+00 0.000000e+00 3.153694e-01 -1.639363e-01 
-1.718316e-04 4.866501e-05 0.000000e+00 9.112954e-04 0.000000e+00 0.000000e+00 1.237240e+00 2.440116e-03 -7.151568e-04 0.000000e+00 -1.304652e-02 0.000000e+00 0.000000e+00 2.763853e-01 -1.259582e-01 
-1.264428e-04 3.548165e-05 0.000000e+00 6.691408e-04 0.000000e+00 0.000000e+00 1.242376e+00 2.098204e-03 -6.039413e-04 0.000000e+00 -1.117003e-02 0.000000e+00 0.000000e+00 2.372267e-01 -9.282447e-02 
-8.792398e-05 2.447959e-05 0.000000e+00 4.644555e-04 0.000000e+00 0.000000e+00 1.246728e+00 1.753188e-03 -4.968582e-04 0.000000e+00 -9.299270e-03 0.000000e+00 0.000000e+00 1.979183e-01 -6.462870e-02 
-5.633184e-05 1.558297e-05 0.000000e+00 2.971341e-04 0.000000e+00 0.000000e+00 1.250292e+00 1.405603e-03 -3.932529e-04 0.000000e+00 -7.433394e-03 0.000000e+00 0.000000e+00 1.584849e-01 -4.145033e-02 
-3.171277e-05 8.729378e-06 0.000000e+00 1.670894e-04 0.000000e+00 0.000000e+00 1.253067e+00 1.055977e-03 -2.924560e-04 0.000000e+00 -5.571494e-03 0.000000e+00 0.000000e+00 1.189513e-01 -2.335451e-02 
-1.410259e-05 3.869882e-06 0.000000e+00 7.425231e-05 0.000000e+00 0.000000e+00 1.255050e+00 7.048276e-04 -1.937831e-04 0.000000e+00 -3.712625e-03 0.000000e+00 0.000000e+00 7.934265e-02 -1.039209e-02 
-3.526638e-06 9.690023e-07 0.000000e+00 1.857208e-05 0.000000e+00 0.000000e+00 1.256240e+00 3.526678e-04 -9.653510e-05 0.000000e+00 -1.855801e-03 0.000000e+00 0.000000e+00 3.968386e-02 -2.599689e-03 
2.525533e-10 4.719638e-09 0.000000e+00 1.625179e-08 0.000000e+00 0.000000e+00 1.256637e+00 2.119336e-09 2.089397e-09 0.000000e+00 5.360302e-09 0.000000e+00 0.000000e+00 3.867769e-16 3.623272e-07 
