0.000000e+00 0.000000e+00 0.000000e+00 0.000000e+00 0.000000e+00 0.000000e+00 0.000000e+00 0.000000e+00 0.000000e+00 0.000000e+00 0.000000e+00 0.000000e+00 0.000000e+00 
1.000000e-02 5.907551e-13 -1.378141e-07 0.000000e+00 -1.439073e-06 0.000000e+00 0.000000e+00 3.523571e-10 -4.134363e-05 0.000000e+00 -4.317157e-04 0.000000e+00 0.000000e+00 
2.000000e-02 3.434339e-10 -1.102368e-06 0.000000e+00 -1.151107e-05 0.000000e+00 0.000000e+00 2.045258e-08 -1.653564e-04 0.000000e+00 -1.726673e-03 0.000000e+00 0.000000e+00 
3.000000e-02 7.228929e-10 -3.720274e-06 0.000000e+00 -3.884759e-05 0.000000e+00 0.000000e+00 9.371650e-08 -3.719838e-04 0.000000e+00 -3.884305e-03 0.000000e+00 0.000000e+00 
4.000000e-02 2.273661e-09 -8.817257e-06 0.000000e+00 -9.207096e-05 0.000000e+00 0.000000e+00 3.561464e-07 -6.611355e-04 0.000000e+00 -6.903664e-03 0.000000e+00 0.000000e+00 
5.000000e-02 8.927405e-09 -1.721777e-05 0.000000e+00 -1.797902e-04 0.000000e+00 0.000000e+00 1.092108e-06 -1.032684e-03 0.000000e+00 -1.078343e-02 0.000000e+00 0.000000e+00 
6.000000e-02 2.741276e-08 -2.974500e-05 0.000000e+00 -3.106013e-04 0.000000e+00 0.000000e+00 2.734328e-06 -1.486466e-03 0.000000e+00 -1.552188e-02 0.000000e+00 0.000000e+00 
7.000000e-02 6.942679e-08 -4.722041e-05 0.000000e+00 -4.930821e-04 0.000000e+00 0.000000e+00 5.911007e-06 -2.022281e-03 0.000000e+00 -2.111695e-02 0.000000e+00 0.000000e+00 
8.000000e-02 1.537641e-07 -7.046325e-05 0.000000e+00 -7.357873e-04 0.000000e+00 0.000000e+00 1.150674e-05 -2.639891e-03 0.000000e+00 -2.756617e-02 0.000000e+00 0.000000e+00 
9.000000e-02 3.106408e-07 -1.002901e-04 0.000000e+00 -1.047244e-03 0.000000e+00 0.000000e+00 2.070517e-05 -3.339018e-03 0.000000e+00 -3.486667e-02 0.000000e+00 0.000000e+00 
1.000000e-01 5.845979e-07 -1.375143e-04 0.000000e+00 -1.435948e-03 0.000000e+00 0.000000e+00 3.502999e-05 -4.119343e-03 0.000000e+00 -4.301519e-02 0.000000e+00 0.000000e+00 
1.100000e-01 1.035835e-06 -1.829462e-04 0.000000e+00 -1.910361e-03 0.000000e+00 0.000000e+00 5.635592e-05 -4.980500e-03 0.000000e+00 -5.200804e-02 0.000000e+00 0.000000e+00 
1.200000e-01 1.745816e-06 -2.373919e-04 0.000000e+00 -2.478906e-03 0.000000e+00 0.000000e+00 8.696902e-05 -5.922076e-03 0.000000e+00 -6.184113e-02 0.000000e+00 0.000000e+00 
1.300000e-01 2.815749e-06 -3.016541e-04 0.000000e+00 -3.149968e-03 0.000000e+00 0.000000e+00 1.295622e-04 -6.943614e-03 0.000000e+00 -7.250992e-02 0.000000e+00 0.000000e+00 
1.400000e-01 4.382516e-06 -3.765297e-04 0.000000e+00 -3.931878e-03 0.000000e+00 0.000000e+00 1.873450e-04 -8.044583e-03 0.000000e+00 -8.400936e-02 0.000000e+00 0.000000e+00 
1.500000e-01 6.620545e-06 -4.628093e-04 0.000000e+00 -4.832911e-03 0.000000e+00 0.000000e+00 2.640571e-04 -9.224370e-03 0.000000e+00 -9.633378e-02 0.000000e+00 0.000000e+00 
1.600000e-01 9.741809e-06 -5.612775e-04 0.000000e+00 -5.861283e-03 0.000000e+00 0.000000e+00 3.639687e-04 -1.048228e-02 0.000000e+00 -1.094770e-01 0.000000e+00 0.000000e+00 
1.700000e-01 1.399909e-05 -6.727114e-04 0.000000e+00 -7.025148e-03 0.000000e+00 0.000000e+00 4.918919e-04 -1.181753e-02 0.000000e+00 -1.234320e-01 0.000000e+00 0.000000e+00 
1.800000e-01 1.970808e-05 -7.978762e-04 0.000000e+00 -8.332565e-03 0.000000e+00 0.000000e+00 6.532875e-04 -1.322914e-02 0.000000e+00 -1.381911e-01 0.000000e+00 0.000000e+00 
1.900000e-01 2.721546e-05 -9.375381e-04 0.000000e+00 -9.791574e-03 0.000000e+00 0.000000e+00 8.541804e-04 -1.471618e-02 0.000000e+00 -1.537461e-01 0.000000e+00 0.000000e+00 
2.000000e-01 3.694182e-05 -1.092449e-03 0.000000e+00 -1.141011e-02 0.000000e+00 0.000000e+00 1.101275e-03 -1.627749e-02 0.000000e+00 -1.700880e-01 0.000000e+00 0.000000e+00 
2.100000e-01 4.939141e-05 -1.263342e-03 0.000000e+00 -1.319597e-02 0.000000e+00 0.000000e+00 1.401988e-03 -1.791164e-02 0.000000e+00 -1.872060e-01 0.000000e+00 0.000000e+00 
2.200000e-01 6.515218e-05 -1.450932e-03 0.000000e+00 -1.515685e-02 0.000000e+00 0.000000e+00 1.764444e-03 -1.961693e-02 0.000000e+00 -2.050880e-01 0.000000e+00 0.000000e+00 
2.300000e-01 8.489575e-05 -1.655918e-03 0.000000e+00 -1.730028e-02 0.000000e+00 0.000000e+00 2.197482e-03 -2.139137e-02 0.000000e+00 -2.237204e-01 0.000000e+00 0.000000e+00 
2.400000e-01 1.093774e-04 -1.878980e-03 0.000000e+00 -1.963370e-02 0.000000e+00 0.000000e+00 2.710649e-03 -2.323270e-02 0.000000e+00 -2.430881e-01 0.000000e+00 0.000000e+00 
2.500000e-01 1.394361e-04 -2.120777e-03 0.000000e+00 -2.216439e-02 0.000000e+00 0.000000e+00 3.314204e-03 -2.513841e-02 0.000000e+00 -2.631746e-01 0.000000e+00 0.000000e+00 
2.600000e-01 1.760209e-04 -2.381936e-03 0.000000e+00 -2.489944e-02 0.000000e+00 0.000000e+00 4.019101e-03 -2.710544e-02 0.000000e+00 -2.839607e-01 0.000000e+00 0.000000e+00 
2.700000e-01 2.202131e-04 -2.663052e-03 0.000000e+00 -2.784573e-02 0.000000e+00 0.000000e+00 4.837130e-03 -2.913026e-02 0.000000e+00 -3.054249e-01 0.000000e+00 0.000000e+00 
2.800000e-01 2.731913e-04 -2.964706e-03 0.000000e+00 -3.101003e-02 0.000000e+00 0.000000e+00 5.780880e-03 -3.120905e-02 0.000000e+00 -3.275439e-01 0.000000e+00 0.000000e+00 
2.900000e-01 3.362780e-04 -3.287416e-03 0.000000e+00 -3.439877e-02 0.000000e+00 0.000000e+00 6.863583e-03 -3.333717e-02 0.000000e+00 -3.502906e-01 0.000000e+00 0.000000e+00 
3.000000e-01 4.109400e-04 -3.631638e-03 0.000000e+00 -3.801803e-02 0.000000e+00 0.000000e+00 8.099108e-03 -3.550908e-02 0.000000e+00 -3.736335e-01 0.000000e+00 0.000000e+00 
3.100000e-01 4.987887e-04 -3.997764e-03 0.000000e+00 -4.187352e-02 0.000000e+00 0.000000e+00 9.501963e-03 -3.771837e-02 0.000000e+00 -3.975368e-01 0.000000e+00 0.000000e+00 
3.200000e-01 6.015801e-04 -4.386119e-03 0.000000e+00 -4.597058e-02 0.000000e+00 0.000000e+00 1.108730e-02 -3.995775e-02 0.000000e+00 -4.219603e-01 0.000000e+00 0.000000e+00 
3.300000e-01 7.212144e-04 -4.796970e-03 0.000000e+00 -5.031422e-02 0.000000e+00 0.000000e+00 1.287089e-02 -4.221907e-02 0.000000e+00 -4.468599e-01 0.000000e+00 0.000000e+00 
3.400000e-01 8.597371e-04 -5.230512e-03 0.000000e+00 -5.490906e-02 0.000000e+00 0.000000e+00 1.486916e-02 -4.449325e-02 0.000000e+00 -4.721869e-01 0.000000e+00 0.000000e+00 
3.500000e-01 1.019369e-03 -5.686796e-03 0.000000e+00 -5.975897e-02 0.000000e+00 0.000000e+00 1.709857e-02 -4.676950e-02 0.000000e+00 -4.978842e-01 0.000000e+00 0.000000e+00 
3.600000e-01 1.202523e-03 -6.165814e-03 0.000000e+00 -6.486750e-02 0.000000e+00 0.000000e+00 1.957652e-02 -4.903609e-02 0.000000e+00 -5.238903e-01 0.000000e+00 0.000000e+00 
3.700000e-01 1.411779e-03 -6.667436e-03 0.000000e+00 -7.023754e-02 0.000000e+00 0.000000e+00 2.232064e-02 -5.127979e-02 0.000000e+00 -5.501366e-01 0.000000e+00 0.000000e+00 
3.800000e-01 1.649885e-03 -7.191347e-03 0.000000e+00 -7.587106e-02 0.000000e+00 0.000000e+00 2.534827e-02 -5.348534e-02 0.000000e+00 -5.765447e-01 0.000000e+00 0.000000e+00 
3.900000e-01 1.919758e-03 -7.737049e-03 0.000000e+00 -8.176911e-02 0.000000e+00 0.000000e+00 2.867653e-02 -5.563545e-02 0.000000e+00 -6.030266e-01 0.000000e+00 0.000000e+00 
4.000000e-01 2.224485e-03 -8.303865e-03 0.000000e+00 -8.793180e-02 0.000000e+00 0.000000e+00 3.232225e-02 -5.771081e-02 0.000000e+00 -6.294850e-01 0.000000e+00 0.000000e+00 
4.100000e-01 2.567322e-03 -8.890931e-03 0.000000e+00 -9.435832e-02 0.000000e+00 0.000000e+00 3.630203e-02 -5.969007e-02 0.000000e+00 -6.558126e-01 0.000000e+00 0.000000e+00 
4.200000e-01 2.951693e-03 -9.497205e-03 0.000000e+00 -1.010469e-01 0.000000e+00 0.000000e+00 4.063220e-02 -6.154985e-02 0.000000e+00 -6.818926e-01 0.000000e+00 0.000000e+00 
4.300000e-01 3.381164e-03 -1.012139e-02 0.000000e+00 -1.079947e-01 0.000000e+00 0.000000e+00 4.532798e-02 -6.326421e-02 0.000000e+00 -7.075964e-01 0.000000e+00 0.000000e+00 
4.400000e-01 3.859475e-03 -1.076186e-02 0.000000e+00 -1.151969e-01 0.000000e+00 0.000000e+00 5.040315e-02 -6.480406e-02 0.000000e+00 -7.327804e-01 0.000000e+00 0.000000e+00 
4.500000e-01 4.390524e-03 -1.141677e-02 0.000000e+00 -1.226480e-01 0.000000e+00 0.000000e+00 5.587060e-02 -6.613781e-02 0.000000e+00 -7.572893e-01 0.000000e+00 0.000000e+00 
4.600000e-01 4.978274e-03 -1.208387e-02 0.000000e+00 -1.303402e-01 0.000000e+00 0.000000e+00 6.174035e-02 -6.723034e-02 0.000000e+00 -7.809518e-01 0.000000e+00 0.000000e+00 
4.700000e-01 5.626756e-03 -1.276052e-02 0.000000e+00 -1.382639e-01 0.000000e+00 0.000000e+00 6.801953e-02 -6.804308e-02 0.000000e+00 -8.035810e-01 0.000000e+00 0.000000e+00 
4.800000e-01 6.340064e-03 -1.344368e-02 0.000000e+00 -1.464078e-01 0.000000e+00 0.000000e+00 7.471234e-02 -6.853395e-02 0.000000e+00 -8.249742e-01 0.000000e+00 0.000000e+00 
4.900000e-01 7.122358e-03 -1.412993e-02 0.000000e+00 -1.547584e-01 0.000000e+00 0.000000e+00 8.182009e-02 -6.865740e-02 0.000000e+00 -8.449130e-01 0.000000e+00 0.000000e+00 
5.000000e-01 7.977779e-03 -1.481539e-02 0.000000e+00 -1.633002e-01 0.000000e+00 0.000000e+00 8.933986e-02 -6.836412e-02 0.000000e+00 -8.631629e-01 0.000000e+00 0.000000e+00 
5.100000e-01 8.910426e-03 -1.549561e-02 0.000000e+00 -1.720150e-01 0.000000e+00 0.000000e+00 9.726332e-02 -6.760036e-02 0.000000e+00 -8.794701e-01 0.000000e+00 0.000000e+00 
5.200000e-01 9.924347e-03 -1.616564e-02 0.000000e+00 -1.808822e-01 0.000000e+00 0.000000e+00 1.055772e-01 -6.630829e-02 0.000000e+00 -8.935631e-01 0.000000e+00 0.000000e+00 
5.300000e-01 1.102331e-02 -1.681986e-02 0.000000e+00 -1.898781e-01 0.000000e+00 0.000000e+00 1.142596e-01 -6.442590e-02 0.000000e+00 -9.051563e-01 0.000000e+00 0.000000e+00 
5.400000e-01 1.221076e-02 -1.745201e-02 0.000000e+00 -1.989762e-01 0.000000e+00 0.000000e+00 1.232802e-01 -6.188703e-02 0.000000e+00 -9.139496e-01 0.000000e+00 0.000000e+00 
5.500000e-01 1.348989e-02 -1.805517e-02 0.000000e+00 -2.081467e-01 0.000000e+00 0.000000e+00 1.325999e-01 -5.862133e-02 0.000000e+00 -9.196287e-01 0.000000e+00 0.000000e+00 
5.600000e-01 1.486352e-02 -1.862174e-02 0.000000e+00 -2.173572e-01 0.000000e+00 0.000000e+00 1.421704e-01 -5.455450e-02 0.000000e+00 -9.218669e-01 0.000000e+00 0.000000e+00 
5.700000e-01 1.633384e-02 -1.914332e-02 0.000000e+00 -2.265715e-01 0.000000e+00 0.000000e+00 1.519299e-01 -4.960885e-02 0.000000e+00 -9.203336e-01 0.000000e+00 0.000000e+00 
5.800000e-01 1.790248e-02 -1.961071e-02 0.000000e+00 -2.357501e-01 0.000000e+00 0.000000e+00 1.618038e-01 -4.370264e-02 0.000000e+00 -9.146887e-01 0.000000e+00 0.000000e+00 
5.900000e-01 1.957011e-02 -2.001389e-02 0.000000e+00 -2.448504e-01 0.000000e+00 0.000000e+00 1.717001e-01 -3.675360e-02 0.000000e+00 -9.046097e-01 0.000000e+00 0.000000e+00 
6.000000e-01 2.133628e-02 -2.034203e-02 0.000000e+00 -2.538265e-01 0.000000e+00 0.000000e+00 1.815085e-01 -2.867931e-02 0.000000e+00 -8.897958e-01 0.000000e+00 0.000000e+00 
6.100000e-01 2.319951e-02 -2.058346e-02 0.000000e+00 -2.626296e-01 0.000000e+00 0.000000e+00 1.910999e-01 -1.939724e-02 0.000000e+00 -8.699673e-01 0.000000e+00 0.000000e+00 
6.200000e-01 2.515694e-02 -2.072573e-02 0.000000e+00 -2.712087e-01 0.000000e+00 0.000000e+00 2.003247e-01 -8.828577e-03 0.000000e+00 -8.448913e-01 0.000000e+00 0.000000e+00 
6.300000e-01 2.720413e-02 -2.075552e-02 0.000000e+00 -2.795096e-01 0.000000e+00 0.000000e+00 2.090077e-01 3.101511e-03 0.000000e+00 -8.143892e-01 0.000000e+00 0.000000e+00 
6.400000e-01 2.933471e-02 -2.065888e-02 0.000000e+00 -2.874776e-01 0.000000e+00 0.000000e+00 2.169486e-01 1.645585e-02 0.000000e+00 -7.783814e-01 0.000000e+00 0.000000e+00 
6.500000e-01 3.154000e-02 -2.042143e-02 0.000000e+00 -2.950585e-01 0.000000e+00 0.000000e+00 2.239204e-01 3.127833e-02 0.000000e+00 -7.369278e-01 0.000000e+00 0.000000e+00 
6.600000e-01 3.380903e-02 -2.002837e-02 0.000000e+00 -3.021988e-01 0.000000e+00 0.000000e+00 2.296695e-01 4.759392e-02 0.000000e+00 -6.902275e-01 0.000000e+00 0.000000e+00 
6.700000e-01 3.612833e-02 -1.946471e-02 0.000000e+00 -3.088475e-01 0.000000e+00 0.000000e+00 2.339175e-01 6.540214e-02 0.000000e+00 -6.386498e-01 0.000000e+00 0.000000e+00 
6.800000e-01 3.848133e-02 -1.871555e-02 0.000000e+00 -3.149580e-01 0.000000e+00 0.000000e+00 2.363580e-01 8.466555e-02 0.000000e+00 -5.828030e-01 0.000000e+00 0.000000e+00 
6.900000e-01 4.084838e-02 -1.776665e-02 0.000000e+00 -3.204914e-01 0.000000e+00 0.000000e+00 2.366677e-01 1.053002e-01 0.000000e+00 -5.235641e-01 0.000000e+00 0.000000e+00 
7.000000e-01 4.320651e-02 -1.660526e-02 0.000000e+00 -3.254209e-01 0.000000e+00 0.000000e+00 2.345198e-01 1.271610e-01 0.000000e+00 -4.621283e-01 0.000000e+00 0.000000e+00 
7.100000e-01 4.552950e-02 -1.522010e-02 0.000000e+00 -3.297320e-01 0.000000e+00 0.000000e+00 2.295842e-01 1.500422e-01 0.000000e+00 -4.000105e-01 0.000000e+00 0.000000e+00 
7.200000e-01 4.778792e-02 -1.360209e-02 0.000000e+00 -3.334257e-01 0.000000e+00 0.000000e+00 2.215430e-01 1.736690e-01 0.000000e+00 -3.390549e-01 0.000000e+00 0.000000e+00 
7.300000e-01 4.994906e-02 -1.174543e-02 0.000000e+00 -3.365244e-01 0.000000e+00 0.000000e+00 2.101129e-01 1.976798e-01 0.000000e+00 -2.814852e-01 0.000000e+00 0.000000e+00 
7.400000e-01 5.197800e-02 -9.648537e-03 0.000000e+00 -3.390746e-01 0.000000e+00 0.000000e+00 1.950759e-01 2.216367e-01 0.000000e+00 -2.297922e-01 0.000000e+00 0.000000e+00 
7.500000e-01 5.383810e-02 -7.314583e-03 0.000000e+00 -3.411489e-01 0.000000e+00 0.000000e+00 1.762983e-01 2.450259e-01 0.000000e+00 -1.866904e-01 0.000000e+00 0.000000e+00 
7.600000e-01 5.549151e-02 -4.751891e-03 0.000000e+00 -3.428466e-01 0.000000e+00 0.000000e+00 1.537432e-01 2.672666e-01 0.000000e+00 -1.550508e-01 0.000000e+00 0.000000e+00 
7.700000e-01 5.690068e-02 -1.975169e-03 0.000000e+00 -3.442977e-01 0.000000e+00 0.000000e+00 1.275100e-01 2.877272e-01 0.000000e+00 -1.377349e-01 0.000000e+00 0.000000e+00 
7.800000e-01 5.803010e-02 9.945673e-04 0.000000e+00 -3.456582e-01 0.000000e+00 0.000000e+00 9.784263e-02 3.057669e-01 0.000000e+00 -1.373647e-01 0.000000e+00 0.000000e+00 
7.900000e-01 5.884739e-02 4.129990e-03 0.000000e+00 -3.471090e-01 0.000000e+00 0.000000e+00 6.513627e-02 3.207575e-01 0.000000e+00 -1.561936e-01 0.000000e+00 0.000000e+00 
8.000000e-01 5.932456e-02 7.397614e-03 0.000000e+00 -3.488517e-01 0.000000e+00 0.000000e+00 2.993297e-02 3.321142e-01 0.000000e+00 -1.959517e-01 0.000000e+00 0.000000e+00 
8.100000e-01 5.943994e-02 1.075848e-02 0.000000e+00 -3.511013e-01 0.000000e+00 0.000000e+00 -7.095547e-03 3.393426e-01 0.000000e+00 -2.576288e-01 0.000000e+00 0.000000e+00 
8.200000e-01 5.917910e-02 1.416942e-02 0.000000e+00 -3.540780e-01 0.000000e+00 0.000000e+00 -4.518231e-02 3.420643e-01 0.000000e+00 -3.414037e-01 0.000000e+00 0.000000e+00 
8.300000e-01 5.853555e-02 1.758394e-02 0.000000e+00 -3.580007e-01 0.000000e+00 0.000000e+00 -8.349360e-02 3.400334e-01 0.000000e+00 -4.466089e-01 0.000000e+00 0.000000e+00 
8.400000e-01 5.751133e-02 2.095387e-02 0.000000e+00 -3.630769e-01 0.000000e+00 0.000000e+00 -1.211783e-01 3.331498e-01 0.000000e+00 -5.717516e-01 0.000000e+00 0.000000e+00 
8.500000e-01 5.611683e-02 2.423086e-02 0.000000e+00 -3.694950e-01 0.000000e+00 0.000000e+00 -1.574102e-01 3.214522e-01 0.000000e+00 -7.146348e-01 0.000000e+00 0.000000e+00 
8.600000e-01 5.437052e-02 2.736745e-02 0.000000e+00 -3.774194e-01 0.000000e+00 0.000000e+00 -1.914150e-01 3.051088e-01 0.000000e+00 -8.724662e-01 0.000000e+00 0.000000e+00 
8.700000e-01 5.229829e-02 3.031843e-02 0.000000e+00 -3.869836e-01 0.000000e+00 0.000000e+00 -2.225039e-01 2.843936e-01 0.000000e+00 -1.042055e+00 0.000000e+00 0.000000e+00 
8.800000e-01 4.993217e-02 3.304189e-02 0.000000e+00 -3.982884e-01 0.000000e+00 0.000000e+00 -2.500881e-01 2.596570e-01 0.000000e+00 -1.220024e+00 0.000000e+00 0.000000e+00 
8.900000e-01 4.730974e-02 3.549955e-02 0.000000e+00 -4.114007e-01 0.000000e+00 0.000000e+00 -2.736815e-01 2.313102e-01 0.000000e+00 -1.402913e+00 0.000000e+00 0.000000e+00 
9.000000e-01 4.447309e-02 3.765753e-02 0.000000e+00 -4.263519e-01 0.000000e+00 0.000000e+00 -2.929057e-01 1.997988e-01 0.000000e+00 -1.587350e+00 0.000000e+00 0.000000e+00 
9.100000e-01 4.146731e-02 3.948649e-02 0.000000e+00 -4.431418e-01 0.000000e+00 0.000000e+00 -3.074714e-01 1.655810e-01 0.000000e+00 -1.770166e+00 0.000000e+00 0.000000e+00 
9.200000e-01 3.833991e-02 4.096168e-02 0.000000e+00 -4.617400e-01 0.000000e+00 0.000000e+00 -3.171712e-01 1.291191e-01 0.000000e+00 -1.948449e+00 0.000000e+00 0.000000e+00 
9.300000e-01 3.514046e-02 4.206297e-02 0.000000e+00 -4.820872e-01 0.000000e+00 0.000000e+00 -3.218716e-01 9.087675e-02 0.000000e+00 -2.119541e+00 0.000000e+00 0.000000e+00 
9.400000e-01 3.191941e-02 4.277482e-02 0.000000e+00 -5.040991e-01 0.000000e+00 0.000000e+00 -3.214947e-01 5.130823e-02 0.000000e+00 -2.281091e+00 0.000000e+00 0.000000e+00 
9.500000e-01 2.872769e-02 4.308622e-02 0.000000e+00 -5.276697e-01 0.000000e+00 0.000000e+00 -3.160077e-01 1.086581e-02 0.000000e+00 -2.430984e+00 0.000000e+00 0.000000e+00 
9.600000e-01 2.561631e-02 4.299072e-02 0.000000e+00 -5.526733e-01 0.000000e+00 0.000000e+00 -3.054134e-01 -2.999627e-02 0.000000e+00 -2.567309e+00 0.000000e+00 0.000000e+00 
9.700000e-01 2.263625e-02 4.248645e-02 0.000000e+00 -5.789651e-01 0.000000e+00 0.000000e+00 -2.897500e-01 -7.082047e-02 0.000000e+00 -2.688342e+00 0.000000e+00 0.000000e+00 
9.800000e-01 1.983794e-02 4.157613e-02 0.000000e+00 -6.063839e-01 0.000000e+00 0.000000e+00 -2.690829e-01 -1.111368e-01 0.000000e+00 -2.792473e+00 0.000000e+00 0.000000e+00 
9.900000e-01 1.727102e-02 4.026708e-02 0.000000e+00 -6.347531e-01 0.000000e+00 0.000000e+00 -2.435037e-01 -1.504571e-01 0.000000e+00 -2.878164e+00 0.000000e+00 0.000000e+00 
1.000000e+00 1.498392e-02 3.857191e-02 0.000000e+00 -6.638806e-01 0.000000e+00 0.000000e+00 -2.131352e-01 -1.882606e-01 0.000000e+00 -2.943874e+00 0.000000e+00 0.000000e+00 
1.010000e+00 1.302374e-02 3.650868e-02 0.000000e+00 -6.935588e-01 0.000000e+00 0.000000e+00 -1.781317e-01 -2.239925e-01 0.000000e+00 -2.988051e+00 0.000000e+00 0.000000e+00 
1.020000e+00 1.143603e-02 3.410098e-02 0.000000e+00 -7.235646e-01 0.000000e+00 0.000000e+00 -1.386826e-01 -2.570586e-01 0.000000e+00 -3.009117e+00 0.000000e+00 0.000000e+00 
1.030000e+00 1.026413e-02 3.137857e-02 0.000000e+00 -7.536586e-01 0.000000e+00 0.000000e+00 -9.502318e-02 -2.868105e-01 0.000000e+00 -3.005416e+00 0.000000e+00 0.000000e+00 
1.040000e+00 9.548661e-03 2.837813e-02 0.000000e+00 -7.835847e-01 0.000000e+00 0.000000e+00 -4.744820e-02 -3.125386e-01 0.000000e+00 -2.975262e+00 0.000000e+00 0.000000e+00 
1.050000e+00 9.326969e-03 2.514379e-02 0.000000e+00 -8.130701e-01 0.000000e+00 0.000000e+00 3.676237e-03 -3.334661e-01 0.000000e+00 -2.916966e+00 0.000000e+00 0.000000e+00 
1.060000e+00 9.632462e-03 2.172770e-02 0.000000e+00 -8.418248e-01 0.000000e+00 0.000000e+00 5.789483e-02 -3.487418e-01 0.000000e+00 -2.828905e+00 0.000000e+00 0.000000e+00 
1.070000e+00 1.049336e-02 1.819086e-02 0.000000e+00 -8.695440e-01 0.000000e+00 0.000000e+00 1.146298e-01 -3.574365e-01 0.000000e+00 -2.709689e+00 0.000000e+00 0.000000e+00 
1.080000e+00 1.193103e-02 1.460417e-02 0.000000e+00 -8.959117e-01 0.000000e+00 0.000000e+00 1.731396e-01 -3.585498e-01 0.000000e+00 -2.558431e+00 0.000000e+00 0.000000e+00 
1.090000e+00 1.395886e-02 1.104867e-02 0.000000e+00 -9.206056e-01 0.000000e+00 0.000000e+00 2.324896e-01 -3.510223e-01 0.000000e+00 -2.374960e+00 0.000000e+00 0.000000e+00 
1.100000e+00 1.657973e-02 7.616202e-03 0.000000e+00 -9.433063e-01 0.000000e+00 0.000000e+00 2.914863e-01 -3.337690e-01 0.000000e+00 -2.160307e+00 0.000000e+00 0.000000e+00 
1.110000e+00 1.978245e-02 4.409096e-03 0.000000e+00 -9.637170e-01 0.000000e+00 0.000000e+00 3.486124e-01 -3.057734e-01 0.000000e+00 -1.917386e+00 0.000000e+00 0.000000e+00 
1.120000e+00 2.353945e-02 1.539372e-03 0.000000e+00 -9.815776e-01 0.000000e+00 0.000000e+00 4.019945e-01 -2.661669e-01 0.000000e+00 -1.651421e+00 0.000000e+00 0.000000e+00 
1.130000e+00 2.780235e-02 -8.735611e-04 0.000000e+00 -9.966954e-01 0.000000e+00 0.000000e+00 4.493584e-01 -2.144083e-01 0.000000e+00 -1.370741e+00 0.000000e+00 0.000000e+00 
1.140000e+00 3.249794e-02 -2.708327e-03 0.000000e+00 -1.008982e+00 0.000000e+00 0.000000e+00 4.880926e-01 -1.505425e-01 0.000000e+00 -1.087219e+00 0.000000e+00 0.000000e+00 
1.150000e+00 3.752592e-02 -3.846777e-03 0.000000e+00 -1.018482e+00 0.000000e+00 0.000000e+00 5.153490e-01 -7.539582e-02 0.000000e+00 -8.163168e-01 0.000000e+00 0.000000e+00 
1.160000e+00 4.275729e-02 -4.184801e-03 0.000000e+00 -1.025412e+00 0.000000e+00 0.000000e+00 5.283344e-01 9.136607e-03 0.000000e+00 -5.764098e-01 0.000000e+00 0.000000e+00 
1.170000e+00 4.803708e-02 -3.642894e-03 0.000000e+00 -1.030179e+00 0.000000e+00 0.000000e+00 5.246902e-01 9.997853e-02 0.000000e+00 -3.872041e-01 0.000000e+00 0.000000e+00 
1.180000e+00 5.319066e-02 -2.178090e-03 0.000000e+00 -1.033387e+00 0.000000e+00 0.000000e+00 5.029610e-01 1.929386e-01 0.000000e+00 -2.672191e-01 0.000000e+00 0.000000e+00 
1.190000e+00 5.803543e-02 2.064488e-04 0.000000e+00 -1.035803e+00 0.000000e+00 0.000000e+00 4.630237e-01 2.830555e-01 0.000000e+00 -2.307226e-01 0.000000e+00 0.000000e+00 
1.200000e+00 6.239504e-02 3.456287e-03 0.000000e+00 -1.038305e+00 0.000000e+00 0.000000e+00 4.063097e-01 3.651726e-01 0.000000e+00 -2.850222e-01 0.000000e+00 0.000000e+00 
1.210000e+00 6.611522e-02 7.467637e-03 0.000000e+00 -1.041803e+00 0.000000e+00 0.000000e+00 3.357185e-01 4.346473e-01 0.000000e+00 -4.288766e-01 0.000000e+00 0.000000e+00 
1.220000e+00 6.907637e-02 1.209512e-02 0.000000e+00 -1.047150e+00 0.000000e+00 0.000000e+00 2.552257e-01 4.879395e-01 0.000000e+00 -6.526730e-01 0.000000e+00 0.000000e+00 
1.230000e+00 7.120156e-02 1.716535e-02 0.000000e+00 -1.055070e+00 0.000000e+00 0.000000e+00 1.692776e-01 5.229649e-01 0.000000e+00 -9.403274e-01 0.000000e+00 0.000000e+00 
1.240000e+00 7.245824e-02 2.249135e-02 0.000000e+00 -1.066103e+00 0.000000e+00 0.000000e+00 8.220340e-02 5.391095e-01 0.000000e+00 -1.272095e+00 0.000000e+00 0.000000e+00 
1.250000e+00 7.285448e-02 2.788654e-02 0.000000e+00 -1.080590e+00 0.000000e+00 0.000000e+00 -2.243012e-03 5.369880e-01 0.000000e+00 -1.627581e+00 0.000000e+00 0.000000e+00 
1.260000e+00 7.243207e-02 3.317508e-02 0.000000e+00 -1.098671e+00 0.000000e+00 0.000000e+00 -8.110902e-02 5.180729e-01 0.000000e+00 -1.988048e+00 0.000000e+00 0.000000e+00 
1.270000e+00 7.125806e-02 3.819851e-02 0.000000e+00 -1.120315e+00 0.000000e+00 0.000000e+00 -1.522721e-01 4.843166e-01 0.000000e+00 -2.337813e+00 0.000000e+00 0.000000e+00 
1.280000e+00 6.941702e-02 4.281908e-02 0.000000e+00 -1.145351e+00 0.000000e+00 0.000000e+00 -2.143379e-01 4.378580e-01 0.000000e+00 -2.664711e+00 0.000000e+00 0.000000e+00 
1.290000e+00 6.700446e-02 4.692040e-02 0.000000e+00 -1.173504e+00 0.000000e+00 0.000000e+00 -2.664677e-01 3.808228e-01 0.000000e+00 -2.959885e+00 0.000000e+00 0.000000e+00 
1.300000e+00 6.412230e-02 5.040702e-02 0.000000e+00 -1.204423e+00 0.000000e+00 0.000000e+00 -3.082354e-01 3.152254e-01 0.000000e+00 -3.217349e+00 0.000000e+00 0.000000e+00 
1.310000e+00 6.087502e-02 5.320270e-02 0.000000e+00 -1.237711e+00 0.000000e+00 0.000000e+00 -3.394531e-01 2.429376e-01 0.000000e+00 -3.433114e+00 0.000000e+00 0.000000e+00 
1.320000e+00 5.736846e-02 5.524926e-02 0.000000e+00 -1.272938e+00 0.000000e+00 0.000000e+00 -3.600844e-01 1.656960e-01 0.000000e+00 -3.604647e+00 0.000000e+00 0.000000e+00 
1.330000e+00 5.370840e-02 5.650551e-02 0.000000e+00 -1.309651e+00 0.000000e+00 0.000000e+00 -3.701836e-01 8.512691e-02 0.000000e+00 -3.730405e+00 0.000000e+00 0.000000e+00 
1.340000e+00 4.999964e-02 5.694593e-02 0.000000e+00 -1.347389e+00 0.000000e+00 0.000000e+00 -3.698296e-01 2.793132e-03 0.000000e+00 -3.809242e+00 0.000000e+00 0.000000e+00 
1.350000e+00 4.634633e-02 5.656062e-02 0.000000e+00 -1.385677e+00 0.000000e+00 0.000000e+00 -3.591128e-01 -7.976686e-02 0.000000e+00 -3.840198e+00 0.000000e+00 0.000000e+00 
1.360000e+00 4.285164e-02 5.535501e-02 0.000000e+00 -1.424030e+00 0.000000e+00 0.000000e+00 -3.381244e-01 -1.610035e-01 0.000000e+00 -3.822326e+00 0.000000e+00 0.000000e+00 
1.370000e+00 3.961776e-02 5.335030e-02 0.000000e+00 -1.461957e+00 0.000000e+00 0.000000e+00 -3.069605e-01 -2.393054e-01 0.000000e+00 -3.754635e+00 0.000000e+00 0.000000e+00 
1.380000e+00 3.674594e-02 5.058440e-02 0.000000e+00 -1.498954e+00 0.000000e+00 0.000000e+00 -2.657357e-01 -3.129635e-01 0.000000e+00 -3.636174e+00 0.000000e+00 0.000000e+00 
1.390000e+00 3.433610e-02 4.711267e-02 0.000000e+00 -1.534509e+00 0.000000e+00 0.000000e+00 -2.146091e-01 -3.801291e-01 0.000000e+00 -3.466208e+00 0.000000e+00 0.000000e+00 
1.400000e+00 3.248588e-02 4.301017e-02 0.000000e+00 -1.568106e+00 0.000000e+00 0.000000e+00 -1.538550e-01 -4.387639e-01 0.000000e+00 -3.244770e+00 0.000000e+00 0.000000e+00 
1.410000e+00 3.128947e-02 3.837334e-02 0.000000e+00 -1.599237e+00 0.000000e+00 0.000000e+00 -8.392834e-02 -4.866180e-01 0.000000e+00 -2.973153e+00 0.000000e+00 0.000000e+00 
1.420000e+00 3.083553e-02 3.332207e-02 0.000000e+00 -1.627412e+00 0.000000e+00 0.000000e+00 -5.584588e-03 -5.212031e-01 0.000000e+00 -2.654763e+00 0.000000e+00 0.000000e+00 
1.430000e+00 3.120175e-02 2.800225e-02 0.000000e+00 -1.652199e+00 0.000000e+00 0.000000e+00 7.989589e-02 -5.398735e-01 0.000000e+00 -2.296521e+00 0.000000e+00 0.000000e+00 
1.440000e+00 3.245067e-02 2.258660e-02 0.000000e+00 -1.673248e+00 0.000000e+00 0.000000e+00 1.705575e-01 -5.399256e-01 0.000000e+00 -1.909719e+00 0.000000e+00 0.000000e+00 
1.450000e+00 3.462070e-02 1.727422e-02 0.000000e+00 -1.690353e+00 0.000000e+00 0.000000e+00 2.635024e-01 -5.188851e-01 0.000000e+00 -1.511348e+00 0.000000e+00 0.000000e+00 
1.460000e+00 3.771525e-02 1.228513e-02 0.000000e+00 -1.703512e+00 0.000000e+00 0.000000e+00 3.547514e-01 -4.750174e-01 0.000000e+00 -1.124352e+00 0.000000e+00 0.000000e+00 
1.470000e+00 4.169332e-02 7.851703e-03 0.000000e+00 -1.712972e+00 0.000000e+00 0.000000e+00 4.392782e-01 -4.078536e-01 0.000000e+00 -7.768291e-01 0.000000e+00 0.000000e+00 
1.480000e+00 4.645946e-02 4.200958e-03 0.000000e+00 -1.719281e+00 0.000000e+00 0.000000e+00 5.113898e-01 -3.188989e-01 0.000000e+00 -4.990603e-01 0.000000e+00 0.000000e+00 
1.490000e+00 5.186078e-02 1.533687e-03 0.000000e+00 -1.723280e+00 0.000000e+00 0.000000e+00 5.654435e-01 -2.120277e-01 0.000000e+00 -3.190155e-01 0.000000e+00 0.000000e+00 
1.500000e+00 5.769271e-02 -2.686484e-07 0.000000e+00 -1.726055e+00 0.000000e+00 0.000000e+00 5.968865e-01 -9.342458e-02 0.000000e+00 -2.565787e-01 0.000000e+00 0.000000e+00 
1.510000e+00 6.371443e-02 -3.216373e-04 0.000000e+00 -1.728830e+00 0.000000e+00 0.000000e+00 6.031863e-01 2.911395e-02 0.000000e+00 -3.190171e-01 0.000000e+00 0.000000e+00 
1.520000e+00 6.967242e-02 5.676782e-04 0.000000e+00 -1.732829e+00 0.000000e+00 0.000000e+00 5.843725e-01 1.473901e-01 0.000000e+00 -4.990611e-01 0.000000e+00 0.000000e+00 
1.530000e+00 7.532610e-02 2.587498e-03 0.000000e+00 -1.739138e+00 0.000000e+00 0.000000e+00 5.428901e-01 2.541243e-01 0.000000e+00 -7.768279e-01 0.000000e+00 0.000000e+00 
1.540000e+00 8.046856e-02 5.593385e-03 0.000000e+00 -1.748598e+00 0.000000e+00 0.000000e+00 4.829271e-01 3.439033e-01 0.000000e+00 -1.124354e+00 0.000000e+00 0.000000e+00 
1.550000e+00 8.493958e-02 9.398233e-03 0.000000e+00 -1.761756e+00 0.000000e+00 0.000000e+00 4.094473e-01 4.135575e-01 0.000000e+00 -1.511344e+00 0.000000e+00 0.000000e+00 
1.560000e+00 8.862893e-02 1.379363e-02 0.000000e+00 -1.778862e+00 0.000000e+00 0.000000e+00 3.273742e-01 4.619840e-01 0.000000e+00 -1.909723e+00 0.000000e+00 0.000000e+00 
1.570000e+00 9.147293e-02 1.856855e-02 0.000000e+00 -1.799911e+00 0.000000e+00 0.000000e+00 2.410333e-01 4.896405e-01 0.000000e+00 -2.296524e+00 0.000000e+00 0.000000e+00 
1.580000e+00 9.344716e-02 2.352201e-02 0.000000e+00 -1.824697e+00 0.000000e+00 0.000000e+00 1.539345e-01 4.979843e-01 0.000000e+00 -2.654777e+00 0.000000e+00 0.000000e+00 
1.590000e+00 9.455816e-02 2.847038e-02 0.000000e+00 -1.852873e+00 0.000000e+00 0.000000e+00 6.877713e-02 4.889833e-01 0.000000e+00 -2.973115e+00 0.000000e+00 0.000000e+00 
1.600000e+00 9.483599e-02 3.325103e-02 0.000000e+00 -1.884003e+00 0.000000e+00 0.000000e+00 -1.243424e-02 4.647900e-01 0.000000e+00 -3.244786e+00 0.000000e+00 0.000000e+00 
1.610000e+00 9.432770e-02 3.772263e-02 0.000000e+00 -1.917601e+00 0.000000e+00 0.000000e+00 -8.819755e-02 4.275222e-01 0.000000e+00 -3.466213e+00 0.000000e+00 0.000000e+00 
1.620000e+00 9.309390e-02 4.176460e-02 0.000000e+00 -1.953156e+00 0.000000e+00 0.000000e+00 -1.573984e-01 3.791906e-01 0.000000e+00 -3.636159e+00 0.000000e+00 0.000000e+00 
1.630000e+00 9.120459e-02 4.527578e-02 0.000000e+00 -1.990153e+00 0.000000e+00 0.000000e+00 -2.191612e-01 3.216505e-01 0.000000e+00 -3.754642e+00 0.000000e+00 0.000000e+00 
1.640000e+00 8.873788e-02 4.817266e-02 0.000000e+00 -2.028079e+00 0.000000e+00 0.000000e+00 -2.727590e-01 2.566163e-01 0.000000e+00 -3.822328e+00 0.000000e+00 0.000000e+00 
1.650000e+00 8.577874e-02 5.038843e-02 0.000000e+00 -2.066433e+00 0.000000e+00 0.000000e+00 -3.175646e-01 1.856784e-01 0.000000e+00 -3.840197e+00 0.000000e+00 0.000000e+00 
1.660000e+00 8.241787e-02 5.187158e-02 0.000000e+00 -2.104721e+00 0.000000e+00 0.000000e+00 -3.529963e-01 1.103390e-01 0.000000e+00 -3.809239e+00 0.000000e+00 0.000000e+00 
1.670000e+00 7.875188e-02 5.258539e-02 0.000000e+00 -2.142458e+00 0.000000e+00 0.000000e+00 -3.784905e-01 3.205242e-02 0.000000e+00 -3.730407e+00 0.000000e+00 0.000000e+00 
1.680000e+00 7.488302e-02 5.250759e-02 0.000000e+00 -2.179172e+00 0.000000e+00 0.000000e+00 -3.934922e-01 -4.774876e-02 0.000000e+00 -3.604654e+00 0.000000e+00 0.000000e+00 
1.690000e+00 7.091889e-02 5.163021e-02 0.000000e+00 -2.214399e+00 0.000000e+00 0.000000e+00 -3.974463e-01 -1.276033e-01 0.000000e+00 -3.433091e+00 0.000000e+00 0.000000e+00 
1.700000e+00 6.697269e-02 4.996045e-02 0.000000e+00 -2.247687e+00 0.000000e+00 0.000000e+00 -3.898124e-01 -2.059702e-01 0.000000e+00 -3.217353e+00 0.000000e+00 0.000000e+00 
1.710000e+00 6.316294e-02 4.752130e-02 0.000000e+00 -2.278607e+00 0.000000e+00 0.000000e+00 -3.700880e-01 -2.811911e-01 0.000000e+00 -2.959910e+00 0.000000e+00 0.000000e+00 
1.720000e+00 5.961261e-02 4.435320e-02 0.000000e+00 -2.306759e+00 0.000000e+00 0.000000e+00 -3.378737e-01 -3.514287e-01 0.000000e+00 -2.664706e+00 0.000000e+00 0.000000e+00 
1.730000e+00 5.644763e-02 4.051615e-02 0.000000e+00 -2.331795e+00 0.000000e+00 0.000000e+00 -2.929778e-01 -4.146332e-01 0.000000e+00 -2.337814e+00 0.000000e+00 0.000000e+00 
1.740000e+00 5.379495e-02 3.609164e-02 0.000000e+00 -2.353438e+00 0.000000e+00 0.000000e+00 -2.355290e-01 -4.685168e-01 0.000000e+00 -1.988049e+00 0.000000e+00 0.000000e+00 
1.750000e+00 5.177704e-02 3.118507e-02 0.000000e+00 -2.371519e+00 0.000000e+00 0.000000e+00 -1.662082e-01 -5.106190e-01 0.000000e+00 -1.627588e+00 0.000000e+00 0.000000e+00 
1.760000e+00 5.050562e-02 2.592678e-02 0.000000e+00 -2.386006e+00 0.000000e+00 0.000000e+00 -8.645280e-02 -5.384479e-01 0.000000e+00 -1.272089e+00 0.000000e+00 0.000000e+00 
1.770000e+00 5.007488e-02 2.047150e-02 0.000000e+00 -2.397040e+00 0.000000e+00 0.000000e+00 1.389451e-03 -5.496793e-01 0.000000e+00 -9.403318e-01 0.000000e+00 0.000000e+00 
1.780000e+00 5.054920e-02 1.499439e-02 0.000000e+00 -2.404960e+00 0.000000e+00 0.000000e+00 9.392911e-02 -5.425907e-01 0.000000e+00 -6.526769e-01 0.000000e+00 0.000000e+00 
1.790000e+00 5.195480e-02 9.683369e-03 0.000000e+00 -2.410307e+00 0.000000e+00 0.000000e+00 1.868571e-01 -5.164421e-01 0.000000e+00 -4.288748e-01 0.000000e+00 0.000000e+00 
1.800000e+00 5.427139e-02 4.727169e-03 0.000000e+00 -2.413805e+00 0.000000e+00 0.000000e+00 2.752992e-01 -4.718593e-01 0.000000e+00 -2.850246e-01 0.000000e+00 0.000000e+00 
1.810000e+00 5.742954e-02 3.006174e-04 0.000000e+00 -2.416307e+00 0.000000e+00 0.000000e+00 3.543923e-01 -4.109978e-01 0.000000e+00 -2.307256e-01 0.000000e+00 0.000000e+00 
1.820000e+00 6.131401e-02 -3.450198e-03 0.000000e+00 -2.418723e+00 0.000000e+00 0.000000e+00 4.199546e-01 -3.373937e-01 0.000000e+00 -2.672235e-01 0.000000e+00 0.000000e+00 
1.830000e+00 6.577355e-02 -6.419665e-03 0.000000e+00 -2.421931e+00 0.000000e+00 0.000000e+00 4.690487e-01 -2.555195e-01 0.000000e+00 -3.872054e-01 0.000000e+00 0.000000e+00 
1.840000e+00 7.063528e-02 -8.548870e-03 0.000000e+00 -2.426698e+00 0.000000e+00 0.000000e+00 5.002738e-01 -1.701346e-01 0.000000e+00 -5.764221e-01 0.000000e+00 0.000000e+00 
1.850000e+00 7.571970e-02 -9.825549e-03 0.000000e+00 -2.433628e+00 0.000000e+00 0.000000e+00 5.137410e-01 -8.567791e-02 0.000000e+00 -8.163159e-01 0.000000e+00 0.000000e+00 
1.860000e+00 8.085510e-02 -1.027784e-02 0.000000e+00 -2.443128e+00 0.000000e+00 0.000000e+00 5.107479e-01 -5.796686e-03 0.000000e+00 -1.087224e+00 0.000000e+00 0.000000e+00 
1.870000e+00 8.588674e-02 -9.965692e-03 0.000000e+00 -2.455414e+00 0.000000e+00 0.000000e+00 4.933833e-01 6.685251e-02 0.000000e+00 -1.370744e+00 0.000000e+00 0.000000e+00 
1.880000e+00 9.068302e-02 -8.970544e-03 0.000000e+00 -2.470533e+00 0.000000e+00 0.000000e+00 4.640950e-01 1.306028e-01 0.000000e+00 -1.651421e+00 0.000000e+00 0.000000e+00 
1.890000e+00 9.513720e-02 -7.386127e-03 0.000000e+00 -2.488393e+00 0.000000e+00 0.000000e+00 4.253698e-01 1.846286e-01 0.000000e+00 -1.917388e+00 0.000000e+00 0.000000e+00 
1.900000e+00 9.916673e-02 -5.311059e-03 0.000000e+00 -2.508804e+00 0.000000e+00 0.000000e+00 3.795298e-01 2.287426e-01 0.000000e+00 -2.160320e+00 0.000000e+00 0.000000e+00 
1.910000e+00 1.027109e-01 -2.843521e-03 0.000000e+00 -2.531505e+00 0.000000e+00 0.000000e+00 3.286272e-01 2.631925e-01 0.000000e+00 -2.374947e+00 0.000000e+00 0.000000e+00 
1.920000e+00 1.057283e-01 -7.771483e-05 0.000000e+00 -2.556199e+00 0.000000e+00 0.000000e+00 2.744149e-01 2.884974e-01 0.000000e+00 -2.558436e+00 0.000000e+00 0.000000e+00 
1.930000e+00 1.081931e-01 2.898120e-03 0.000000e+00 -2.582566e+00 0.000000e+00 0.000000e+00 2.183628e-01 3.053153e-01 0.000000e+00 -2.709695e+00 0.000000e+00 0.000000e+00 
1.940000e+00 1.100935e-01 6.002699e-03 0.000000e+00 -2.610286e+00 0.000000e+00 0.000000e+00 1.616859e-01 3.143709e-01 0.000000e+00 -2.828900e+00 0.000000e+00 0.000000e+00 
1.950000e+00 1.114282e-01 9.162101e-03 0.000000e+00 -2.639040e+00 0.000000e+00 0.000000e+00 1.053921e-01 3.163926e-01 0.000000e+00 -2.916967e+00 0.000000e+00 0.000000e+00 
1.960000e+00 1.122054e-01 1.230948e-02 0.000000e+00 -2.668526e+00 0.000000e+00 0.000000e+00 5.031788e-02 3.120872e-01 0.000000e+00 -2.975264e+00 0.000000e+00 0.000000e+00 
1.970000e+00 1.124409e-01 1.538498e-02 0.000000e+00 -2.698452e+00 0.000000e+00 0.000000e+00 -2.842859e-03 3.021262e-01 0.000000e+00 -3.005418e+00 0.000000e+00 0.000000e+00 
1.980000e+00 1.121569e-01 1.833526e-02 0.000000e+00 -2.728546e+00 0.000000e+00 0.000000e+00 -5.350480e-02 2.871374e-01 0.000000e+00 -3.009118e+00 0.000000e+00 0.000000e+00 
1.990000e+00 1.113808e-01 2.111294e-02 0.000000e+00 -2.758552e+00 0.000000e+00 0.000000e+00 -1.011709e-01 2.677063e-01 0.000000e+00 -2.988053e+00 0.000000e+00 0.000000e+00 
2.000000e+00 1.101449e-01 2.367639e-02 0.000000e+00 -2.788230e+00 0.000000e+00 0.000000e+00 -1.454193e-01 2.443779e-01 0.000000e+00 -2.943872e+00 0.000000e+00 0.000000e+00 
2.010000e+00 1.084851e-01 2.598922e-02 0.000000e+00 -2.817357e+00 0.000000e+00 0.000000e+00 -1.858858e-01 2.176622e-01 0.000000e+00 -2.878166e+00 0.000000e+00 0.000000e+00 
2.020000e+00 1.064408e-01 2.801995e-02 0.000000e+00 -2.845727e+00 0.000000e+00 0.000000e+00 -2.222546e-01 1.880396e-01 0.000000e+00 -2.792483e+00 0.000000e+00 0.000000e+00 
2.030000e+00 1.040545e-01 2.974183e-02 0.000000e+00 -2.873146e+00 0.000000e+00 0.000000e+00 -2.542522e-01 1.559659e-01 0.000000e+00 -2.688351e+00 0.000000e+00 0.000000e+00 
2.040000e+00 1.013712e-01 3.113255e-02 0.000000e+00 -2.899437e+00 0.000000e+00 0.000000e+00 -2.816407e-01 1.218784e-01 0.000000e+00 -2.567307e+00 0.000000e+00 0.000000e+00 
2.050000e+00 9.843779e-02 3.217413e-02 0.000000e+00 -2.924441e+00 0.000000e+00 0.000000e+00 -3.042139e-01 8.620712e-02 0.000000e+00 -2.430978e+00 0.000000e+00 0.000000e+00 
2.060000e+00 9.530348e-02 3.285284e-02 0.000000e+00 -2.948012e+00 0.000000e+00 0.000000e+00 -3.217967e-01 4.937712e-02 0.000000e+00 -2.281096e+00 0.000000e+00 0.000000e+00 
2.070000e+00 9.201892e-02 3.315925e-02 0.000000e+00 -2.970024e+00 0.000000e+00 0.000000e+00 -3.342464e-01 1.181660e-02 0.000000e+00 -2.119550e+00 0.000000e+00 0.000000e+00 
2.080000e+00 8.863608e-02 3.308819e-02 0.000000e+00 -2.990371e+00 0.000000e+00 0.000000e+00 -3.414541e-01 -2.603418e-02 0.000000e+00 -1.948451e+00 0.000000e+00 0.000000e+00 
2.090000e+00 8.520757e-02 3.263910e-02 0.000000e+00 -3.008969e+00 0.000000e+00 0.000000e+00 -3.433580e-01 -6.371583e-02 0.000000e+00 -1.770170e+00 0.000000e+00 0.000000e+00 
2.100000e+00 8.178658e-02 3.181605e-02 0.000000e+00 -3.025759e+00 0.000000e+00 0.000000e+00 -3.399464e-01 -1.007483e-01 0.000000e+00 -1.587348e+00 0.000000e+00 0.000000e+00 
2.110000e+00 7.842612e-02 3.062799e-02 0.000000e+00 -3.040710e+00 0.000000e+00 0.000000e+00 -3.312716e-01 -1.366276e-01 0.000000e+00 -1.402905e+00 0.000000e+00 0.000000e+00 
2.120000e+00 7.517833e-02 2.908910e-02 0.000000e+00 -3.053822e+00 0.000000e+00 0.000000e+00 -3.174654e-01 -1.708258e-01 0.000000e+00 -1.220031e+00 0.000000e+00 0.000000e+00 
2.130000e+00 7.209323e-02 2.721886e-02 0.000000e+00 -3.065127e+00 0.000000e+00 0.000000e+00 -2.987588e-01 -2.028073e-01 0.000000e+00 -1.042064e+00 0.000000e+00 0.000000e+00 
2.140000e+00 6.921830e-02 2.504211e-02 0.000000e+00 -3.074691e+00 0.000000e+00 0.000000e+00 -2.754862e-01 -2.320338e-01 0.000000e+00 -8.724581e-01 0.000000e+00 0.000000e+00 
2.150000e+00 6.659716e-02 2.258907e-02 0.000000e+00 -3.082616e+00 0.000000e+00 0.000000e+00 -2.481015e-01 -2.579856e-01 0.000000e+00 -7.146296e-01 0.000000e+00 0.000000e+00 
2.160000e+00 6.426817e-02 1.989496e-02 0.000000e+00 -3.089034e+00 0.000000e+00 0.000000e+00 -2.171784e-01 -2.801913e-01 0.000000e+00 -5.717654e-01 0.000000e+00 0.000000e+00 
2.170000e+00 6.226317e-02 1.699908e-02 0.000000e+00 -3.094110e+00 0.000000e+00 0.000000e+00 -1.833977e-01 -2.982621e-01 0.000000e+00 -4.466117e-01 0.000000e+00 0.000000e+00 
2.180000e+00 6.060711e-02 1.394439e-02 0.000000e+00 -3.098032e+00 0.000000e+00 0.000000e+00 -1.475368e-01 -3.119021e-01 0.000000e+00 -3.414060e-01 0.000000e+00 0.000000e+00 
2.190000e+00 5.931653e-02 1.077633e-02 0.000000e+00 -3.101010e+00 0.000000e+00 0.000000e+00 -1.104427e-01 -3.209482e-01 0.000000e+00 -2.576315e-01 0.000000e+00 0.000000e+00 
2.200000e+00 5.839947e-02 7.540974e-03 0.000000e+00 -3.103260e+00 0.000000e+00 0.000000e+00 -7.297794e-02 -3.253795e-01 0.000000e+00 -1.959549e-01 0.000000e+00 0.000000e+00 
2.210000e+00 5.785540e-02 4.283750e-03 0.000000e+00 -3.105002e+00 0.000000e+00 0.000000e+00 -3.598632e-02 -3.253221e-01 0.000000e+00 -1.561974e-01 0.000000e+00 0.000000e+00 
2.220000e+00 5.767554e-02 1.048536e-03 0.000000e+00 -3.106453e+00 0.000000e+00 0.000000e+00 -2.640919e-04 -3.210427e-01 0.000000e+00 -1.373641e-01 0.000000e+00 0.000000e+00 
2.230000e+00 5.784354e-02 -2.124308e-03 0.000000e+00 -3.107813e+00 0.000000e+00 0.000000e+00 3.349622e-02 -3.129305e-01 0.000000e+00 -1.377352e-01 0.000000e+00 0.000000e+00 
2.240000e+00 5.833699e-02 -5.198857e-03 0.000000e+00 -3.109264e+00 0.000000e+00 0.000000e+00 6.472730e-02 -3.014616e-01 0.000000e+00 -1.550643e-01 0.000000e+00 0.000000e+00 
2.250000e+00 5.912826e-02 -8.144162e-03 0.000000e+00 -3.110962e+00 0.000000e+00 0.000000e+00 9.299881e-02 -2.871778e-01 0.000000e+00 -1.866967e-01 0.000000e+00 0.000000e+00 
2.260000e+00 6.018613e-02 -1.093493e-02 0.000000e+00 -3.113036e+00 0.000000e+00 0.000000e+00 1.180271e-01 -2.706468e-01 0.000000e+00 -2.297860e-01 0.000000e+00 0.000000e+00 
2.270000e+00 6.147745e-02 -1.355148e-02 0.000000e+00 -3.115587e+00 0.000000e+00 0.000000e+00 1.396628e-01 -2.524284e-01 0.000000e+00 -2.814899e-01 0.000000e+00 0.000000e+00 
2.280000e+00 6.296802e-02 -1.597963e-02 0.000000e+00 -3.118686e+00 0.000000e+00 0.000000e+00 1.578803e-01 -2.330571e-01 0.000000e+00 -3.390673e-01 0.000000e+00 0.000000e+00 
2.290000e+00 6.462391e-02 -1.821041e-02 0.000000e+00 -3.122379e+00 0.000000e+00 0.000000e+00 1.727592e-01 -2.130188e-01 0.000000e+00 -4.000140e-01 0.000000e+00 0.000000e+00 
2.300000e+00 6.641254e-02 -2.023925e-02 0.000000e+00 -3.126690e+00 0.000000e+00 0.000000e+00 1.844530e-01 -1.927393e-01 0.000000e+00 -4.621349e-01 0.000000e+00 0.000000e+00 
2.310000e+00 6.830307e-02 -2.206558e-02 0.000000e+00 -3.131620e+00 0.000000e+00 0.000000e+00 1.931758e-01 -1.725807e-01 0.000000e+00 -5.235682e-01 0.000000e+00 0.000000e+00 
2.320000e+00 7.026701e-02 -2.369221e-02 0.000000e+00 -3.137154e+00 0.000000e+00 0.000000e+00 1.991818e-01 -1.528400e-01 0.000000e+00 -5.827989e-01 0.000000e+00 0.000000e+00 
2.330000e+00 7.227857e-02 -2.512460e-02 0.000000e+00 -3.143264e+00 0.000000e+00 0.000000e+00 2.027454e-01 -1.337513e-01 0.000000e+00 -6.386501e-01 0.000000e+00 0.000000e+00 
2.340000e+00 7.431470e-02 -2.637008e-02 0.000000e+00 -3.149912e+00 0.000000e+00 0.000000e+00 2.041440e-01 -1.154958e-01 0.000000e+00 -6.902328e-01 0.000000e+00 0.000000e+00 
2.350000e+00 7.635515e-02 -2.743770e-02 0.000000e+00 -3.157053e+00 0.000000e+00 0.000000e+00 2.036551e-01 -9.820313e-02 0.000000e+00 -7.369373e-01 0.000000e+00 0.000000e+00 
2.360000e+00 7.838238e-02 -2.833760e-02 0.000000e+00 -3.164634e+00 0.000000e+00 0.000000e+00 2.015454e-01 -8.196041e-02 0.000000e+00 -7.783843e-01 0.000000e+00 0.000000e+00 
2.370000e+00 8.038150e-02 -2.908061e-02 0.000000e+00 -3.172602e+00 0.000000e+00 0.000000e+00 1.980644e-01 -6.681946e-02 0.000000e+00 -8.143860e-01 0.000000e+00 0.000000e+00 
2.380000e+00 8.233991e-02 -2.967780e-02 0.000000e+00 -3.180903e+00 0.000000e+00 0.000000e+00 1.934420e-01 -5.280657e-02 0.000000e+00 -8.448897e-01 0.000000e+00 0.000000e+00 
2.390000e+00 8.424723e-02 -3.014049e-02 0.000000e+00 -3.189482e+00 0.000000e+00 0.000000e+00 1.878879e-01 -3.992393e-02 0.000000e+00 -8.699703e-01 0.000000e+00 0.000000e+00 
2.400000e+00 8.609512e-02 -3.047996e-02 0.000000e+00 -3.198285e+00 0.000000e+00 0.000000e+00 1.815914e-01 -2.815520e-02 0.000000e+00 -8.897980e-01 0.000000e+00 0.000000e+00 
2.410000e+00 8.787710e-02 -3.070721e-02 0.000000e+00 -3.207261e+00 0.000000e+00 0.000000e+00 1.747192e-01 -1.747009e-02 0.000000e+00 -9.046120e-01 0.000000e+00 0.000000e+00 
2.420000e+00 8.958816e-02 -3.083288e-02 0.000000e+00 -3.216361e+00 0.000000e+00 0.000000e+00 1.674195e-01 -7.829568e-03 0.000000e+00 -9.146907e-01 0.000000e+00 0.000000e+00 
2.430000e+00 9.122460e-02 -3.086716e-02 0.000000e+00 -3.225540e+00 0.000000e+00 0.000000e+00 1.598225e-01 8.110922e-04 0.000000e+00 -9.203352e-01 0.000000e+00 0.000000e+00 
2.440000e+00 9.278398e-02 -3.081980e-02 0.000000e+00 -3.234754e+00 0.000000e+00 0.000000e+00 1.520409e-01 8.502317e-03 0.000000e+00 -9.218689e-01 0.000000e+00 0.000000e+00 
2.450000e+00 9.426504e-02 -3.070008e-02 0.000000e+00 -3.243965e+00 0.000000e+00 0.000000e+00 1.441707e-01 1.529902e-02 0.000000e+00 -9.196311e-01 0.000000e+00 0.000000e+00 
2.460000e+00 9.566732e-02 -3.051663e-02 0.000000e+00 -3.253136e+00 0.000000e+00 0.000000e+00 1.362944e-01 2.125625e-02 0.000000e+00 -9.139522e-01 0.000000e+00 0.000000e+00 
2.470000e+00 9.699116e-02 -3.027757e-02 0.000000e+00 -3.262234e+00 0.000000e+00 0.000000e+00 1.284810e-01 2.643001e-02 0.000000e+00 -9.051591e-01 0.000000e+00 0.000000e+00 
2.480000e+00 9.823744e-02 -2.999045e-02 0.000000e+00 -3.271230e+00 0.000000e+00 0.000000e+00 1.207892e-01 3.087524e-02 0.000000e+00 -8.935657e-01 0.000000e+00 0.000000e+00 
2.490000e+00 9.940757e-02 -2.966230e-02 0.000000e+00 -3.280097e+00 0.000000e+00 0.000000e+00 1.132681e-01 3.464569e-02 0.000000e+00 -8.794720e-01 0.000000e+00 0.000000e+00 
2.500000e+00 1.005035e-01 -2.929961e-02 0.000000e+00 -3.288812e+00 0.000000e+00 0.000000e+00 1.059569e-01 3.779395e-02 0.000000e+00 -8.631648e-01 0.000000e+00 0.000000e+00 
2.510000e+00 1.015274e-01 -2.890834e-02 0.000000e+00 -3.297353e+00 0.000000e+00 0.000000e+00 9.888632e-02 4.037101e-02 0.000000e+00 -8.449157e-01 0.000000e+00 0.000000e+00 
2.520000e+00 1.024820e-01 -2.849396e-02 0.000000e+00 -3.305704e+00 0.000000e+00 0.000000e+00 9.208078e-02 4.242524e-02 0.000000e+00 -8.249768e-01 0.000000e+00 0.000000e+00 
2.530000e+00 1.033700e-01 -2.806144e-02 0.000000e+00 -3.313848e+00 0.000000e+00 0.000000e+00 8.555770e-02 4.400285e-02 0.000000e+00 -8.035832e-01 0.000000e+00 0.000000e+00 
2.540000e+00 1.041942e-01 -2.761531e-02 0.000000e+00 -3.321772e+00 0.000000e+00 0.000000e+00 7.933030e-02 4.514761e-02 0.000000e+00 -7.809539e-01 0.000000e+00 0.000000e+00 
2.550000e+00 1.049577e-01 -2.715974e-02 0.000000e+00 -3.329464e+00 0.000000e+00 0.000000e+00 7.340759e-02 4.590087e-02 0.000000e+00 -7.572917e-01 0.000000e+00 0.000000e+00 
2.560000e+00 1.056634e-01 -2.669845e-02 0.000000e+00 -3.336915e+00 0.000000e+00 0.000000e+00 6.779444e-02 4.630153e-02 0.000000e+00 -7.327833e-01 0.000000e+00 0.000000e+00 
2.570000e+00 1.063146e-01 -2.623478e-02 0.000000e+00 -3.344117e+00 0.000000e+00 0.000000e+00 6.249150e-02 4.638603e-02 0.000000e+00 -7.075991e-01 0.000000e+00 0.000000e+00 
2.580000e+00 1.069142e-01 -2.577171e-02 0.000000e+00 -3.351065e+00 0.000000e+00 0.000000e+00 5.749640e-02 4.618853e-02 0.000000e+00 -6.818956e-01 0.000000e+00 0.000000e+00 
2.590000e+00 1.074655e-01 -2.531189e-02 0.000000e+00 -3.357754e+00 0.000000e+00 0.000000e+00 5.280504e-02 4.574076e-02 0.000000e+00 -6.558154e-01 0.000000e+00 0.000000e+00 
2.600000e+00 1.079713e-01 -2.485765e-02 0.000000e+00 -3.364180e+00 0.000000e+00 0.000000e+00 4.841052e-02 4.507207e-02 0.000000e+00 -6.294869e-01 0.000000e+00 0.000000e+00 
2.610000e+00 1.084347e-01 -2.441105e-02 0.000000e+00 -3.370343e+00 0.000000e+00 0.000000e+00 4.430483e-02 4.420987e-02 0.000000e+00 -6.030280e-01 0.000000e+00 0.000000e+00 
2.620000e+00 1.088584e-01 -2.397394e-02 0.000000e+00 -3.376241e+00 0.000000e+00 0.000000e+00 4.047887e-02 4.317961e-02 0.000000e+00 -5.765464e-01 0.000000e+00 0.000000e+00 
2.630000e+00 1.092452e-01 -2.354790e-02 0.000000e+00 -3.381875e+00 0.000000e+00 0.000000e+00 3.692247e-02 4.200481e-02 0.000000e+00 -5.501396e-01 0.000000e+00 0.000000e+00 
2.640000e+00 1.095977e-01 -2.313427e-02 0.000000e+00 -3.387244e+00 0.000000e+00 0.000000e+00 3.362439e-02 4.070704e-02 0.000000e+00 -5.238945e-01 0.000000e+00 0.000000e+00 
2.650000e+00 1.099185e-01 -2.273414e-02 0.000000e+00 -3.392353e+00 0.000000e+00 0.000000e+00 3.057228e-02 3.930593e-02 0.000000e+00 -4.978879e-01 0.000000e+00 0.000000e+00 
2.660000e+00 1.102099e-01 -2.234847e-02 0.000000e+00 -3.397203e+00 0.000000e+00 0.000000e+00 2.775375e-02 3.781970e-02 0.000000e+00 -4.721901e-01 0.000000e+00 0.000000e+00 
2.670000e+00 1.104743e-01 -2.197801e-02 0.000000e+00 -3.401798e+00 0.000000e+00 0.000000e+00 2.515622e-02 3.626489e-02 0.000000e+00 -4.468634e-01 0.000000e+00 0.000000e+00 
2.680000e+00 1.107137e-01 -2.162336e-02 0.000000e+00 -3.406142e+00 0.000000e+00 0.000000e+00 2.276680e-02 3.465652e-02 0.000000e+00 -4.219627e-01 0.000000e+00 0.000000e+00 
2.690000e+00 1.109303e-01 -2.128498e-02 0.000000e+00 -3.410239e+00 0.000000e+00 0.000000e+00 2.057286e-02 3.300847e-02 0.000000e+00 -3.975381e-01 0.000000e+00 0.000000e+00 
2.700000e+00 1.111258e-01 -2.096323e-02 0.000000e+00 -3.414094e+00 0.000000e+00 0.000000e+00 1.856199e-02 3.133346e-02 0.000000e+00 -3.736346e-01 0.000000e+00 0.000000e+00 
2.710000e+00 1.113021e-01 -2.065833e-02 0.000000e+00 -3.417714e+00 0.000000e+00 0.000000e+00 1.672203e-02 2.964309e-02 0.000000e+00 -3.502925e-01 0.000000e+00 0.000000e+00 
2.720000e+00 1.114608e-01 -2.037039e-02 0.000000e+00 -3.421102e+00 0.000000e+00 0.000000e+00 1.504104e-02 2.794780e-02 0.000000e+00 -3.275471e-01 0.000000e+00 0.000000e+00 
2.730000e+00 1.116034e-01 -2.009939e-02 0.000000e+00 -3.424267e+00 0.000000e+00 0.000000e+00 1.350734e-02 2.625689e-02 0.000000e+00 -3.054287e-01 0.000000e+00 0.000000e+00 
2.740000e+00 1.117314e-01 -1.984523e-02 0.000000e+00 -3.427213e+00 0.000000e+00 0.000000e+00 1.210964e-02 2.457876e-02 0.000000e+00 -2.839639e-01 0.000000e+00 0.000000e+00 
2.750000e+00 1.118460e-01 -1.960777e-02 0.000000e+00 -3.429948e+00 0.000000e+00 0.000000e+00 1.083737e-02 2.292123e-02 0.000000e+00 -2.631779e-01 0.000000e+00 0.000000e+00 
2.760000e+00 1.119485e-01 -1.938674e-02 0.000000e+00 -3.432479e+00 0.000000e+00 0.000000e+00 9.680391e-03 2.129106e-02 0.000000e+00 -2.430913e-01 0.000000e+00 0.000000e+00 
2.770000e+00 1.120400e-01 -1.918183e-02 0.000000e+00 -3.434812e+00 0.000000e+00 0.000000e+00 8.629127e-03 1.969444e-02 0.000000e+00 -2.237230e-01 0.000000e+00 0.000000e+00 
2.780000e+00 1.121214e-01 -1.899269e-02 0.000000e+00 -3.436956e+00 0.000000e+00 0.000000e+00 7.674596e-03 1.813705e-02 0.000000e+00 -2.050900e-01 0.000000e+00 0.000000e+00 
2.790000e+00 1.121937e-01 -1.881890e-02 0.000000e+00 -3.438917e+00 0.000000e+00 0.000000e+00 6.808401e-03 1.662403e-02 0.000000e+00 -1.872077e-01 0.000000e+00 0.000000e+00 
2.800000e+00 1.122578e-01 -1.866002e-02 0.000000e+00 -3.440703e+00 0.000000e+00 0.000000e+00 6.022740e-03 1.515996e-02 0.000000e+00 -1.700899e-01 0.000000e+00 0.000000e+00 
2.810000e+00 1.123144e-01 -1.851553e-02 0.000000e+00 -3.442321e+00 0.000000e+00 0.000000e+00 5.310397e-03 1.374892e-02 0.000000e+00 -1.537485e-01 0.000000e+00 0.000000e+00 
2.820000e+00 1.123643e-01 -1.838488e-02 0.000000e+00 -3.443780e+00 0.000000e+00 0.000000e+00 4.664749e-03 1.239444e-02 0.000000e+00 -1.381937e-01 0.000000e+00 0.000000e+00 
2.830000e+00 1.124079e-01 -1.826746e-02 0.000000e+00 -3.445087e+00 0.000000e+00 0.000000e+00 4.079722e-03 1.109961e-02 0.000000e+00 -1.234345e-01 0.000000e+00 0.000000e+00 
2.840000e+00 1.124461e-01 -1.816269e-02 0.000000e+00 -3.446251e+00 0.000000e+00 0.000000e+00 3.549796e-03 9.867396e-03 0.000000e+00 -1.094796e-01 0.000000e+00 0.000000e+00 
2.850000e+00 1.124791e-01 -1.806992e-02 0.000000e+00 -3.447280e+00 0.000000e+00 0.000000e+00 3.070214e-03 8.700238e-03 0.000000e+00 -9.633660e-02 0.000000e+00 0.000000e+00 
2.860000e+00 1.125076e-01 -1.798847e-02 0.000000e+00 -3.448181e+00 0.000000e+00 0.000000e+00 2.636685e-03 7.600314e-03 0.000000e+00 -8.401219e-02 0.000000e+00 0.000000e+00 
2.870000e+00 1.125320e-01 -1.791767e-02 0.000000e+00 -3.448963e+00 0.000000e+00 0.000000e+00 2.245362e-03 6.569586e-03 0.000000e+00 -7.251261e-02 0.000000e+00 0.000000e+00 
2.880000e+00 1.125526e-01 -1.785682e-02 0.000000e+00 -3.449634e+00 0.000000e+00 0.000000e+00 1.892841e-03 5.609803e-03 0.000000e+00 -6.184356e-02 0.000000e+00 0.000000e+00 
2.890000e+00 1.125699e-01 -1.780521e-02 0.000000e+00 -3.450202e+00 0.000000e+00 0.000000e+00 1.576158e-03 4.722500e-03 0.000000e+00 -5.201022e-02 0.000000e+00 0.000000e+00 
2.900000e+00 1.125842e-01 -1.776211e-02 0.000000e+00 -3.450677e+00 0.000000e+00 0.000000e+00 1.292795e-03 3.908997e-03 0.000000e+00 -4.301726e-02 0.000000e+00 0.000000e+00 
2.910000e+00 1.125959e-01 -1.772678e-02 0.000000e+00 -3.451066e+00 0.000000e+00 0.000000e+00 1.040673e-03 3.170399e-03 0.000000e+00 -3.486880e-02 0.000000e+00 0.000000e+00 
2.920000e+00 1.126052e-01 -1.769846e-02 0.000000e+00 -3.451377e+00 0.000000e+00 0.000000e+00 8.181571e-04 2.507598e-03 0.000000e+00 -2.756845e-02 0.000000e+00 0.000000e+00 
2.930000e+00 1.126124e-01 -1.767639e-02 0.000000e+00 -3.451620e+00 0.000000e+00 0.000000e+00 6.240488e-04 1.921274e-03 0.000000e+00 -2.111931e-02 0.000000e+00 0.000000e+00 
2.940000e+00 1.126178e-01 -1.765978e-02 0.000000e+00 -3.451802e+00 0.000000e+00 0.000000e+00 4.572949e-04 1.412058e-03 0.000000e+00 -1.552424e-02 0.000000e+00 0.000000e+00 
2.950000e+00 1.126216e-01 -1.764789e-02 0.000000e+00 -3.451933e+00 0.000000e+00 0.000000e+00 3.170857e-04 9.804771e-04 0.000000e+00 -1.078578e-02 0.000000e+00 0.000000e+00 
2.960000e+00 1.126242e-01 -1.763991e-02 0.000000e+00 -3.452021e+00 0.000000e+00 0.000000e+00 2.028714e-04 6.269179e-04 0.000000e+00 -6.906016e-03 0.000000e+00 0.000000e+00 
2.970000e+00 1.126257e-01 -1.763509e-02 0.000000e+00 -3.452074e+00 0.000000e+00 0.000000e+00 1.142663e-04 3.516764e-04 0.000000e+00 -3.886657e-03 0.000000e+00 0.000000e+00 
2.980000e+00 1.126265e-01 -1.763262e-02 0.000000e+00 -3.452101e+00 0.000000e+00 0.000000e+00 5.104890e-05 1.549572e-04 0.000000e+00 -1.729026e-03 0.000000e+00 0.000000e+00 
2.990000e+00 1.126268e-01 -1.763173e-02 0.000000e+00 -3.452112e+00 0.000000e+00 0.000000e+00 1.314365e-05 3.687946e-05 0.000000e+00 -4.340682e-04 0.000000e+00 0.000000e+00 
3.000000e+00 1.126269e-01 -1.763162e-02 0.000000e+00 -3.452113e+00 0.000000e+00 0.000000e+00 5.106242e-07 -2.486808e-06 0.000000e+00 -2.352510e-06 0.000000e+00 0.000000e+00 
