0.000000e+00 0.000000e+00 0.000000e+00 0.000000e+00 0.000000e+00 0.000000e+00 0.000000e+00 0.000000e+00 0.000000e+00 0.000000e+00 0.000000e+00 0.000000e+00 0.000000e+00 
1.000000e-01 -2.305786e-09 1.164094e-08 0.000000e+00 1.391031e-07 0.000000e+00 0.000000e+00 -6.917249e-08 3.492230e-07 0.000000e+00 4.173033e-06 0.000000e+00 0.000000e+00 
2.000000e-01 -1.844215e-08 9.311542e-08 0.000000e+00 1.112678e-06 0.000000e+00 0.000000e+00 -2.766493e-07 1.396740e-06 0.000000e+00 1.669030e-05 0.000000e+00 0.000000e+00 
3.000000e-01 -6.224085e-08 3.142459e-07 0.000000e+00 3.755069e-06 0.000000e+00 0.000000e+00 -6.223211e-07 3.142094e-06 0.000000e+00 3.754629e-05 0.000000e+00 0.000000e+00 
4.000000e-01 -1.475108e-07 7.447807e-07 0.000000e+00 8.899720e-06 0.000000e+00 0.000000e+00 -1.105962e-06 5.584526e-06 0.000000e+00 6.673181e-05 0.000000e+00 0.000000e+00 
5.000000e-01 -2.880248e-07 1.454363e-06 0.000000e+00 1.737879e-05 0.000000e+00 0.000000e+00 -1.727207e-06 8.722983e-06 0.000000e+00 1.042340e-04 0.000000e+00 0.000000e+00 
6.000000e-01 -4.975194e-07 2.512529e-06 0.000000e+00 3.002313e-05 0.000000e+00 0.000000e+00 -2.485546e-06 1.255611e-05 0.000000e+00 1.500362e-04 0.000000e+00 0.000000e+00 
7.000000e-01 -7.893110e-07 3.988370e-06 0.000000e+00 4.765770e-05 0.000000e+00 0.000000e+00 -3.380081e-06 1.708231e-05 0.000000e+00 2.041182e-04 0.000000e+00 0.000000e+00 
8.000000e-01 -1.177010e-06 5.951106e-06 0.000000e+00 7.110945e-05 0.000000e+00 0.000000e+00 -4.409937e-06 2.229964e-05 0.000000e+00 2.664561e-04 0.000000e+00 0.000000e+00 
9.000000e-01 -1.674544e-06 8.470099e-06 0.000000e+00 1.012075e-04 0.000000e+00 0.000000e+00 -5.574276e-06 2.820584e-05 0.000000e+00 3.370219e-04 0.000000e+00 0.000000e+00 
1.000000e+00 -2.295549e-06 1.161432e-05 0.000000e+00 1.387761e-04 0.000000e+00 0.000000e+00 -6.871911e-06 3.479839e-05 0.000000e+00 4.157841e-04 0.000000e+00 0.000000e+00 
1.100000e+00 -3.053362e-06 1.545234e-05 0.000000e+00 1.846341e-04 0.000000e+00 0.000000e+00 -8.301307e-06 4.207448e-05 0.000000e+00 5.027077e-04 0.000000e+00 0.000000e+00 
1.200000e+00 -3.961030e-06 2.005236e-05 0.000000e+00 2.395954e-04 0.000000e+00 0.000000e+00 -9.860581e-06 5.003107e-05 0.000000e+00 5.977535e-04 0.000000e+00 0.000000e+00 
1.300000e+00 -5.031302e-06 2.548218e-05 0.000000e+00 3.044691e-04 0.000000e+00 0.000000e+00 -1.154750e-05 5.866484e-05 0.000000e+00 7.008791e-04 0.000000e+00 0.000000e+00 
1.400000e+00 -6.276634e-06 3.180919e-05 0.000000e+00 3.800588e-04 0.000000e+00 0.000000e+00 -1.335949e-05 6.797219e-05 0.000000e+00 8.120382e-04 0.000000e+00 0.000000e+00 
1.500000e+00 -7.709187e-06 3.910042e-05 0.000000e+00 4.671635e-04 0.000000e+00 0.000000e+00 -1.529361e-05 7.794929e-05 0.000000e+00 9.311808e-04 0.000000e+00 0.000000e+00 
1.600000e+00 -9.340827e-06 4.742249e-05 0.000000e+00 5.665766e-04 0.000000e+00 0.000000e+00 -1.734659e-05 8.859201e-05 0.000000e+00 1.058253e-03 0.000000e+00 0.000000e+00 
1.700000e+00 -1.118313e-05 5.684164e-05 0.000000e+00 6.790869e-04 0.000000e+00 0.000000e+00 -1.951481e-05 9.989599e-05 0.000000e+00 1.193198e-03 0.000000e+00 0.000000e+00 
1.800000e+00 -1.324736e-05 6.742371e-05 0.000000e+00 8.054778e-04 0.000000e+00 0.000000e+00 -2.179429e-05 1.118566e-04 0.000000e+00 1.335954e-03 0.000000e+00 0.000000e+00 
1.900000e+00 -1.554452e-05 7.923416e-05 0.000000e+00 9.465280e-04 0.000000e+00 0.000000e+00 -2.418071e-05 1.244689e-04 0.000000e+00 1.486457e-03 0.000000e+00 0.000000e+00 
2.000000e+00 -1.808528e-05 9.233804e-05 0.000000e+00 1.103011e-03 0.000000e+00 0.000000e+00 -2.666940e-05 1.377277e-04 0.000000e+00 1.644639e-03 0.000000e+00 0.000000e+00 
2.100000e+00 -2.088004e-05 1.068000e-04 0.000000e+00 1.275694e-03 0.000000e+00 0.000000e+00 -2.925534e-05 1.516276e-04 0.000000e+00 1.810426e-03 0.000000e+00 0.000000e+00 
2.200000e+00 -2.393842e-05 1.226841e-04 0.000000e+00 1.465338e-03 0.000000e+00 0.000000e+00 -3.193304e-05 1.661629e-04 0.000000e+00 1.983744e-03 0.000000e+00 0.000000e+00 
2.300000e+00 -2.726831e-05 1.400529e-04 0.000000e+00 1.672682e-03 0.000000e+00 0.000000e+00 -3.469619e-05 1.813279e-04 0.000000e+00 2.164514e-03 0.000000e+00 0.000000e+00 
2.400000e+00 -3.087848e-05 1.589694e-04 0.000000e+00 1.898472e-03 0.000000e+00 0.000000e+00 -3.753823e-05 1.971162e-04 0.000000e+00 2.352653e-03 0.000000e+00 0.000000e+00 
2.500000e+00 -3.477693e-05 1.794959e-04 0.000000e+00 2.143443e-03 0.000000e+00 0.000000e+00 -4.045218e-05 2.135216e-04 0.000000e+00 2.548073e-03 0.000000e+00 0.000000e+00 
2.600000e+00 -3.897067e-05 2.016937e-04 0.000000e+00 2.408321e-03 0.000000e+00 0.000000e+00 -4.343054e-05 2.305375e-04 0.000000e+00 2.750686e-03 0.000000e+00 0.000000e+00 
2.700000e+00 -4.346576e-05 2.256237e-04 0.000000e+00 2.693821e-03 0.000000e+00 0.000000e+00 -4.646531e-05 2.481570e-04 0.000000e+00 2.960398e-03 0.000000e+00 0.000000e+00 
2.800000e+00 -4.826727e-05 2.513457e-04 0.000000e+00 3.000645e-03 0.000000e+00 0.000000e+00 -4.954798e-05 2.663730e-04 0.000000e+00 3.177111e-03 0.000000e+00 0.000000e+00 
2.900000e+00 -5.337931e-05 2.789191e-04 0.000000e+00 3.329490e-03 0.000000e+00 0.000000e+00 -5.266956e-05 2.851782e-04 0.000000e+00 3.400727e-03 0.000000e+00 0.000000e+00 
3.000000e+00 -5.880501e-05 3.084021e-04 0.000000e+00 3.681037e-03 0.000000e+00 0.000000e+00 -5.582054e-05 3.045650e-04 0.000000e+00 3.631140e-03 0.000000e+00 0.000000e+00 
3.100000e+00 -6.454652e-05 3.398524e-04 0.000000e+00 4.055958e-03 0.000000e+00 0.000000e+00 -5.899091e-05 3.245258e-04 0.000000e+00 3.868245e-03 0.000000e+00 0.000000e+00 
3.200000e+00 -7.060505e-05 3.733270e-04 0.000000e+00 4.454917e-03 0.000000e+00 0.000000e+00 -6.217018e-05 3.450523e-04 0.000000e+00 4.111931e-03 0.000000e+00 0.000000e+00 
3.300000e+00 -7.698081e-05 4.088818e-04 0.000000e+00 4.878565e-03 0.000000e+00 0.000000e+00 -6.534732e-05 3.661365e-04 0.000000e+00 4.362085e-03 0.000000e+00 0.000000e+00 
3.400000e+00 -8.367304e-05 4.465723e-04 0.000000e+00 5.327542e-03 0.000000e+00 0.000000e+00 -6.851084e-05 3.877697e-04 0.000000e+00 4.618589e-03 0.000000e+00 0.000000e+00 
3.500000e+00 -9.068001e-05 4.864530e-04 0.000000e+00 5.802479e-03 0.000000e+00 0.000000e+00 -7.164872e-05 4.099433e-04 0.000000e+00 4.881322e-03 0.000000e+00 0.000000e+00 
3.600000e+00 -9.799902e-05 5.285777e-04 0.000000e+00 6.303995e-03 0.000000e+00 0.000000e+00 -7.474845e-05 4.326482e-04 0.000000e+00 5.150162e-03 0.000000e+00 0.000000e+00 
3.700000e+00 -1.056263e-04 5.729994e-04 0.000000e+00 6.832700e-03 0.000000e+00 0.000000e+00 -7.779704e-05 4.558753e-04 0.000000e+00 5.424980e-03 0.000000e+00 0.000000e+00 
3.800000e+00 -1.135554e-04 6.197692e-04 0.000000e+00 7.389179e-03 0.000000e+00 0.000000e+00 -8.078127e-05 4.796150e-04 0.000000e+00 5.705648e-03 0.000000e+00 0.000000e+00 
3.900000e+00 -1.217788e-04 6.689380e-04 0.000000e+00 7.974009e-03 0.000000e+00 0.000000e+00 -8.368707e-05 5.038577e-04 0.000000e+00 5.992032e-03 0.000000e+00 0.000000e+00 
4.000000e+00 -1.302885e-04 7.205560e-04 0.000000e+00 8.587759e-03 0.000000e+00 0.000000e+00 -8.649977e-05 5.285934e-04 0.000000e+00 6.283996e-03 0.000000e+00 0.000000e+00 
4.100000e+00 -1.390746e-04 7.746720e-04 0.000000e+00 9.230981e-03 0.000000e+00 0.000000e+00 -8.920435e-05 5.538121e-04 0.000000e+00 6.581400e-03 0.000000e+00 0.000000e+00 
4.200000e+00 -1.481256e-04 8.313341e-04 0.000000e+00 9.904215e-03 0.000000e+00 0.000000e+00 -9.178544e-05 5.795031e-04 0.000000e+00 6.884102e-03 0.000000e+00 0.000000e+00 
4.300000e+00 -1.574283e-04 8.905887e-04 0.000000e+00 1.060798e-02 0.000000e+00 0.000000e+00 -9.422729e-05 6.056559e-04 0.000000e+00 7.191956e-03 0.000000e+00 0.000000e+00 
4.400000e+00 -1.669678e-04 9.524816e-04 0.000000e+00 1.134279e-02 0.000000e+00 0.000000e+00 -9.651379e-05 6.322594e-04 0.000000e+00 7.504815e-03 0.000000e+00 0.000000e+00 
4.500000e+00 -1.767276e-04 1.017057e-03 0.000000e+00 1.210912e-02 0.000000e+00 0.000000e+00 -9.862848e-05 6.593023e-04 0.000000e+00 7.822527e-03 0.000000e+00 0.000000e+00 
4.600000e+00 -1.866893e-04 1.084358e-03 0.000000e+00 1.290746e-02 0.000000e+00 0.000000e+00 -1.005545e-04 6.867731e-04 0.000000e+00 8.144938e-03 0.000000e+00 0.000000e+00 
4.700000e+00 -1.968332e-04 1.154427e-03 0.000000e+00 1.373827e-02 0.000000e+00 0.000000e+00 -1.022747e-04 7.146599e-04 0.000000e+00 8.471894e-03 0.000000e+00 0.000000e+00 
4.800000e+00 -2.071375e-04 1.227304e-03 0.000000e+00 1.460200e-02 0.000000e+00 0.000000e+00 -1.037715e-04 7.429505e-04 0.000000e+00 8.803233e-03 0.000000e+00 0.000000e+00 
4.900000e+00 -2.175791e-04 1.303030e-03 0.000000e+00 1.549906e-02 0.000000e+00 0.000000e+00 -1.050270e-04 7.716326e-04 0.000000e+00 9.138793e-03 0.000000e+00 0.000000e+00 
5.000000e+00 -2.281329e-04 1.381643e-03 0.000000e+00 1.642988e-02 0.000000e+00 0.000000e+00 -1.060229e-04 8.006934e-04 0.000000e+00 9.478411e-03 0.000000e+00 0.000000e+00 
5.100000e+00 -2.387724e-04 1.463180e-03 0.000000e+00 1.739486e-02 0.000000e+00 0.000000e+00 -1.067406e-04 8.301201e-04 0.000000e+00 9.821917e-03 0.000000e+00 0.000000e+00 
5.200000e+00 -2.494692e-04 1.547677e-03 0.000000e+00 1.839438e-02 0.000000e+00 0.000000e+00 -1.071610e-04 8.598993e-04 0.000000e+00 1.016914e-02 0.000000e+00 0.000000e+00 
5.300000e+00 -2.601932e-04 1.635170e-03 0.000000e+00 1.942880e-02 0.000000e+00 0.000000e+00 -1.072652e-04 8.900174e-04 0.000000e+00 1.051991e-02 0.000000e+00 0.000000e+00 
5.400000e+00 -2.709116e-04 1.725690e-03 0.000000e+00 2.049847e-02 0.000000e+00 0.000000e+00 -1.070350e-04 9.204603e-04 0.000000e+00 1.087405e-02 0.000000e+00 0.000000e+00 
5.500000e+00 -2.815897e-04 1.819270e-03 0.000000e+00 2.160371e-02 0.000000e+00 0.000000e+00 -1.064503e-04 9.512139e-04 0.000000e+00 1.123139e-02 0.000000e+00 0.000000e+00 
5.600000e+00 -2.921907e-04 1.915940e-03 0.000000e+00 2.274483e-02 0.000000e+00 0.000000e+00 -1.054913e-04 9.822636e-04 0.000000e+00 1.159174e-02 0.000000e+00 0.000000e+00 
5.700000e+00 -3.026761e-04 2.015730e-03 0.000000e+00 2.392214e-02 0.000000e+00 0.000000e+00 -1.041379e-04 1.013594e-03 0.000000e+00 1.195491e-02 0.000000e+00 0.000000e+00 
5.800000e+00 -3.130053e-04 2.118668e-03 0.000000e+00 2.513590e-02 0.000000e+00 0.000000e+00 -1.023703e-04 1.045191e-03 0.000000e+00 1.232074e-02 0.000000e+00 0.000000e+00 
5.900000e+00 -3.231360e-04 2.224778e-03 0.000000e+00 2.638637e-02 0.000000e+00 0.000000e+00 -1.001689e-04 1.077038e-03 0.000000e+00 1.268902e-02 0.000000e+00 0.000000e+00 
6.000000e+00 -3.330237e-04 2.334086e-03 0.000000e+00 2.767379e-02 0.000000e+00 0.000000e+00 -9.751405e-05 1.109119e-03 0.000000e+00 1.305956e-02 0.000000e+00 0.000000e+00 
6.100000e+00 -3.426222e-04 2.446612e-03 0.000000e+00 2.899837e-02 0.000000e+00 0.000000e+00 -9.438631e-05 1.141418e-03 0.000000e+00 1.343219e-02 0.000000e+00 0.000000e+00 
6.200000e+00 -3.518834e-04 2.562380e-03 0.000000e+00 3.036031e-02 0.000000e+00 0.000000e+00 -9.076634e-05 1.173918e-03 0.000000e+00 1.380670e-02 0.000000e+00 0.000000e+00 
6.300000e+00 -3.607572e-04 2.681406e-03 0.000000e+00 3.175979e-02 0.000000e+00 0.000000e+00 -8.663493e-05 1.206602e-03 0.000000e+00 1.418291e-02 0.000000e+00 0.000000e+00 
6.400000e+00 -3.691915e-04 2.803708e-03 0.000000e+00 3.319696e-02 0.000000e+00 0.000000e+00 -8.197298e-05 1.239453e-03 0.000000e+00 1.456061e-02 0.000000e+00 0.000000e+00 
6.500000e+00 -3.771324e-04 2.929303e-03 0.000000e+00 3.467196e-02 0.000000e+00 0.000000e+00 -7.676151e-05 1.272451e-03 0.000000e+00 1.493961e-02 0.000000e+00 0.000000e+00 
6.600000e+00 -3.845241e-04 3.058203e-03 0.000000e+00 3.618492e-02 0.000000e+00 0.000000e+00 -7.098166e-05 1.305581e-03 0.000000e+00 1.531970e-02 0.000000e+00 0.000000e+00 
6.700000e+00 -3.913089e-04 3.190421e-03 0.000000e+00 3.773592e-02 0.000000e+00 0.000000e+00 -6.461469e-05 1.338821e-03 0.000000e+00 1.570069e-02 0.000000e+00 0.000000e+00 
6.800000e+00 -3.974269e-04 3.325968e-03 0.000000e+00 3.932506e-02 0.000000e+00 0.000000e+00 -5.764198e-05 1.372155e-03 0.000000e+00 1.608238e-02 0.000000e+00 0.000000e+00 
6.900000e+00 -4.028168e-04 3.464852e-03 0.000000e+00 4.095240e-02 0.000000e+00 0.000000e+00 -5.004503e-05 1.405562e-03 0.000000e+00 1.646454e-02 0.000000e+00 0.000000e+00 
7.000000e+00 -4.074148e-04 3.607080e-03 0.000000e+00 4.261797e-02 0.000000e+00 0.000000e+00 -4.180545e-05 1.439022e-03 0.000000e+00 1.684699e-02 0.000000e+00 0.000000e+00 
7.100000e+00 -4.111603e-04 3.752655e-03 0.000000e+00 4.432180e-02 0.000000e+00 0.000000e+00 -3.290777e-05 1.472516e-03 0.000000e+00 1.722951e-02 0.000000e+00 0.000000e+00 
7.200000e+00 -4.139882e-04 3.901580e-03 0.000000e+00 4.606387e-02 0.000000e+00 0.000000e+00 -2.333650e-05 1.506024e-03 0.000000e+00 1.761190e-02 0.000000e+00 0.000000e+00 
7.300000e+00 -4.158266e-04 4.053854e-03 0.000000e+00 4.784417e-02 0.000000e+00 0.000000e+00 -1.307378e-05 1.539525e-03 0.000000e+00 1.799395e-02 0.000000e+00 0.000000e+00 
7.400000e+00 -4.166029e-04 4.209478e-03 0.000000e+00 4.966265e-02 0.000000e+00 0.000000e+00 -2.102666e-06 1.572995e-03 0.000000e+00 1.837544e-02 0.000000e+00 0.000000e+00 
7.500000e+00 -4.162434e-04 4.368447e-03 0.000000e+00 5.151925e-02 0.000000e+00 0.000000e+00 9.592863e-06 1.606415e-03 0.000000e+00 1.875616e-02 0.000000e+00 0.000000e+00 
7.600000e+00 -4.146736e-04 4.530756e-03 0.000000e+00 5.341386e-02 0.000000e+00 0.000000e+00 2.202789e-05 1.639760e-03 0.000000e+00 1.913588e-02 0.000000e+00 0.000000e+00 
7.700000e+00 -4.118183e-04 4.696396e-03 0.000000e+00 5.534639e-02 0.000000e+00 0.000000e+00 3.521659e-05 1.673010e-03 0.000000e+00 1.951441e-02 0.000000e+00 0.000000e+00 
7.800000e+00 -4.076014e-04 4.865356e-03 0.000000e+00 5.731670e-02 0.000000e+00 0.000000e+00 4.917218e-05 1.706140e-03 0.000000e+00 1.989152e-02 0.000000e+00 0.000000e+00 
7.900000e+00 -4.019460e-04 5.037623e-03 0.000000e+00 5.932464e-02 0.000000e+00 0.000000e+00 6.390697e-05 1.739129e-03 0.000000e+00 2.026700e-02 0.000000e+00 0.000000e+00 
8.000000e+00 -3.947744e-04 5.213182e-03 0.000000e+00 6.137003e-02 0.000000e+00 0.000000e+00 7.943236e-05 1.771952e-03 0.000000e+00 2.064064e-02 0.000000e+00 0.000000e+00 
8.100000e+00 -3.860080e-04 5.392015e-03 0.000000e+00 6.345269e-02 0.000000e+00 0.000000e+00 9.575878e-05 1.804587e-03 0.000000e+00 2.101222e-02 0.000000e+00 0.000000e+00 
8.200000e+00 -3.755674e-04 5.574100e-03 0.000000e+00 6.557239e-02 0.000000e+00 0.000000e+00 1.128958e-04 1.837009e-03 0.000000e+00 2.138153e-02 0.000000e+00 0.000000e+00 
8.300000e+00 -3.633723e-04 5.759416e-03 0.000000e+00 6.772891e-02 0.000000e+00 0.000000e+00 1.308519e-04 1.869194e-03 0.000000e+00 2.174836e-02 0.000000e+00 0.000000e+00 
8.400000e+00 -3.493418e-04 5.947938e-03 0.000000e+00 6.992197e-02 0.000000e+00 0.000000e+00 1.496349e-04 1.901118e-03 0.000000e+00 2.211249e-02 0.000000e+00 0.000000e+00 
8.500000e+00 -3.333939e-04 6.139637e-03 0.000000e+00 7.215130e-02 0.000000e+00 0.000000e+00 1.692515e-04 1.932757e-03 0.000000e+00 2.247372e-02 0.000000e+00 0.000000e+00 
8.600000e+00 -3.154459e-04 6.334483e-03 0.000000e+00 7.441660e-02 0.000000e+00 0.000000e+00 1.897074e-04 1.964085e-03 0.000000e+00 2.283183e-02 0.000000e+00 0.000000e+00 
8.700000e+00 -2.954143e-04 6.532444e-03 0.000000e+00 7.671755e-02 0.000000e+00 0.000000e+00 2.110077e-04 1.995078e-03 0.000000e+00 2.318661e-02 0.000000e+00 0.000000e+00 
8.800000e+00 -2.732147e-04 6.733486e-03 0.000000e+00 7.905380e-02 0.000000e+00 0.000000e+00 2.331562e-04 2.025710e-03 0.000000e+00 2.353784e-02 0.000000e+00 0.000000e+00 
8.900000e+00 -2.487619e-04 6.937570e-03 0.000000e+00 8.142499e-02 0.000000e+00 0.000000e+00 2.561560e-04 2.055956e-03 0.000000e+00 2.388532e-02 0.000000e+00 0.000000e+00 
9.000000e+00 -2.219699e-04 7.144658e-03 0.000000e+00 8.383073e-02 0.000000e+00 0.000000e+00 2.800093e-04 2.085789e-03 0.000000e+00 2.422884e-02 0.000000e+00 0.000000e+00 
9.100000e+00 -1.927518e-04 7.354707e-03 0.000000e+00 8.627062e-02 0.000000e+00 0.000000e+00 3.047171e-04 2.115184e-03 0.000000e+00 2.456818e-02 0.000000e+00 0.000000e+00 
9.200000e+00 -1.610199e-04 7.567672e-03 0.000000e+00 8.874423e-02 0.000000e+00 0.000000e+00 3.302797e-04 2.144114e-03 0.000000e+00 2.490314e-02 0.000000e+00 0.000000e+00 
9.300000e+00 -1.266858e-04 7.783508e-03 0.000000e+00 9.125110e-02 0.000000e+00 0.000000e+00 3.566965e-04 2.172552e-03 0.000000e+00 2.523350e-02 0.000000e+00 0.000000e+00 
9.400000e+00 -8.966197e-05 8.002163e-03 0.000000e+00 9.379077e-02 0.000000e+00 0.000000e+00 3.839655e-04 2.200473e-03 0.000000e+00 2.555905e-02 0.000000e+00 0.000000e+00 
9.500000e+00 -4.987281e-05 8.223586e-03 0.000000e+00 9.636277e-02 0.000000e+00 0.000000e+00 4.120809e-04 2.227852e-03 0.000000e+00 2.587962e-02 0.000000e+00 0.000000e+00 
9.600000e+00 -7.232673e-06 8.447719e-03 0.000000e+00 9.896657e-02 0.000000e+00 0.000000e+00 4.410366e-04 2.254663e-03 0.000000e+00 2.619499e-02 0.000000e+00 0.000000e+00 
9.700000e+00 3.834518e-05 8.674503e-03 0.000000e+00 1.016016e-01 0.000000e+00 0.000000e+00 4.708258e-04 2.280880e-03 0.000000e+00 2.650497e-02 0.000000e+00 0.000000e+00 
9.800000e+00 8.694576e-05 8.903878e-03 0.000000e+00 1.042674e-01 0.000000e+00 0.000000e+00 5.014403e-04 2.306475e-03 0.000000e+00 2.680936e-02 0.000000e+00 0.000000e+00 
9.900000e+00 1.386523e-04 9.135778e-03 0.000000e+00 1.069633e-01 0.000000e+00 0.000000e+00 5.328708e-04 2.331423e-03 0.000000e+00 2.710796e-02 0.000000e+00 0.000000e+00 
1.000000e+01 1.935462e-04 9.370139e-03 0.000000e+00 1.096888e-01 0.000000e+00 0.000000e+00 5.651063e-04 2.355698e-03 0.000000e+00 2.740059e-02 0.000000e+00 0.000000e+00 
1.010000e+01 2.517072e-04 9.606892e-03 0.000000e+00 1.124432e-01 0.000000e+00 0.000000e+00 5.981347e-04 2.379275e-03 0.000000e+00 2.768705e-02 0.000000e+00 0.000000e+00 
1.020000e+01 3.132133e-04 9.845965e-03 0.000000e+00 1.152260e-01 0.000000e+00 0.000000e+00 6.319425e-04 2.402128e-03 0.000000e+00 2.796717e-02 0.000000e+00 0.000000e+00 
1.030000e+01 3.781406e-04 1.008729e-02 0.000000e+00 1.180364e-01 0.000000e+00 0.000000e+00 6.665149e-04 2.424235e-03 0.000000e+00 2.824077e-02 0.000000e+00 0.000000e+00 
1.040000e+01 4.465634e-04 1.033078e-02 0.000000e+00 1.208738e-01 0.000000e+00 0.000000e+00 7.018357e-04 2.445570e-03 0.000000e+00 2.850768e-02 0.000000e+00 0.000000e+00 
1.050000e+01 5.185546e-04 1.057637e-02 0.000000e+00 1.237376e-01 0.000000e+00 0.000000e+00 7.378875e-04 2.466110e-03 0.000000e+00 2.876772e-02 0.000000e+00 0.000000e+00 
1.060000e+01 5.941848e-04 1.082397e-02 0.000000e+00 1.266271e-01 0.000000e+00 0.000000e+00 7.746514e-04 2.485832e-03 0.000000e+00 2.902073e-02 0.000000e+00 0.000000e+00 
1.070000e+01 6.735233e-04 1.107350e-02 0.000000e+00 1.295415e-01 0.000000e+00 0.000000e+00 8.121073e-04 2.504712e-03 0.000000e+00 2.926655e-02 0.000000e+00 0.000000e+00 
1.080000e+01 7.566373e-04 1.132488e-02 0.000000e+00 1.324801e-01 0.000000e+00 0.000000e+00 8.502337e-04 2.522730e-03 0.000000e+00 2.950501e-02 0.000000e+00 0.000000e+00 
1.090000e+01 8.435925e-04 1.157802e-02 0.000000e+00 1.354422e-01 0.000000e+00 0.000000e+00 8.890077e-04 2.539862e-03 0.000000e+00 2.973598e-02 0.000000e+00 0.000000e+00 
1.100000e+01 9.344526e-04 1.183282e-02 0.000000e+00 1.384271e-01 0.000000e+00 0.000000e+00 9.284053e-04 2.556087e-03 0.000000e+00 2.995928e-02 0.000000e+00 0.000000e+00 
1.110000e+01 1.029280e-03 1.208921e-02 0.000000e+00 1.414339e-01 0.000000e+00 0.000000e+00 9.684010e-04 2.571385e-03 0.000000e+00 3.017479e-02 0.000000e+00 0.000000e+00 
1.120000e+01 1.128134e-03 1.234708e-02 0.000000e+00 1.444618e-01 0.000000e+00 0.000000e+00 1.008968e-03 2.585734e-03 0.000000e+00 3.038235e-02 0.000000e+00 0.000000e+00 
1.130000e+01 1.231074e-03 1.260633e-02 0.000000e+00 1.475101e-01 0.000000e+00 0.000000e+00 1.050078e-03 2.599114e-03 0.000000e+00 3.058183e-02 0.000000e+00 0.000000e+00 
1.140000e+01 1.338157e-03 1.286687e-02 0.000000e+00 1.505779e-01 0.000000e+00 0.000000e+00 1.091702e-03 2.611505e-03 0.000000e+00 3.077310e-02 0.000000e+00 0.000000e+00 
1.150000e+01 1.449426e-03 1.312860e-02 0.000000e+00 1.536645e-01 0.000000e+00 0.000000e+00 1.133811e-03 2.622891e-03 0.000000e+00 3.095604e-02 0.000000e+00 0.000000e+00 
1.160000e+01 1.564928e-03 1.339142e-02 0.000000e+00 1.567689e-01 0.000000e+00 0.000000e+00 1.176373e-03 2.633256e-03 0.000000e+00 3.113053e-02 0.000000e+00 0.000000e+00 
1.170000e+01 1.684708e-03 1.365523e-02 0.000000e+00 1.598904e-01 0.000000e+00 0.000000e+00 1.219355e-03 2.642583e-03 0.000000e+00 3.129646e-02 0.000000e+00 0.000000e+00 
1.180000e+01 1.808807e-03 1.391991e-02 0.000000e+00 1.630280e-01 0.000000e+00 0.000000e+00 1.262723e-03 2.650855e-03 0.000000e+00 3.145372e-02 0.000000e+00 0.000000e+00 
1.190000e+01 1.937261e-03 1.418537e-02 0.000000e+00 1.661809e-01 0.000000e+00 0.000000e+00 1.306440e-03 2.658059e-03 0.000000e+00 3.160222e-02 0.000000e+00 0.000000e+00 
1.200000e+01 2.070105e-03 1.445149e-02 0.000000e+00 1.693481e-01 0.000000e+00 0.000000e+00 1.350471e-03 2.664180e-03 0.000000e+00 3.174185e-02 0.000000e+00 0.000000e+00 
1.210000e+01 2.207369e-03 1.471816e-02 0.000000e+00 1.725289e-01 0.000000e+00 0.000000e+00 1.394781e-03 2.669208e-03 0.000000e+00 3.187254e-02 0.000000e+00 0.000000e+00 
1.220000e+01 2.349076e-03 1.498528e-02 0.000000e+00 1.757223e-01 0.000000e+00 0.000000e+00 1.439330e-03 2.673130e-03 0.000000e+00 3.199421e-02 0.000000e+00 0.000000e+00 
1.230000e+01 2.495250e-03 1.525274e-02 0.000000e+00 1.789274e-01 0.000000e+00 0.000000e+00 1.484082e-03 2.675936e-03 0.000000e+00 3.210677e-02 0.000000e+00 0.000000e+00 
1.240000e+01 2.645907e-03 1.552041e-02 0.000000e+00 1.821432e-01 0.000000e+00 0.000000e+00 1.528997e-03 2.677619e-03 0.000000e+00 3.221018e-02 0.000000e+00 0.000000e+00 
1.250000e+01 2.801062e-03 1.578821e-02 0.000000e+00 1.853690e-01 0.000000e+00 0.000000e+00 1.574037e-03 2.678170e-03 0.000000e+00 3.230437e-02 0.000000e+00 0.000000e+00 
1.260000e+01 2.960725e-03 1.605600e-02 0.000000e+00 1.886037e-01 0.000000e+00 0.000000e+00 1.619160e-03 2.677584e-03 0.000000e+00 3.238928e-02 0.000000e+00 0.000000e+00 
1.270000e+01 3.124901e-03 1.632368e-02 0.000000e+00 1.918465e-01 0.000000e+00 0.000000e+00 1.664328e-03 2.675854e-03 0.000000e+00 3.246489e-02 0.000000e+00 0.000000e+00 
1.280000e+01 3.293592e-03 1.659113e-02 0.000000e+00 1.950964e-01 0.000000e+00 0.000000e+00 1.709497e-03 2.672978e-03 0.000000e+00 3.253114e-02 0.000000e+00 0.000000e+00 
1.290000e+01 3.466797e-03 1.685824e-02 0.000000e+00 1.983524e-01 0.000000e+00 0.000000e+00 1.754626e-03 2.668951e-03 0.000000e+00 3.258801e-02 0.000000e+00 0.000000e+00 
1.300000e+01 3.644509e-03 1.712489e-02 0.000000e+00 2.016137e-01 0.000000e+00 0.000000e+00 1.799671e-03 2.663773e-03 0.000000e+00 3.263549e-02 0.000000e+00 0.000000e+00 
1.310000e+01 3.826720e-03 1.739097e-02 0.000000e+00 2.048793e-01 0.000000e+00 0.000000e+00 1.844590e-03 2.657443e-03 0.000000e+00 3.267354e-02 0.000000e+00 0.000000e+00 
1.320000e+01 4.013414e-03 1.765635e-02 0.000000e+00 2.081482e-01 0.000000e+00 0.000000e+00 1.889338e-03 2.649961e-03 0.000000e+00 3.270217e-02 0.000000e+00 0.000000e+00 
1.330000e+01 4.204575e-03 1.792093e-02 0.000000e+00 2.114195e-01 0.000000e+00 0.000000e+00 1.933870e-03 2.641330e-03 0.000000e+00 3.272137e-02 0.000000e+00 0.000000e+00 
1.340000e+01 4.400181e-03 1.818459e-02 0.000000e+00 2.146922e-01 0.000000e+00 0.000000e+00 1.978147e-03 2.631552e-03 0.000000e+00 3.273115e-02 0.000000e+00 0.000000e+00 
1.350000e+01 4.600203e-03 1.844722e-02 0.000000e+00 2.179655e-01 0.000000e+00 0.000000e+00 2.022125e-03 2.620633e-03 0.000000e+00 3.273153e-02 0.000000e+00 0.000000e+00 
1.360000e+01 4.804607e-03 1.870870e-02 0.000000e+00 2.212383e-01 0.000000e+00 0.000000e+00 2.065757e-03 2.608581e-03 0.000000e+00 3.272252e-02 0.000000e+00 0.000000e+00 
1.370000e+01 5.013354e-03 1.896891e-02 0.000000e+00 2.245098e-01 0.000000e+00 0.000000e+00 2.109000e-03 2.595404e-03 0.000000e+00 3.270418e-02 0.000000e+00 0.000000e+00 
1.380000e+01 5.226401e-03 1.922775e-02 0.000000e+00 2.277789e-01 0.000000e+00 0.000000e+00 2.151808e-03 2.581110e-03 0.000000e+00 3.267652e-02 0.000000e+00 0.000000e+00 
1.390000e+01 5.443704e-03 1.948511e-02 0.000000e+00 2.310448e-01 0.000000e+00 0.000000e+00 2.194137e-03 2.565712e-03 0.000000e+00 3.263961e-02 0.000000e+00 0.000000e+00 
1.400000e+01 5.665210e-03 1.974086e-02 0.000000e+00 2.343065e-01 0.000000e+00 0.000000e+00 2.235945e-03 2.549221e-03 0.000000e+00 3.259350e-02 0.000000e+00 0.000000e+00 
1.410000e+01 5.890868e-03 1.999490e-02 0.000000e+00 2.375631e-01 0.000000e+00 0.000000e+00 2.277187e-03 2.531651e-03 0.000000e+00 3.253824e-02 0.000000e+00 0.000000e+00 
1.420000e+01 6.120617e-03 2.024713e-02 0.000000e+00 2.408137e-01 0.000000e+00 0.000000e+00 2.317823e-03 2.513015e-03 0.000000e+00 3.247391e-02 0.000000e+00 0.000000e+00 
1.430000e+01 6.354397e-03 2.049744e-02 0.000000e+00 2.440575e-01 0.000000e+00 0.000000e+00 2.357811e-03 2.493331e-03 0.000000e+00 3.240058e-02 0.000000e+00 0.000000e+00 
1.440000e+01 6.592141e-03 2.074573e-02 0.000000e+00 2.472934e-01 0.000000e+00 0.000000e+00 2.397111e-03 2.472615e-03 0.000000e+00 3.231833e-02 0.000000e+00 0.000000e+00 
1.450000e+01 6.833779e-03 2.099190e-02 0.000000e+00 2.505207e-01 0.000000e+00 0.000000e+00 2.435683e-03 2.450886e-03 0.000000e+00 3.222725e-02 0.000000e+00 0.000000e+00 
1.460000e+01 7.079238e-03 2.123585e-02 0.000000e+00 2.537384e-01 0.000000e+00 0.000000e+00 2.473488e-03 2.428163e-03 0.000000e+00 3.212744e-02 0.000000e+00 0.000000e+00 
1.470000e+01 7.328438e-03 2.147748e-02 0.000000e+00 2.569458e-01 0.000000e+00 0.000000e+00 2.510487e-03 2.404468e-03 0.000000e+00 3.201899e-02 0.000000e+00 0.000000e+00 
1.480000e+01 7.581299e-03 2.171670e-02 0.000000e+00 2.601419e-01 0.000000e+00 0.000000e+00 2.546644e-03 2.379822e-03 0.000000e+00 3.190203e-02 0.000000e+00 0.000000e+00 
1.490000e+01 7.837735e-03 2.195341e-02 0.000000e+00 2.633259e-01 0.000000e+00 0.000000e+00 2.581919e-03 2.354249e-03 0.000000e+00 3.177665e-02 0.000000e+00 0.000000e+00 
1.500000e+01 8.097655e-03 2.218753e-02 0.000000e+00 2.664969e-01 0.000000e+00 0.000000e+00 2.616278e-03 2.327774e-03 0.000000e+00 3.164299e-02 0.000000e+00 0.000000e+00 
1.510000e+01 8.360966e-03 2.241896e-02 0.000000e+00 2.696543e-01 0.000000e+00 0.000000e+00 2.649685e-03 2.300422e-03 0.000000e+00 3.150118e-02 0.000000e+00 0.000000e+00 
1.520000e+01 8.627570e-03 2.264761e-02 0.000000e+00 2.727970e-01 0.000000e+00 0.000000e+00 2.682105e-03 2.272221e-03 0.000000e+00 3.135135e-02 0.000000e+00 0.000000e+00 
1.530000e+01 8.897365e-03 2.287340e-02 0.000000e+00 2.759244e-01 0.000000e+00 0.000000e+00 2.713503e-03 2.243200e-03 0.000000e+00 3.119364e-02 0.000000e+00 0.000000e+00 
1.540000e+01 9.170246e-03 2.309624e-02 0.000000e+00 2.790356e-01 0.000000e+00 0.000000e+00 2.743846e-03 2.213388e-03 0.000000e+00 3.102821e-02 0.000000e+00 0.000000e+00 
1.550000e+01 9.446105e-03 2.331606e-02 0.000000e+00 2.821299e-01 0.000000e+00 0.000000e+00 2.773102e-03 2.182815e-03 0.000000e+00 3.085522e-02 0.000000e+00 0.000000e+00 
1.560000e+01 9.724841e-03 2.353278e-02 0.000000e+00 2.852064e-01 0.000000e+00 0.000000e+00 2.801245e-03 2.151509e-03 0.000000e+00 3.067479e-02 0.000000e+00 0.000000e+00 
1.570000e+01 1.000634e-02 2.374634e-02 0.000000e+00 2.882646e-01 0.000000e+00 0.000000e+00 2.828246e-03 2.119502e-03 0.000000e+00 3.048709e-02 0.000000e+00 0.000000e+00 
1.580000e+01 1.029048e-02 2.395666e-02 0.000000e+00 2.913036e-01 0.000000e+00 0.000000e+00 2.854080e-03 2.086828e-03 0.000000e+00 3.029231e-02 0.000000e+00 0.000000e+00 
1.590000e+01 1.057714e-02 2.416369e-02 0.000000e+00 2.943229e-01 0.000000e+00 0.000000e+00 2.878720e-03 2.053523e-03 0.000000e+00 3.009061e-02 0.000000e+00 0.000000e+00 
1.600000e+01 1.086620e-02 2.436735e-02 0.000000e+00 2.973216e-01 0.000000e+00 0.000000e+00 2.902144e-03 2.019621e-03 0.000000e+00 2.988218e-02 0.000000e+00 0.000000e+00 
1.610000e+01 1.115754e-02 2.456759e-02 0.000000e+00 3.002991e-01 0.000000e+00 0.000000e+00 2.924328e-03 1.985157e-03 0.000000e+00 2.966720e-02 0.000000e+00 0.000000e+00 
1.620000e+01 1.145102e-02 2.476436e-02 0.000000e+00 3.032548e-01 0.000000e+00 0.000000e+00 2.945252e-03 1.950167e-03 0.000000e+00 2.944585e-02 0.000000e+00 0.000000e+00 
1.630000e+01 1.174653e-02 2.495761e-02 0.000000e+00 3.061880e-01 0.000000e+00 0.000000e+00 2.964899e-03 1.914686e-03 0.000000e+00 2.921831e-02 0.000000e+00 0.000000e+00 
1.640000e+01 1.204393e-02 2.514728e-02 0.000000e+00 3.090982e-01 0.000000e+00 0.000000e+00 2.983249e-03 1.878751e-03 0.000000e+00 2.898479e-02 0.000000e+00 0.000000e+00 
1.650000e+01 1.234310e-02 2.533334e-02 0.000000e+00 3.119847e-01 0.000000e+00 0.000000e+00 3.000288e-03 1.842397e-03 0.000000e+00 2.874545e-02 0.000000e+00 0.000000e+00 
1.660000e+01 1.264390e-02 2.551574e-02 0.000000e+00 3.148470e-01 0.000000e+00 0.000000e+00 3.016003e-03 1.805660e-03 0.000000e+00 2.850050e-02 0.000000e+00 0.000000e+00 
1.670000e+01 1.294622e-02 2.569446e-02 0.000000e+00 3.176846e-01 0.000000e+00 0.000000e+00 3.030379e-03 1.768577e-03 0.000000e+00 2.825013e-02 0.000000e+00 0.000000e+00 
1.680000e+01 1.324990e-02 2.586944e-02 0.000000e+00 3.204969e-01 0.000000e+00 0.000000e+00 3.043408e-03 1.731184e-03 0.000000e+00 2.799453e-02 0.000000e+00 0.000000e+00 
1.690000e+01 1.355482e-02 2.604068e-02 0.000000e+00 3.232833e-01 0.000000e+00 0.000000e+00 3.055081e-03 1.693518e-03 0.000000e+00 2.773391e-02 0.000000e+00 0.000000e+00 
1.700000e+01 1.386085e-02 2.620814e-02 0.000000e+00 3.260435e-01 0.000000e+00 0.000000e+00 3.065388e-03 1.655617e-03 0.000000e+00 2.746845e-02 0.000000e+00 0.000000e+00 
1.710000e+01 1.416785e-02 2.637180e-02 0.000000e+00 3.287768e-01 0.000000e+00 0.000000e+00 3.074326e-03 1.617518e-03 0.000000e+00 2.719837e-02 0.000000e+00 0.000000e+00 
1.720000e+01 1.447568e-02 2.653164e-02 0.000000e+00 3.314830e-01 0.000000e+00 0.000000e+00 3.081891e-03 1.579257e-03 0.000000e+00 2.692387e-02 0.000000e+00 0.000000e+00 
1.730000e+01 1.478420e-02 2.668765e-02 0.000000e+00 3.341615e-01 0.000000e+00 0.000000e+00 3.088078e-03 1.540873e-03 0.000000e+00 2.664514e-02 0.000000e+00 0.000000e+00 
1.740000e+01 1.509328e-02 2.683981e-02 0.000000e+00 3.368119e-01 0.000000e+00 0.000000e+00 3.092889e-03 1.502404e-03 0.000000e+00 2.636241e-02 0.000000e+00 0.000000e+00 
1.750000e+01 1.540277e-02 2.698813e-02 0.000000e+00 3.394339e-01 0.000000e+00 0.000000e+00 3.096324e-03 1.463887e-03 0.000000e+00 2.607587e-02 0.000000e+00 0.000000e+00 
1.760000e+01 1.571253e-02 2.713260e-02 0.000000e+00 3.420270e-01 0.000000e+00 0.000000e+00 3.098384e-03 1.425362e-03 0.000000e+00 2.578575e-02 0.000000e+00 0.000000e+00 
1.770000e+01 1.602241e-02 2.727321e-02 0.000000e+00 3.445910e-01 0.000000e+00 0.000000e+00 3.099076e-03 1.386865e-03 0.000000e+00 2.549225e-02 0.000000e+00 0.000000e+00 
1.780000e+01 1.633230e-02 2.740997e-02 0.000000e+00 3.471254e-01 0.000000e+00 0.000000e+00 3.098401e-03 1.348429e-03 0.000000e+00 2.519555e-02 0.000000e+00 0.000000e+00 
1.790000e+01 1.664206e-02 2.754288e-02 0.000000e+00 3.496299e-01 0.000000e+00 0.000000e+00 3.096370e-03 1.310090e-03 0.000000e+00 2.489586e-02 0.000000e+00 0.000000e+00 
1.800000e+01 1.695155e-02 2.767198e-02 0.000000e+00 3.521044e-01 0.000000e+00 0.000000e+00 3.092991e-03 1.271882e-03 0.000000e+00 2.459339e-02 0.000000e+00 0.000000e+00 
1.810000e+01 1.726063e-02 2.779726e-02 0.000000e+00 3.545485e-01 0.000000e+00 0.000000e+00 3.088276e-03 1.233841e-03 0.000000e+00 2.428833e-02 0.000000e+00 0.000000e+00 
1.820000e+01 1.756916e-02 2.791874e-02 0.000000e+00 3.569620e-01 0.000000e+00 0.000000e+00 3.082237e-03 1.196000e-03 0.000000e+00 2.398088e-02 0.000000e+00 0.000000e+00 
1.830000e+01 1.787703e-02 2.803646e-02 0.000000e+00 3.593446e-01 0.000000e+00 0.000000e+00 3.074888e-03 1.158393e-03 0.000000e+00 2.367124e-02 0.000000e+00 0.000000e+00 
1.840000e+01 1.818409e-02 2.815044e-02 0.000000e+00 3.616962e-01 0.000000e+00 0.000000e+00 3.066243e-03 1.121052e-03 0.000000e+00 2.335961e-02 0.000000e+00 0.000000e+00 
1.850000e+01 1.849022e-02 2.826069e-02 0.000000e+00 3.640165e-01 0.000000e+00 0.000000e+00 3.056318e-03 1.084007e-03 0.000000e+00 2.304617e-02 0.000000e+00 0.000000e+00 
1.860000e+01 1.879530e-02 2.836726e-02 0.000000e+00 3.663054e-01 0.000000e+00 0.000000e+00 3.045130e-03 1.047288e-03 0.000000e+00 2.273110e-02 0.000000e+00 0.000000e+00 
1.870000e+01 1.909919e-02 2.847018e-02 0.000000e+00 3.685627e-01 0.000000e+00 0.000000e+00 3.032697e-03 1.010925e-03 0.000000e+00 2.241460e-02 0.000000e+00 0.000000e+00 
1.880000e+01 1.940178e-02 2.856948e-02 0.000000e+00 3.707883e-01 0.000000e+00 0.000000e+00 3.019038e-03 9.749452e-04 0.000000e+00 2.209683e-02 0.000000e+00 0.000000e+00 
1.890000e+01 1.970294e-02 2.866520e-02 0.000000e+00 3.729821e-01 0.000000e+00 0.000000e+00 3.004173e-03 9.393764e-04 0.000000e+00 2.177799e-02 0.000000e+00 0.000000e+00 
1.900000e+01 2.000256e-02 2.875738e-02 0.000000e+00 3.751439e-01 0.000000e+00 0.000000e+00 2.988124e-03 9.042445e-04 0.000000e+00 2.145824e-02 0.000000e+00 0.000000e+00 
1.910000e+01 2.030052e-02 2.884607e-02 0.000000e+00 3.772737e-01 0.000000e+00 0.000000e+00 2.970914e-03 8.695749e-04 0.000000e+00 2.113776e-02 0.000000e+00 0.000000e+00 
1.920000e+01 2.059670e-02 2.893131e-02 0.000000e+00 3.793715e-01 0.000000e+00 0.000000e+00 2.952566e-03 8.353916e-04 0.000000e+00 2.081670e-02 0.000000e+00 0.000000e+00 
1.930000e+01 2.089100e-02 2.901316e-02 0.000000e+00 3.814370e-01 0.000000e+00 0.000000e+00 2.933105e-03 8.017181e-04 0.000000e+00 2.049524e-02 0.000000e+00 0.000000e+00 
1.940000e+01 2.118330e-02 2.909166e-02 0.000000e+00 3.834705e-01 0.000000e+00 0.000000e+00 2.912557e-03 7.685766e-04 0.000000e+00 2.017355e-02 0.000000e+00 0.000000e+00 
1.950000e+01 2.147349e-02 2.916688e-02 0.000000e+00 3.854717e-01 0.000000e+00 0.000000e+00 2.890950e-03 7.359885e-04 0.000000e+00 1.985177e-02 0.000000e+00 0.000000e+00 
1.960000e+01 2.176147e-02 2.923887e-02 0.000000e+00 3.874408e-01 0.000000e+00 0.000000e+00 2.868310e-03 7.039742e-04 0.000000e+00 1.953006e-02 0.000000e+00 0.000000e+00 
1.970000e+01 2.204713e-02 2.930769e-02 0.000000e+00 3.893777e-01 0.000000e+00 0.000000e+00 2.844669e-03 6.725531e-04 0.000000e+00 1.920859e-02 0.000000e+00 0.000000e+00 
1.980000e+01 2.233037e-02 2.937339e-02 0.000000e+00 3.912825e-01 0.000000e+00 0.000000e+00 2.820051e-03 6.417431e-04 0.000000e+00 1.888748e-02 0.000000e+00 0.000000e+00 
1.990000e+01 2.261111e-02 2.943604e-02 0.000000e+00 3.931552e-01 0.000000e+00 0.000000e+00 2.794484e-03 6.115596e-04 0.000000e+00 1.856688e-02 0.000000e+00 0.000000e+00 
2.000000e+01 2.288924e-02 2.949570e-02 0.000000e+00 3.949958e-01 0.000000e+00 0.000000e+00 2.768000e-03 5.820171e-04 0.000000e+00 1.824693e-02 0.000000e+00 0.000000e+00 
2.010000e+01 2.316468e-02 2.955244e-02 0.000000e+00 3.968045e-01 0.000000e+00 0.000000e+00 2.740631e-03 5.531290e-04 0.000000e+00 1.792775e-02 0.000000e+00 0.000000e+00 
2.020000e+01 2.343734e-02 2.960633e-02 0.000000e+00 3.985813e-01 0.000000e+00 0.000000e+00 2.712408e-03 5.249074e-04 0.000000e+00 1.760948e-02 0.000000e+00 0.000000e+00 
2.030000e+01 2.370713e-02 2.965743e-02 0.000000e+00 4.003264e-01 0.000000e+00 0.000000e+00 2.683362e-03 4.973635e-04 0.000000e+00 1.729223e-02 0.000000e+00 0.000000e+00 
2.040000e+01 2.397398e-02 2.970582e-02 0.000000e+00 4.020398e-01 0.000000e+00 0.000000e+00 2.653526e-03 4.705071e-04 0.000000e+00 1.697613e-02 0.000000e+00 0.000000e+00 
2.050000e+01 2.423781e-02 2.975157e-02 0.000000e+00 4.037217e-01 0.000000e+00 0.000000e+00 2.622931e-03 4.443471e-04 0.000000e+00 1.666129e-02 0.000000e+00 0.000000e+00 
2.060000e+01 2.449854e-02 2.979473e-02 0.000000e+00 4.053722e-01 0.000000e+00 0.000000e+00 2.591608e-03 4.188913e-04 0.000000e+00 1.634782e-02 0.000000e+00 0.000000e+00 
2.070000e+01 2.475611e-02 2.983539e-02 0.000000e+00 4.069914e-01 0.000000e+00 0.000000e+00 2.559589e-03 3.941463e-04 0.000000e+00 1.603583e-02 0.000000e+00 0.000000e+00 
2.080000e+01 2.501044e-02 2.987362e-02 0.000000e+00 4.085795e-01 0.000000e+00 0.000000e+00 2.526905e-03 3.701176e-04 0.000000e+00 1.572542e-02 0.000000e+00 0.000000e+00 
2.090000e+01 2.526147e-02 2.990947e-02 0.000000e+00 4.101366e-01 0.000000e+00 0.000000e+00 2.493589e-03 3.468097e-04 0.000000e+00 1.541670e-02 0.000000e+00 0.000000e+00 
2.100000e+01 2.550913e-02 2.994303e-02 0.000000e+00 4.116630e-01 0.000000e+00 0.000000e+00 2.459672e-03 3.242257e-04 0.000000e+00 1.510975e-02 0.000000e+00 0.000000e+00 
2.110000e+01 2.575338e-02 2.997437e-02 0.000000e+00 4.131588e-01 0.000000e+00 0.000000e+00 2.425186e-03 3.023680e-04 0.000000e+00 1.480466e-02 0.000000e+00 0.000000e+00 
2.120000e+01 2.599415e-02 3.000356e-02 0.000000e+00 4.146241e-01 0.000000e+00 0.000000e+00 2.390162e-03 2.812374e-04 0.000000e+00 1.450154e-02 0.000000e+00 0.000000e+00 
2.130000e+01 2.623140e-02 3.003066e-02 0.000000e+00 4.160592e-01 0.000000e+00 0.000000e+00 2.354631e-03 2.608340e-04 0.000000e+00 1.420045e-02 0.000000e+00 0.000000e+00 
2.140000e+01 2.646507e-02 3.005575e-02 0.000000e+00 4.174643e-01 0.000000e+00 0.000000e+00 2.318627e-03 2.411566e-04 0.000000e+00 1.390148e-02 0.000000e+00 0.000000e+00 
2.150000e+01 2.669511e-02 3.007891e-02 0.000000e+00 4.188395e-01 0.000000e+00 0.000000e+00 2.282179e-03 2.222029e-04 0.000000e+00 1.360471e-02 0.000000e+00 0.000000e+00 
2.160000e+01 2.692149e-02 3.010020e-02 0.000000e+00 4.201852e-01 0.000000e+00 0.000000e+00 2.245321e-03 2.039695e-04 0.000000e+00 1.331020e-02 0.000000e+00 0.000000e+00 
2.170000e+01 2.714416e-02 3.011970e-02 0.000000e+00 4.215016e-01 0.000000e+00 0.000000e+00 2.208083e-03 1.864519e-04 0.000000e+00 1.301802e-02 0.000000e+00 0.000000e+00 
2.180000e+01 2.736309e-02 3.013749e-02 0.000000e+00 4.227888e-01 0.000000e+00 0.000000e+00 2.170498e-03 1.696444e-04 0.000000e+00 1.272824e-02 0.000000e+00 0.000000e+00 
2.190000e+01 2.757825e-02 3.015363e-02 0.000000e+00 4.240472e-01 0.000000e+00 0.000000e+00 2.132597e-03 1.535404e-04 0.000000e+00 1.244092e-02 0.000000e+00 0.000000e+00 
2.200000e+01 2.778961e-02 3.016820e-02 0.000000e+00 4.252770e-01 0.000000e+00 0.000000e+00 2.094412e-03 1.381319e-04 0.000000e+00 1.215611e-02 0.000000e+00 0.000000e+00 
2.210000e+01 2.799712e-02 3.018127e-02 0.000000e+00 4.264785e-01 0.000000e+00 0.000000e+00 2.055972e-03 1.234135e-04 0.000000e+00 1.187387e-02 0.000000e+00 0.000000e+00 
2.220000e+01 2.820078e-02 3.019290e-02 0.000000e+00 4.276519e-01 0.000000e+00 0.000000e+00 2.017305e-03 1.093783e-04 0.000000e+00 1.159427e-02 0.000000e+00 0.000000e+00 
2.230000e+01 2.840057e-02 3.020316e-02 0.000000e+00 4.287974e-01 0.000000e+00 0.000000e+00 1.978442e-03 9.601516e-05 0.000000e+00 1.131735e-02 0.000000e+00 0.000000e+00 
2.240000e+01 2.859645e-02 3.021212e-02 0.000000e+00 4.299154e-01 0.000000e+00 0.000000e+00 1.939409e-03 8.331285e-05 0.000000e+00 1.104314e-02 0.000000e+00 0.000000e+00 
2.250000e+01 2.878843e-02 3.021984e-02 0.000000e+00 4.310061e-01 0.000000e+00 0.000000e+00 1.900237e-03 7.125964e-05 0.000000e+00 1.077170e-02 0.000000e+00 0.000000e+00 
2.260000e+01 2.897649e-02 3.022639e-02 0.000000e+00 4.320698e-01 0.000000e+00 0.000000e+00 1.860954e-03 5.984351e-05 0.000000e+00 1.050305e-02 0.000000e+00 0.000000e+00 
2.270000e+01 2.916061e-02 3.023183e-02 0.000000e+00 4.331068e-01 0.000000e+00 0.000000e+00 1.821585e-03 4.905213e-05 0.000000e+00 1.023725e-02 0.000000e+00 0.000000e+00 
2.280000e+01 2.934080e-02 3.023622e-02 0.000000e+00 4.341173e-01 0.000000e+00 0.000000e+00 1.782160e-03 3.887284e-05 0.000000e+00 9.974329e-03 0.000000e+00 0.000000e+00 
2.290000e+01 2.951705e-02 3.023963e-02 0.000000e+00 4.351018e-01 0.000000e+00 0.000000e+00 1.742704e-03 2.929264e-05 0.000000e+00 9.714317e-03 0.000000e+00 0.000000e+00 
2.300000e+01 2.968935e-02 3.024210e-02 0.000000e+00 4.360603e-01 0.000000e+00 0.000000e+00 1.703243e-03 2.029822e-05 0.000000e+00 9.457253e-03 0.000000e+00 0.000000e+00 
2.310000e+01 2.985771e-02 3.024371e-02 0.000000e+00 4.369934e-01 0.000000e+00 0.000000e+00 1.663802e-03 1.187594e-05 0.000000e+00 9.203167e-03 0.000000e+00 0.000000e+00 
2.320000e+01 3.002213e-02 3.024451e-02 0.000000e+00 4.379011e-01 0.000000e+00 0.000000e+00 1.624408e-03 4.011836e-06 0.000000e+00 8.952092e-03 0.000000e+00 0.000000e+00 
2.330000e+01 3.018262e-02 3.024455e-02 0.000000e+00 4.387839e-01 0.000000e+00 0.000000e+00 1.585084e-03 -3.308377e-06 0.000000e+00 8.704057e-03 0.000000e+00 0.000000e+00 
2.340000e+01 3.033917e-02 3.024388e-02 0.000000e+00 4.396421e-01 0.000000e+00 0.000000e+00 1.545854e-03 -1.009931e-05 0.000000e+00 8.459090e-03 0.000000e+00 0.000000e+00 
2.350000e+01 3.049181e-02 3.024255e-02 0.000000e+00 4.404759e-01 0.000000e+00 0.000000e+00 1.506743e-03 -1.637591e-05 0.000000e+00 8.217218e-03 0.000000e+00 0.000000e+00 
2.360000e+01 3.064054e-02 3.024063e-02 0.000000e+00 4.412857e-01 0.000000e+00 0.000000e+00 1.467772e-03 -2.215344e-05 0.000000e+00 7.978466e-03 0.000000e+00 0.000000e+00 
2.370000e+01 3.078538e-02 3.023815e-02 0.000000e+00 4.420717e-01 0.000000e+00 0.000000e+00 1.428965e-03 -2.744749e-05 0.000000e+00 7.742857e-03 0.000000e+00 0.000000e+00 
2.380000e+01 3.092634e-02 3.023516e-02 0.000000e+00 4.428344e-01 0.000000e+00 0.000000e+00 1.390344e-03 -3.227396e-05 0.000000e+00 7.510414e-03 0.000000e+00 0.000000e+00 
2.390000e+01 3.106345e-02 3.023170e-02 0.000000e+00 4.435739e-01 0.000000e+00 0.000000e+00 1.351930e-03 -3.664910e-05 0.000000e+00 7.281157e-03 0.000000e+00 0.000000e+00 
2.400000e+01 3.119673e-02 3.022784e-02 0.000000e+00 4.442907e-01 0.000000e+00 0.000000e+00 1.313745e-03 -4.058948e-05 0.000000e+00 7.055105e-03 0.000000e+00 0.000000e+00 
2.410000e+01 3.132620e-02 3.022359e-02 0.000000e+00 4.449850e-01 0.000000e+00 0.000000e+00 1.275808e-03 -4.411197e-05 0.000000e+00 6.832277e-03 0.000000e+00 0.000000e+00 
2.420000e+01 3.145189e-02 3.021902e-02 0.000000e+00 4.456572e-01 0.000000e+00 0.000000e+00 1.238141e-03 -4.723380e-05 0.000000e+00 6.612688e-03 0.000000e+00 0.000000e+00 
2.430000e+01 3.157382e-02 3.021415e-02 0.000000e+00 4.463076e-01 0.000000e+00 0.000000e+00 1.200763e-03 -4.997251e-05 0.000000e+00 6.396353e-03 0.000000e+00 0.000000e+00 
2.440000e+01 3.169204e-02 3.020903e-02 0.000000e+00 4.469365e-01 0.000000e+00 0.000000e+00 1.163692e-03 -5.234595e-05 0.000000e+00 6.183286e-03 0.000000e+00 0.000000e+00 
2.450000e+01 3.180657e-02 3.020369e-02 0.000000e+00 4.475444e-01 0.000000e+00 0.000000e+00 1.126949e-03 -5.437179e-05 0.000000e+00 5.973499e-03 0.000000e+00 0.000000e+00 
2.460000e+01 3.191744e-02 3.019816e-02 0.000000e+00 4.481313e-01 0.000000e+00 0.000000e+00 1.090550e-03 -5.606395e-05 0.000000e+00 5.767016e-03 0.000000e+00 0.000000e+00 
2.470000e+01 3.202468e-02 3.019249e-02 0.000000e+00 4.486979e-01 0.000000e+00 0.000000e+00 1.054514e-03 -5.743857e-05 0.000000e+00 5.563853e-03 0.000000e+00 0.000000e+00 
2.480000e+01 3.212835e-02 3.018669e-02 0.000000e+00 4.492442e-01 0.000000e+00 0.000000e+00 1.018859e-03 -5.851228e-05 0.000000e+00 5.364026e-03 0.000000e+00 0.000000e+00 
2.490000e+01 3.222847e-02 3.018080e-02 0.000000e+00 4.497708e-01 0.000000e+00 0.000000e+00 9.836008e-04 -5.930143e-05 0.000000e+00 5.167550e-03 0.000000e+00 0.000000e+00 
2.500000e+01 3.232508e-02 3.017484e-02 0.000000e+00 4.502779e-01 0.000000e+00 0.000000e+00 9.487561e-04 -5.982207e-05 0.000000e+00 4.974439e-03 0.000000e+00 0.000000e+00 
2.510000e+01 3.241823e-02 3.016884e-02 0.000000e+00 4.507658e-01 0.000000e+00 0.000000e+00 9.143413e-04 -6.008997e-05 0.000000e+00 4.784710e-03 0.000000e+00 0.000000e+00 
2.520000e+01 3.250797e-02 3.016283e-02 0.000000e+00 4.512349e-01 0.000000e+00 0.000000e+00 8.803719e-04 -6.012060e-05 0.000000e+00 4.598377e-03 0.000000e+00 0.000000e+00 
2.530000e+01 3.259433e-02 3.015682e-02 0.000000e+00 4.516856e-01 0.000000e+00 0.000000e+00 8.468636e-04 -5.992916e-05 0.000000e+00 4.415457e-03 0.000000e+00 0.000000e+00 
2.540000e+01 3.267736e-02 3.015084e-02 0.000000e+00 4.521181e-01 0.000000e+00 0.000000e+00 8.138314e-04 -5.953056e-05 0.000000e+00 4.235964e-03 0.000000e+00 0.000000e+00 
2.550000e+01 3.275711e-02 3.014492e-02 0.000000e+00 4.525329e-01 0.000000e+00 0.000000e+00 7.812899e-04 -5.893942e-05 0.000000e+00 4.059917e-03 0.000000e+00 0.000000e+00 
2.560000e+01 3.283364e-02 3.013906e-02 0.000000e+00 4.529302e-01 0.000000e+00 0.000000e+00 7.492534e-04 -5.817007e-05 0.000000e+00 3.887330e-03 0.000000e+00 0.000000e+00 
2.570000e+01 3.290698e-02 3.013329e-02 0.000000e+00 4.533105e-01 0.000000e+00 0.000000e+00 7.177360e-04 -5.723656e-05 0.000000e+00 3.718219e-03 0.000000e+00 0.000000e+00 
2.580000e+01 3.297720e-02 3.012762e-02 0.000000e+00 4.536740e-01 0.000000e+00 0.000000e+00 6.867512e-04 -5.615264e-05 0.000000e+00 3.552602e-03 0.000000e+00 0.000000e+00 
2.590000e+01 3.304435e-02 3.012206e-02 0.000000e+00 4.540211e-01 0.000000e+00 0.000000e+00 6.563122e-04 -5.493179e-05 0.000000e+00 3.390495e-03 0.000000e+00 0.000000e+00 
2.600000e+01 3.310848e-02 3.011664e-02 0.000000e+00 4.543522e-01 0.000000e+00 0.000000e+00 6.264320e-04 -5.358719e-05 0.000000e+00 3.231915e-03 0.000000e+00 0.000000e+00 
2.610000e+01 3.316965e-02 3.011135e-02 0.000000e+00 4.546676e-01 0.000000e+00 0.000000e+00 5.971229e-04 -5.213174e-05 0.000000e+00 3.076879e-03 0.000000e+00 0.000000e+00 
2.620000e+01 3.322792e-02 3.010622e-02 0.000000e+00 4.549677e-01 0.000000e+00 0.000000e+00 5.683972e-04 -5.057805e-05 0.000000e+00 2.925404e-03 0.000000e+00 0.000000e+00 
2.630000e+01 3.328335e-02 3.010124e-02 0.000000e+00 4.552528e-01 0.000000e+00 0.000000e+00 5.402665e-04 -4.893843e-05 0.000000e+00 2.777508e-03 0.000000e+00 0.000000e+00 
2.640000e+01 3.333600e-02 3.009643e-02 0.000000e+00 4.555233e-01 0.000000e+00 0.000000e+00 5.127427e-04 -4.722432e-05 0.000000e+00 2.633208e-03 0.000000e+00 0.000000e+00 
2.650000e+01 3.338592e-02 3.009180e-02 0.000000e+00 4.557796e-01 0.000000e+00 0.000000e+00 4.858371e-04 -4.544670e-05 0.000000e+00 2.492523e-03 0.000000e+00 0.000000e+00 
2.660000e+01 3.343318e-02 3.008735e-02 0.000000e+00 4.560219e-01 0.000000e+00 0.000000e+00 4.595607e-04 -4.361631e-05 0.000000e+00 2.355473e-03 0.000000e+00 0.000000e+00 
2.670000e+01 3.347785e-02 3.008308e-02 0.000000e+00 4.562508e-01 0.000000e+00 0.000000e+00 4.339242e-04 -4.174350e-05 0.000000e+00 2.222078e-03 0.000000e+00 0.000000e+00 
2.680000e+01 3.351999e-02 3.007900e-02 0.000000e+00 4.564665e-01 0.000000e+00 0.000000e+00 4.089380e-04 -3.983818e-05 0.000000e+00 2.092357e-03 0.000000e+00 0.000000e+00 
2.690000e+01 3.355966e-02 3.007511e-02 0.000000e+00 4.566694e-01 0.000000e+00 0.000000e+00 3.846123e-04 -3.790984e-05 0.000000e+00 1.966330e-03 0.000000e+00 0.000000e+00 
2.700000e+01 3.359693e-02 3.007142e-02 0.000000e+00 4.568599e-01 0.000000e+00 0.000000e+00 3.609569e-04 -3.596756e-05 0.000000e+00 1.844017e-03 0.000000e+00 0.000000e+00 
2.710000e+01 3.363188e-02 3.006792e-02 0.000000e+00 4.570383e-01 0.000000e+00 0.000000e+00 3.379813e-04 -3.402001e-05 0.000000e+00 1.725439e-03 0.000000e+00 0.000000e+00 
2.720000e+01 3.366456e-02 3.006461e-02 0.000000e+00 4.572051e-01 0.000000e+00 0.000000e+00 3.156949e-04 -3.207543e-05 0.000000e+00 1.610615e-03 0.000000e+00 0.000000e+00 
2.730000e+01 3.369504e-02 3.006150e-02 0.000000e+00 4.573605e-01 0.000000e+00 0.000000e+00 2.941066e-04 -3.014165e-05 0.000000e+00 1.499566e-03 0.000000e+00 0.000000e+00 
2.740000e+01 3.372340e-02 3.005858e-02 0.000000e+00 4.575051e-01 0.000000e+00 0.000000e+00 2.732252e-04 -2.822607e-05 0.000000e+00 1.392313e-03 0.000000e+00 0.000000e+00 
2.750000e+01 3.374971e-02 3.005585e-02 0.000000e+00 4.576391e-01 0.000000e+00 0.000000e+00 2.530590e-04 -2.633568e-05 0.000000e+00 1.288876e-03 0.000000e+00 0.000000e+00 
2.760000e+01 3.377404e-02 3.005331e-02 0.000000e+00 4.577630e-01 0.000000e+00 0.000000e+00 2.336162e-04 -2.447707e-05 0.000000e+00 1.189276e-03 0.000000e+00 0.000000e+00 
2.770000e+01 3.379646e-02 3.005095e-02 0.000000e+00 4.578771e-01 0.000000e+00 0.000000e+00 2.149046e-04 -2.265638e-05 0.000000e+00 1.093533e-03 0.000000e+00 0.000000e+00 
2.780000e+01 3.381705e-02 3.004878e-02 0.000000e+00 4.579818e-01 0.000000e+00 0.000000e+00 1.969318e-04 -2.087935e-05 0.000000e+00 1.001669e-03 0.000000e+00 0.000000e+00 
2.790000e+01 3.383587e-02 3.004678e-02 0.000000e+00 4.580776e-01 0.000000e+00 0.000000e+00 1.797052e-04 -1.915131e-05 0.000000e+00 9.137054e-04 0.000000e+00 0.000000e+00 
2.800000e+01 3.385301e-02 3.004495e-02 0.000000e+00 4.581647e-01 0.000000e+00 0.000000e+00 1.632316e-04 -1.747714e-05 0.000000e+00 8.296623e-04 0.000000e+00 0.000000e+00 
2.810000e+01 3.386854e-02 3.004328e-02 0.000000e+00 4.582437e-01 0.000000e+00 0.000000e+00 1.475178e-04 -1.586135e-05 0.000000e+00 7.495616e-04 0.000000e+00 0.000000e+00 
2.820000e+01 3.388254e-02 3.004177e-02 0.000000e+00 4.583148e-01 0.000000e+00 0.000000e+00 1.325701e-04 -1.430849e-05 0.000000e+00 6.734217e-04 0.000000e+00 0.000000e+00 
2.830000e+01 3.389508e-02 3.004042e-02 0.000000e+00 4.583785e-01 0.000000e+00 0.000000e+00 1.183946e-04 -1.282263e-05 0.000000e+00 6.012610e-04 0.000000e+00 0.000000e+00 
2.840000e+01 3.390624e-02 3.003921e-02 0.000000e+00 4.584351e-01 0.000000e+00 0.000000e+00 1.049973e-04 -1.140688e-05 0.000000e+00 5.331011e-04 0.000000e+00 0.000000e+00 
2.850000e+01 3.391610e-02 3.003814e-02 0.000000e+00 4.584852e-01 0.000000e+00 0.000000e+00 9.238361e-05 -1.006414e-05 0.000000e+00 4.689621e-04 0.000000e+00 0.000000e+00 
2.860000e+01 3.392474e-02 3.003720e-02 0.000000e+00 4.585291e-01 0.000000e+00 0.000000e+00 8.055886e-05 -8.797095e-06 0.000000e+00 4.088635e-04 0.000000e+00 0.000000e+00 
2.870000e+01 3.393224e-02 3.003638e-02 0.000000e+00 4.585671e-01 0.000000e+00 0.000000e+00 6.952795e-05 -7.608219e-06 0.000000e+00 3.528234e-04 0.000000e+00 0.000000e+00 
2.880000e+01 3.393867e-02 3.003567e-02 0.000000e+00 4.585998e-01 0.000000e+00 0.000000e+00 5.929546e-05 -6.499767e-06 0.000000e+00 3.008590e-04 0.000000e+00 0.000000e+00 
2.890000e+01 3.394413e-02 3.003507e-02 0.000000e+00 4.586274e-01 0.000000e+00 0.000000e+00 4.986565e-05 -5.473782e-06 0.000000e+00 2.529864e-04 0.000000e+00 0.000000e+00 
2.900000e+01 3.394868e-02 3.003457e-02 0.000000e+00 4.586505e-01 0.000000e+00 0.000000e+00 4.124245e-05 -4.532093e-06 0.000000e+00 2.092207e-04 0.000000e+00 0.000000e+00 
2.910000e+01 3.395241e-02 3.003416e-02 0.000000e+00 4.586694e-01 0.000000e+00 0.000000e+00 3.342944e-05 -3.676315e-06 0.000000e+00 1.695758e-04 0.000000e+00 0.000000e+00 
2.920000e+01 3.395539e-02 3.003383e-02 0.000000e+00 4.586846e-01 0.000000e+00 0.000000e+00 2.642990e-05 -2.907847e-06 0.000000e+00 1.340648e-04 0.000000e+00 0.000000e+00 
2.930000e+01 3.395772e-02 3.003357e-02 0.000000e+00 4.586964e-01 0.000000e+00 0.000000e+00 2.024675e-05 -2.227877e-06 0.000000e+00 1.026996e-04 0.000000e+00 0.000000e+00 
2.940000e+01 3.395947e-02 3.003338e-02 0.000000e+00 4.587053e-01 0.000000e+00 0.000000e+00 1.488260e-05 -1.637377e-06 0.000000e+00 7.549089e-05 0.000000e+00 0.000000e+00 
2.950000e+01 3.396073e-02 3.003324e-02 0.000000e+00 4.587116e-01 0.000000e+00 0.000000e+00 1.033972e-05 -1.137105e-06 0.000000e+00 5.244854e-05 0.000000e+00 0.000000e+00 
2.960000e+01 3.396157e-02 3.003315e-02 0.000000e+00 4.587159e-01 0.000000e+00 0.000000e+00 6.620055e-06 -7.276062e-07 0.000000e+00 3.358125e-05 0.000000e+00 0.000000e+00 
2.970000e+01 3.396208e-02 3.003309e-02 0.000000e+00 4.587185e-01 0.000000e+00 0.000000e+00 3.725222e-06 -4.092101e-07 0.000000e+00 1.889670e-05 0.000000e+00 0.000000e+00 
2.980000e+01 3.396234e-02 3.003307e-02 0.000000e+00 4.587198e-01 0.000000e+00 0.000000e+00 1.656500e-06 -1.820330e-07 0.000000e+00 8.401483e-06 0.000000e+00 0.000000e+00 
2.990000e+01 3.396243e-02 3.003306e-02 0.000000e+00 4.587203e-01 0.000000e+00 0.000000e+00 4.148438e-07 -4.597700e-08 0.000000e+00 2.101162e-06 0.000000e+00 0.000000e+00 
3.000000e+01 3.396245e-02 3.003306e-02 0.000000e+00 4.587204e-01 0.000000e+00 0.000000e+00 8.748796e-10 -7.300124e-10 0.000000e+00 2.321480e-10 0.000000e+00 0.000000e+00 
