0.000000e+00 0.000000e+00 0.000000e+00 0.000000e+00 
0.000000e+00 3.142267e-14 -3.138115e-14 4.151796e-17 
0.000000e+00 2.113350e-12 -2.130021e-12 -1.667141e-14 
0.000000e+00 2.577020e-11 -2.639897e-11 -6.287711e-13 
0.000000e+00 1.540319e-10 -1.549114e-10 -8.795464e-13 
0.000000e+00 6.236744e-10 -6.270513e-10 -3.376895e-12 
0.000000e+00 1.962435e-09 -1.966703e-09 -4.268144e-12 
0.000000e+00 5.180561e-09 -5.188244e-09 -7.682911e-12 
0.000000e+00 1.199709e-08 -1.200686e-08 -9.769134e-12 
0.000000e+00 2.510184e-08 -2.511324e-08 -1.139800e-11 
0.000000e+00 4.842429e-08 -4.843998e-08 -1.568529e-11 
0.000000e+00 8.738467e-08 -8.740090e-08 -1.623172e-11 
0.000000e+00 1.491312e-07 -1.491508e-07 -1.957621e-11 
0.000000e+00 2.426983e-07 -2.427216e-07 -2.329335e-11 
0.000000e+00 3.791179e-07 -3.791420e-07 -2.406967e-11 
0.000000e+00 5.714474e-07 -5.714762e-07 -2.878505e-11 
0.000000e+00 8.346956e-07 -8.347282e-07 -3.260710e-11 
0.000000e+00 1.185693e-06 -1.185727e-06 -3.426704e-11 
0.000000e+00 1.642872e-06 -1.642911e-06 -3.871205e-11 
0.000000e+00 2.225979e-06 -2.226023e-06 -4.373679e-11 
0.000000e+00 2.955762e-06 -2.955807e-06 -4.475491e-11 
0.000000e+00 3.853630e-06 -3.853679e-06 -4.927052e-11 
0.000000e+00 4.941287e-06 -4.941343e-06 -5.646608e-11 
0.000000e+00 6.240421e-06 -6.240479e-06 -5.812238e-11 
0.000000e+00 7.772418e-06 -7.772479e-06 -6.110826e-11 
0.000000e+00 9.558114e-06 -9.558182e-06 -6.756586e-11 
0.000000e+00 1.161762e-05 -1.161770e-05 -8.346697e-11 
0.000000e+00 1.397027e-05 -1.397034e-05 -7.483683e-11 
0.000000e+00 1.663452e-05 -1.663460e-05 -7.536270e-11 
0.000000e+00 1.962809e-05 -1.962817e-05 -8.069868e-11 
0.000000e+00 2.296800e-05 -2.296809e-05 -9.112135e-11 
0.000000e+00 2.667083e-05 -2.667093e-05 -1.014198e-10 
0.000000e+00 3.075290e-05 -3.075301e-05 -1.080224e-10 
0.000000e+00 3.523057e-05 -3.523067e-05 -9.899522e-11 
0.000000e+00 4.012038e-05 -4.012051e-05 -1.321569e-10 
0.000000e+00 4.543963e-05 -4.543974e-05 -1.130609e-10 
0.000000e+00 5.120634e-05 -5.120645e-05 -1.140463e-10 
0.000000e+00 5.743971e-05 -5.743985e-05 -1.351867e-10 
0.000000e+00 6.416037e-05 -6.416051e-05 -1.407538e-10 
0.000000e+00 7.139041e-05 -7.139054e-05 -1.301672e-10 
0.000000e+00 7.915365e-05 -7.915381e-05 -1.568074e-10 
0.000000e+00 8.747586e-05 -8.747601e-05 -1.542871e-10 
0.000000e+00 9.638452e-05 -9.638467e-05 -1.454641e-10 
0.000000e+00 1.059090e-04 -1.059092e-04 -1.511859e-10 
0.000000e+00 1.160808e-04 -1.160810e-04 -2.310027e-10 
0.000000e+00 1.269326e-04 -1.269329e-04 -2.565232e-10 
0.000000e+00 1.384994e-04 -1.384996e-04 -2.423192e-10 
0.000000e+00 1.508169e-04 -1.508171e-04 -1.829185e-10 
0.000000e+00 1.639227e-04 -1.639229e-04 -2.273528e-10 
0.000000e+00 1.778548e-04 -1.778550e-04 -2.358212e-10 
0.000000e+00 1.926524e-04 -1.926526e-04 -2.464356e-10 
0.000000e+00 2.083550e-04 -2.083553e-04 -2.703148e-10 
0.000000e+00 2.250025e-04 -2.250027e-04 -2.188393e-10 
0.000000e+00 2.426346e-04 -2.426348e-04 -2.463631e-10 
0.000000e+00 2.612906e-04 -2.612909e-04 -2.883266e-10 
0.000000e+00 2.810099e-04 -2.810101e-04 -2.320820e-10 
0.000000e+00 3.018306e-04 -3.018309e-04 -3.305063e-10 
0.000000e+00 3.237903e-04 -3.237906e-04 -2.909117e-10 
0.000000e+00 3.469255e-04 -3.469259e-04 -3.552658e-10 
0.000000e+00 3.712719e-04 -3.712721e-04 -2.297766e-10 
0.000000e+00 3.968635e-04 -3.968638e-04 -3.295646e-10 
0.000000e+00 4.237337e-04 -4.237340e-04 -3.126535e-10 
0.000000e+00 4.519145e-04 -4.519148e-04 -2.732545e-10 
0.000000e+00 4.814369e-04 -4.814373e-04 -3.773899e-10 
0.000000e+00 5.123311e-04 -5.123314e-04 -2.998915e-10 
0.000000e+00 5.446261e-04 -5.446264e-04 -2.915195e-10 
0.000000e+00 5.783504e-04 -5.783508e-04 -4.213625e-10 
0.000000e+00 6.135320e-04 -6.135323e-04 -2.948444e-10 
0.000000e+00 6.501983e-04 -6.501987e-04 -4.175970e-10 
0.000000e+00 6.883767e-04 -6.883771e-04 -3.925999e-10 
0.000000e+00 7.280946e-04 -7.280951e-04 -5.242867e-10 
0.000000e+00 7.693794e-04 -7.693799e-04 -4.956161e-10 
0.000000e+00 8.122591e-04 -8.122594e-04 -3.451812e-10 
0.000000e+00 8.567614e-04 -8.567618e-04 -4.000352e-10 
0.000000e+00 9.029154e-04 -9.029159e-04 -5.397321e-10 
0.000000e+00 9.507506e-04 -9.507510e-04 -3.995248e-10 
0.000000e+00 1.000297e-03 -1.000297e-03 -6.164916e-11 
0.000000e+00 1.051586e-03 -1.051586e-03 -4.451563e-10 
0.000000e+00 1.104648e-03 -1.104648e-03 -7.437234e-11 
0.000000e+00 1.159516e-03 -1.159516e-03 -3.352277e-10 
0.000000e+00 1.216223e-03 -1.216224e-03 -1.108901e-09 
0.000000e+00 1.274802e-03 -1.274804e-03 -1.681444e-09 
0.000000e+00 1.335291e-03 -1.335290e-03 6.546639e-10 
0.000000e+00 1.397718e-03 -1.397718e-03 -4.004617e-10 
0.000000e+00 1.462119e-03 -1.462121e-03 -1.846394e-09 
0.000000e+00 1.528534e-03 -1.528533e-03 7.644273e-10 
0.000000e+00 1.596991e-03 -1.596991e-03 -3.458589e-11 
0.000000e+00 1.667527e-03 -1.667526e-03 5.516684e-10 
0.000000e+00 1.740174e-03 -1.740174e-03 8.106687e-11 
0.000000e+00 1.814964e-03 -1.814966e-03 -1.666576e-09 
0.000000e+00 1.891935e-03 -1.891936e-03 -1.131218e-09 
0.000000e+00 1.971114e-03 -1.971113e-03 8.818639e-10 
0.000000e+00 2.052530e-03 -2.052530e-03 -5.809658e-11 
0.000000e+00 2.136214e-03 -2.136213e-03 6.145868e-10 
0.000000e+00 2.222192e-03 -2.222192e-03 2.783867e-10 
0.000000e+00 2.310493e-03 -2.310493e-03 -2.152146e-10 
0.000000e+00 2.401141e-03 -2.401140e-03 8.063094e-10 
0.000000e+00 2.494159e-03 -2.494158e-03 6.641215e-10 
0.000000e+00 2.589568e-03 -2.589569e-03 -1.312179e-09 
0.000000e+00 2.687394e-03 -2.687394e-03 -1.838528e-10 
0.000000e+00 2.787651e-03 -2.787652e-03 -1.202269e-09 
0.000000e+00 2.890361e-03 -2.890363e-03 -1.612338e-09 
0.000000e+00 2.995541e-03 -2.995543e-03 -1.799521e-09 
0.000000e+00 3.103208e-03 -3.103209e-03 -9.609516e-10 
0.000000e+00 3.213375e-03 -3.213375e-03 4.539225e-10 
0.000000e+00 3.326055e-03 -3.326057e-03 -1.556426e-09 
0.000000e+00 3.441265e-03 -3.441266e-03 -5.011307e-10 
0.000000e+00 3.559016e-03 -3.559017e-03 -1.328168e-09 
0.000000e+00 3.679318e-03 -3.679320e-03 -2.110331e-09 
0.000000e+00 3.802186e-03 -3.802188e-03 -1.505836e-09 
0.000000e+00 3.927629e-03 -3.927630e-03 -1.364275e-09 
0.000000e+00 4.055655e-03 -4.055656e-03 -1.038423e-09 
0.000000e+00 4.186275e-03 -4.186277e-03 -2.361436e-09 
0.000000e+00 4.319500e-03 -4.319502e-03 -2.364664e-09 
0.000000e+00 4.455338e-03 -4.455339e-03 -1.495384e-09 
0.000000e+00 4.593794e-03 -4.593797e-03 -2.977791e-09 
0.000000e+00 4.734883e-03 -4.734883e-03 -4.778824e-10 
0.000000e+00 4.878604e-03 -4.878605e-03 -9.265904e-10 
0.000000e+00 5.024968e-03 -5.024970e-03 -2.120347e-09 
0.000000e+00 5.173983e-03 -5.173984e-03 -8.751097e-10 
0.000000e+00 5.325651e-03 -5.325652e-03 -7.969295e-10 
0.000000e+00 5.479980e-03 -5.479980e-03 -3.039291e-10 
0.000000e+00 5.636972e-03 -5.636971e-03 1.495188e-09 
0.000000e+00 5.796627e-03 -5.796630e-03 -2.954393e-09 
0.000000e+00 5.958955e-03 -5.958957e-03 -1.613207e-09 
0.000000e+00 6.123956e-03 -6.123955e-03 1.326215e-09 
0.000000e+00 6.291623e-03 -6.291624e-03 -8.719476e-10 
0.000000e+00 6.461960e-03 -6.461963e-03 -3.420499e-09 
0.000000e+00 6.634971e-03 -6.634971e-03 -1.755393e-10 
0.000000e+00 6.810643e-03 -6.810643e-03 -1.492056e-10 
0.000000e+00 6.988974e-03 -6.988976e-03 -1.888589e-09 
0.000000e+00 7.169963e-03 -7.169965e-03 -2.256855e-09 
0.000000e+00 7.353599e-03 -7.353601e-03 -2.055112e-09 
0.000000e+00 7.539875e-03 -7.539877e-03 -1.568398e-09 
0.000000e+00 7.728779e-03 -7.728782e-03 -2.743188e-09 
0.000000e+00 7.920306e-03 -7.920307e-03 -1.126258e-09 
0.000000e+00 8.114437e-03 -8.114438e-03 -9.037812e-10 
0.000000e+00 8.311162e-03 -8.311162e-03 -2.020414e-10 
0.000000e+00 8.510464e-03 -8.510465e-03 -9.837461e-10 
0.000000e+00 8.712329e-03 -8.712329e-03 7.818673e-12 
0.000000e+00 8.916737e-03 -8.916738e-03 -1.155184e-09 
0.000000e+00 9.123670e-03 -9.123673e-03 -2.552513e-09 
0.000000e+00 9.333112e-03 -9.333115e-03 -3.264276e-09 
0.000000e+00 9.545043e-03 -9.545043e-03 4.938039e-10 
0.000000e+00 9.759431e-03 -9.759434e-03 -2.861540e-09 
0.000000e+00 9.976268e-03 -9.976267e-03 6.437192e-10 
0.000000e+00 1.019552e-02 -1.019552e-02 -4.558105e-09 
0.000000e+00 1.041716e-02 -1.041716e-02 5.543337e-10 
0.000000e+00 1.064117e-02 -1.064117e-02 -5.031898e-10 
0.000000e+00 1.086752e-02 -1.086753e-02 -7.484439e-09 
0.000000e+00 1.109619e-02 -1.109619e-02 -7.914866e-10 
0.000000e+00 1.132715e-02 -1.132714e-02 5.507000e-09 
0.000000e+00 1.156035e-02 -1.156035e-02 -9.170130e-10 
0.000000e+00 1.179579e-02 -1.179579e-02 -3.382342e-09 
0.000000e+00 1.203342e-02 -1.203342e-02 -2.964972e-10 
0.000000e+00 1.227322e-02 -1.227322e-02 -3.120694e-09 
0.000000e+00 1.251515e-02 -1.251515e-02 -1.870097e-10 
0.000000e+00 1.275918e-02 -1.275919e-02 -9.924682e-09 
0.000000e+00 1.300528e-02 -1.300528e-02 4.755694e-09 
0.000000e+00 1.325341e-02 -1.325341e-02 4.239801e-09 
0.000000e+00 1.350354e-02 -1.350354e-02 2.388913e-10 
0.000000e+00 1.375563e-02 -1.375563e-02 -4.558228e-09 
0.000000e+00 1.400964e-02 -1.400964e-02 -4.203186e-09 
0.000000e+00 1.426553e-02 -1.426553e-02 -6.917866e-10 
0.000000e+00 1.452327e-02 -1.452327e-02 2.457259e-09 
0.000000e+00 1.478281e-02 -1.478282e-02 -6.944774e-09 
0.000000e+00 1.504413e-02 -1.504413e-02 -3.375787e-09 
0.000000e+00 1.530716e-02 -1.530716e-02 4.528194e-10 
0.000000e+00 1.557188e-02 -1.557188e-02 -3.701342e-09 
0.000000e+00 1.583823e-02 -1.583823e-02 -3.111505e-09 
0.000000e+00 1.610618e-02 -1.610618e-02 -4.372761e-09 
0.000000e+00 1.637567e-02 -1.637567e-02 -3.672692e-09 
0.000000e+00 1.664666e-02 -1.664666e-02 3.693777e-09 
0.000000e+00 1.691911e-02 -1.691911e-02 9.975780e-10 
0.000000e+00 1.719296e-02 -1.719296e-02 3.001228e-09 
0.000000e+00 1.746817e-02 -1.746818e-02 -6.507205e-09 
0.000000e+00 1.774469e-02 -1.774470e-02 -8.380393e-09 
0.000000e+00 1.802247e-02 -1.802248e-02 -5.027312e-09 
0.000000e+00 1.830146e-02 -1.830146e-02 -4.012374e-09 
0.000000e+00 1.858160e-02 -1.858160e-02 -8.342827e-10 
0.000000e+00 1.886284e-02 -1.886285e-02 -9.437372e-09 
0.000000e+00 1.914514e-02 -1.914514e-02 1.438506e-09 
0.000000e+00 1.942843e-02 -1.942843e-02 2.810104e-09 
0.000000e+00 1.971266e-02 -1.971267e-02 -6.005781e-09 
0.000000e+00 1.999778e-02 -1.999779e-02 -6.014861e-09 
0.000000e+00 2.028374e-02 -2.028374e-02 -4.254387e-09 
0.000000e+00 2.057047e-02 -2.057047e-02 -4.162820e-09 
0.000000e+00 2.085792e-02 -2.085792e-02 1.174063e-10 
0.000000e+00 2.114603e-02 -2.114604e-02 -7.307680e-09 
0.000000e+00 2.143475e-02 -2.143475e-02 4.241336e-10 
0.000000e+00 2.172402e-02 -2.172402e-02 -2.056387e-09 
0.000000e+00 2.201377e-02 -2.201378e-02 -5.357003e-09 
0.000000e+00 2.230396e-02 -2.230397e-02 -5.190936e-09 
0.000000e+00 2.259453e-02 -2.259453e-02 3.486853e-11 
0.000000e+00 2.288540e-02 -2.288541e-02 -6.879809e-09 
0.000000e+00 2.317653e-02 -2.317654e-02 -6.989867e-09 
0.000000e+00 2.346786e-02 -2.346786e-02 7.435061e-10 
0.000000e+00 2.375932e-02 -2.375932e-02 1.657738e-09 
0.000000e+00 2.405085e-02 -2.405085e-02 -4.863507e-09 
0.000000e+00 2.434239e-02 -2.434239e-02 4.311688e-09 
0.000000e+00 2.463388e-02 -2.463389e-02 -1.148334e-08 
0.000000e+00 2.492526e-02 -2.492527e-02 -7.604528e-09 
0.000000e+00 2.521647e-02 -2.521647e-02 4.058155e-10 
0.000000e+00 2.550744e-02 -2.550744e-02 -8.048041e-10 
0.000000e+00 2.579812e-02 -2.579812e-02 -4.773369e-09 
0.000000e+00 2.608842e-02 -2.608843e-02 -7.612595e-09 
0.000000e+00 2.637832e-02 -2.637832e-02 -6.286799e-10 
0.000000e+00 2.666771e-02 -2.666772e-02 -7.137051e-09 
0.000000e+00 2.695657e-02 -2.695657e-02 -4.832479e-09 
0.000000e+00 2.724480e-02 -2.724481e-02 -7.213557e-09 
0.000000e+00 2.753237e-02 -2.753237e-02 -2.343493e-09 
0.000000e+00 2.781918e-02 -2.781919e-02 -5.288363e-09 
0.000000e+00 2.810519e-02 -2.810520e-02 -5.050643e-09 
0.000000e+00 2.839033e-02 -2.839034e-02 -5.835340e-09 
0.000000e+00 2.867453e-02 -2.867454e-02 -5.428732e-09 
0.000000e+00 2.895775e-02 -2.895775e-02 -1.837990e-09 
0.000000e+00 2.923989e-02 -2.923990e-02 -1.087693e-08 
0.000000e+00 2.952090e-02 -2.952091e-02 -7.748267e-09 
0.000000e+00 2.980073e-02 -2.980074e-02 -1.203234e-08 
0.000000e+00 3.007930e-02 -3.007930e-02 1.134747e-09 
0.000000e+00 3.035654e-02 -3.035655e-02 -9.437166e-09 
0.000000e+00 3.063240e-02 -3.063241e-02 -8.191542e-09 
0.000000e+00 3.090682e-02 -3.090682e-02 1.413316e-09 
0.000000e+00 3.117972e-02 -3.117972e-02 -4.347893e-09 
0.000000e+00 3.145103e-02 -3.145104e-02 -6.341809e-09 
0.000000e+00 3.172071e-02 -3.172071e-02 -9.940640e-10 
0.000000e+00 3.198868e-02 -3.198869e-02 -1.222291e-08 
0.000000e+00 3.225488e-02 -3.225489e-02 -6.910381e-09 
0.000000e+00 3.251925e-02 -3.251925e-02 -4.227525e-09 
0.000000e+00 3.278172e-02 -3.278173e-02 -7.157426e-09 
0.000000e+00 3.304223e-02 -3.304224e-02 -9.947910e-09 
0.000000e+00 3.330072e-02 -3.330073e-02 -6.116257e-09 
0.000000e+00 3.355713e-02 -3.355713e-02 1.106230e-09 
0.000000e+00 3.381139e-02 -3.381139e-02 -3.540730e-09 
0.000000e+00 3.406343e-02 -3.406344e-02 -8.076164e-09 
0.000000e+00 3.431321e-02 -3.431321e-02 -1.190068e-09 
0.000000e+00 3.456065e-02 -3.456066e-02 -6.878013e-09 
0.000000e+00 3.480570e-02 -3.480571e-02 -8.864993e-09 
0.000000e+00 3.504830e-02 -3.504831e-02 -1.213217e-08 
0.000000e+00 3.528838e-02 -3.528839e-02 -1.451652e-08 
0.000000e+00 3.552589e-02 -3.552589e-02 -4.645811e-09 
0.000000e+00 3.576076e-02 -3.576077e-02 -1.134632e-08 
0.000000e+00 3.599293e-02 -3.599294e-02 -7.381704e-09 
0.000000e+00 3.622236e-02 -3.622237e-02 -7.200522e-09 
0.000000e+00 3.644897e-02 -3.644898e-02 -6.429397e-09 
0.000000e+00 3.667272e-02 -3.667273e-02 -7.154038e-09 
0.000000e+00 3.689354e-02 -3.689355e-02 -5.520757e-09 
0.000000e+00 3.711138e-02 -3.711138e-02 1.150996e-10 
0.000000e+00 3.732617e-02 -3.732618e-02 -5.775857e-09 
0.000000e+00 3.753788e-02 -3.753788e-02 -2.525067e-09 
0.000000e+00 3.774642e-02 -3.774643e-02 -7.198071e-09 
0.000000e+00 3.795177e-02 -3.795178e-02 -1.253329e-08 
0.000000e+00 3.815385e-02 -3.815386e-02 -1.154451e-08 
0.000000e+00 3.835263e-02 -3.835263e-02 -3.791991e-09 
0.000000e+00 3.854804e-02 -3.854804e-02 -3.825859e-09 
0.000000e+00 3.874001e-02 -3.874002e-02 -6.115049e-09 
0.000000e+00 3.892854e-02 -3.892854e-02 -2.665389e-09 
0.000000e+00 3.911352e-02 -3.911353e-02 -7.829341e-09 
0.000000e+00 3.929495e-02 -3.929496e-02 -1.302964e-08 
0.000000e+00 3.947275e-02 -3.947276e-02 -7.187655e-09 
0.000000e+00 3.964688e-02 -3.964689e-02 -6.404339e-09 
0.000000e+00 3.981730e-02 -3.981731e-02 -8.286471e-09 
0.000000e+00 3.998396e-02 -3.998396e-02 -4.011733e-09 
0.000000e+00 4.014679e-02 -4.014680e-02 -7.482279e-09 
0.000000e+00 4.030577e-02 -4.030578e-02 -8.609555e-09 
0.000000e+00 4.046086e-02 -4.046086e-02 -2.227434e-09 
0.000000e+00 4.061199e-02 -4.061200e-02 -1.129452e-08 
0.000000e+00 4.075914e-02 -4.075915e-02 -1.242505e-08 
0.000000e+00 4.090226e-02 -4.090226e-02 -2.126237e-09 
0.000000e+00 4.104130e-02 -4.104131e-02 -1.399756e-08 
0.000000e+00 4.117622e-02 -4.117624e-02 -1.617110e-08 
0.000000e+00 4.130701e-02 -4.130702e-02 -1.376903e-08 
0.000000e+00 4.143361e-02 -4.143361e-02 -3.056034e-10 
0.000000e+00 4.155597e-02 -4.155598e-02 -1.496395e-08 
0.000000e+00 4.167408e-02 -4.167407e-02 5.014289e-09 
0.000000e+00 4.178787e-02 -4.178788e-02 -1.423520e-08 
0.000000e+00 4.189734e-02 -4.189734e-02 2.107552e-09 
0.000000e+00 4.200243e-02 -4.200244e-02 -1.285942e-08 
0.000000e+00 4.210313e-02 -4.210314e-02 -1.139933e-08 
0.000000e+00 4.219940e-02 -4.219941e-02 -1.012254e-08 
0.000000e+00 4.229121e-02 -4.229122e-02 -1.357638e-08 
0.000000e+00 4.237853e-02 -4.237854e-02 -5.808631e-09 
0.000000e+00 4.246133e-02 -4.246135e-02 -1.824689e-08 
0.000000e+00 4.253960e-02 -4.253960e-02 2.010530e-09 
0.000000e+00 4.261328e-02 -4.261329e-02 -5.856454e-09 
0.000000e+00 4.268239e-02 -4.268239e-02 1.399715e-09 
0.000000e+00 4.274685e-02 -4.274687e-02 -2.192835e-08 
0.000000e+00 4.280670e-02 -4.280671e-02 -1.121983e-08 
0.000000e+00 4.286188e-02 -4.286188e-02 2.995403e-10 
0.000000e+00 4.291238e-02 -4.291238e-02 -1.808173e-10 
0.000000e+00 4.295818e-02 -4.295818e-02 -4.737318e-09 
0.000000e+00 4.299926e-02 -4.299927e-02 -1.403883e-08 
0.000000e+00 4.303561e-02 -4.303563e-02 -1.507682e-08 
0.000000e+00 4.306722e-02 -4.306724e-02 -1.992618e-08 
0.000000e+00 4.309407e-02 -4.309409e-02 -1.802847e-08 
0.000000e+00 4.311615e-02 -4.311617e-02 -1.756802e-08 
0.000000e+00 4.313346e-02 -4.313347e-02 -1.270674e-08 
0.000000e+00 4.314597e-02 -4.314598e-02 -9.549493e-09 
0.000000e+00 4.315368e-02 -4.315369e-02 -1.128418e-08 
0.000000e+00 4.315660e-02 -4.315660e-02 -4.177389e-09 
0.000000e+00 4.315469e-02 -4.315470e-02 -1.199235e-08 
0.000000e+00 4.314798e-02 -4.314798e-02 -3.967168e-09 
0.000000e+00 4.313643e-02 -4.313645e-02 -1.999366e-08 
0.000000e+00 4.312009e-02 -4.312010e-02 -1.163297e-08 
0.000000e+00 4.309893e-02 -4.309894e-02 -5.245183e-09 
0.000000e+00 4.307290e-02 -4.307291e-02 -7.143117e-09 
0.000000e+00 4.304201e-02 -4.304201e-02 -4.248888e-09 
0.000000e+00 4.300635e-02 -4.300636e-02 -8.522745e-09 
0.000000e+00 4.296600e-02 -4.296601e-02 -1.136173e-08 
0.000000e+00 4.292091e-02 -4.292093e-02 -1.702624e-08 
0.000000e+00 4.287103e-02 -4.287106e-02 -2.657510e-08 
0.000000e+00 4.281626e-02 -4.281628e-02 -2.347279e-08 
0.000000e+00 4.275674e-02 -4.275675e-02 -1.498791e-08 
0.000000e+00 4.269248e-02 -4.269249e-02 -1.354725e-08 
0.000000e+00 4.262349e-02 -4.262350e-02 -1.114585e-08 
0.000000e+00 4.254979e-02 -4.254980e-02 -1.467283e-08 
0.000000e+00 4.247139e-02 -4.247140e-02 -1.164298e-08 
0.000000e+00 4.238828e-02 -4.238830e-02 -2.461907e-08 
0.000000e+00 4.230053e-02 -4.230055e-02 -2.318632e-08 
0.000000e+00 4.220813e-02 -4.220814e-02 -5.365583e-09 
0.000000e+00 4.211109e-02 -4.211111e-02 -2.411371e-08 
0.000000e+00 4.200947e-02 -4.200949e-02 -2.070796e-08 
0.000000e+00 4.190328e-02 -4.190330e-02 -1.645732e-08 
0.000000e+00 4.179252e-02 -4.179255e-02 -2.670750e-08 
0.000000e+00 4.167727e-02 -4.167730e-02 -2.644618e-08 
0.000000e+00 4.155754e-02 -4.155756e-02 -2.123218e-08 
0.000000e+00 4.143333e-02 -4.143336e-02 -2.535090e-08 
0.000000e+00 4.130472e-02 -4.130476e-02 -3.531988e-08 
0.000000e+00 4.117173e-02 -4.117175e-02 -2.262553e-08 
0.000000e+00 4.103439e-02 -4.103440e-02 -7.167811e-09 
0.000000e+00 4.089273e-02 -4.089275e-02 -2.485116e-08 
0.000000e+00 4.074678e-02 -4.074680e-02 -1.782754e-08 
0.000000e+00 4.059663e-02 -4.059664e-02 -1.010716e-08 
0.000000e+00 4.044225e-02 -4.044227e-02 -1.512141e-08 
0.000000e+00 4.028373e-02 -4.028375e-02 -1.612236e-08 
0.000000e+00 4.012112e-02 -4.012113e-02 -9.063912e-09 
0.000000e+00 3.995440e-02 -3.995443e-02 -2.715470e-08 
0.000000e+00 3.978369e-02 -3.978371e-02 -2.400002e-08 
0.000000e+00 3.960901e-02 -3.960903e-02 -1.722185e-08 
0.000000e+00 3.943038e-02 -3.943041e-02 -2.577281e-08 
0.000000e+00 3.924790e-02 -3.924793e-02 -2.712683e-08 
0.000000e+00 3.906159e-02 -3.906161e-02 -2.280634e-08 
0.000000e+00 3.887149e-02 -3.887151e-02 -1.711931e-08 
0.000000e+00 3.867768e-02 -3.867771e-02 -2.755349e-08 
0.000000e+00 3.848018e-02 -3.848021e-02 -2.580354e-08 
0.000000e+00 3.827909e-02 -3.827911e-02 -1.777993e-08 
0.000000e+00 3.807444e-02 -3.807445e-02 -1.234993e-08 
0.000000e+00 3.786626e-02 -3.786628e-02 -2.137304e-08 
0.000000e+00 3.765465e-02 -3.765468e-02 -3.238445e-08 
0.000000e+00 3.743964e-02 -3.743967e-02 -2.932850e-08 
0.000000e+00 3.722131e-02 -3.722134e-02 -3.447430e-08 
0.000000e+00 3.699972e-02 -3.699974e-02 -1.931989e-08 
0.000000e+00 3.677490e-02 -3.677493e-02 -3.269446e-08 
0.000000e+00 3.654696e-02 -3.654698e-02 -2.391698e-08 
0.000000e+00 3.631591e-02 -3.631594e-02 -2.752453e-08 
0.000000e+00 3.608185e-02 -3.608188e-02 -2.860624e-08 
0.000000e+00 3.584485e-02 -3.584487e-02 -2.270843e-08 
0.000000e+00 3.560494e-02 -3.560496e-02 -2.304985e-08 
0.000000e+00 3.536222e-02 -3.536224e-02 -1.894609e-08 
0.000000e+00 3.511671e-02 -3.511674e-02 -3.288559e-08 
0.000000e+00 3.486855e-02 -3.486857e-02 -2.018954e-08 
0.000000e+00 3.461776e-02 -3.461777e-02 -1.213698e-08 
0.000000e+00 3.436437e-02 -3.436441e-02 -3.646245e-08 
0.000000e+00 3.410855e-02 -3.410858e-02 -2.779295e-08 
0.000000e+00 3.385028e-02 -3.385031e-02 -3.016759e-08 
0.000000e+00 3.358969e-02 -3.358971e-02 -2.132012e-08 
0.000000e+00 3.332682e-02 -3.332684e-02 -2.341865e-08 
0.000000e+00 3.306171e-02 -3.306174e-02 -2.698810e-08 
0.000000e+00 3.279450e-02 -3.279454e-02 -4.423584e-08 
0.000000e+00 3.252523e-02 -3.252525e-02 -2.188000e-08 
0.000000e+00 3.225396e-02 -3.225398e-02 -1.862784e-08 
0.000000e+00 3.198076e-02 -3.198079e-02 -2.939044e-08 
0.000000e+00 3.170571e-02 -3.170575e-02 -3.502172e-08 
0.000000e+00 3.142892e-02 -3.142896e-02 -3.551978e-08 
0.000000e+00 3.115039e-02 -3.115044e-02 -4.633435e-08 
0.000000e+00 3.087028e-02 -3.087031e-02 -3.477471e-08 
0.000000e+00 3.058859e-02 -3.058862e-02 -3.316863e-08 
0.000000e+00 3.030541e-02 -3.030545e-02 -3.837287e-08 
0.000000e+00 3.002085e-02 -3.002089e-02 -3.871859e-08 
0.000000e+00 2.973493e-02 -2.973496e-02 -3.060104e-08 
0.000000e+00 2.944777e-02 -2.944780e-02 -2.930790e-08 
0.000000e+00 2.915941e-02 -2.915945e-02 -4.196935e-08 
0.000000e+00 2.886994e-02 -2.886998e-02 -3.697437e-08 
0.000000e+00 2.857944e-02 -2.857948e-02 -4.165025e-08 
0.000000e+00 2.828795e-02 -2.828800e-02 -4.754841e-08 
0.000000e+00 2.799560e-02 -2.799564e-02 -4.272375e-08 
0.000000e+00 2.770241e-02 -2.770245e-02 -3.691079e-08 
0.000000e+00 2.740848e-02 -2.740852e-02 -3.913459e-08 
0.000000e+00 2.711388e-02 -2.711392e-02 -3.593346e-08 
0.000000e+00 2.681866e-02 -2.681870e-02 -4.391965e-08 
0.000000e+00 2.652292e-02 -2.652297e-02 -4.604966e-08 
0.000000e+00 2.622672e-02 -2.622676e-02 -3.839699e-08 
0.000000e+00 2.593014e-02 -2.593017e-02 -3.144612e-08 
0.000000e+00 2.563324e-02 -2.563328e-02 -4.343040e-08 
0.000000e+00 2.533607e-02 -2.533611e-02 -3.518969e-08 
0.000000e+00 2.503876e-02 -2.503880e-02 -4.447578e-08 
0.000000e+00 2.474132e-02 -2.474136e-02 -4.079427e-08 
0.000000e+00 2.444386e-02 -2.444390e-02 -4.086264e-08 
0.000000e+00 2.414643e-02 -2.414647e-02 -4.281301e-08 
0.000000e+00 2.384907e-02 -2.384912e-02 -4.971941e-08 
0.000000e+00 2.355193e-02 -2.355197e-02 -4.471992e-08 
0.000000e+00 2.325498e-02 -2.325502e-02 -3.500384e-08 
0.000000e+00 2.295835e-02 -2.295840e-02 -5.216520e-08 
0.000000e+00 2.266209e-02 -2.266214e-02 -5.093378e-08 
0.000000e+00 2.236625e-02 -2.236630e-02 -4.975070e-08 
0.000000e+00 2.207094e-02 -2.207098e-02 -4.299880e-08 
0.000000e+00 2.177615e-02 -2.177620e-02 -5.054386e-08 
0.000000e+00 2.148200e-02 -2.148206e-02 -5.588870e-08 
0.000000e+00 2.118855e-02 -2.118860e-02 -5.180850e-08 
0.000000e+00 2.089584e-02 -2.089589e-02 -5.486491e-08 
0.000000e+00 2.060395e-02 -2.060400e-02 -5.316375e-08 
0.000000e+00 2.031290e-02 -2.031296e-02 -5.821070e-08 
0.000000e+00 2.002281e-02 -2.002287e-02 -6.228985e-08 
0.000000e+00 1.973370e-02 -1.973375e-02 -5.263640e-08 
0.000000e+00 1.944562e-02 -1.944568e-02 -5.767484e-08 
0.000000e+00 1.915867e-02 -1.915873e-02 -5.830056e-08 
0.000000e+00 1.887285e-02 -1.887291e-02 -5.940535e-08 
0.000000e+00 1.858827e-02 -1.858832e-02 -4.988638e-08 
0.000000e+00 1.830494e-02 -1.830499e-02 -5.076862e-08 
0.000000e+00 1.802292e-02 -1.802299e-02 -7.229398e-08 
0.000000e+00 1.774230e-02 -1.774237e-02 -6.596498e-08 
0.000000e+00 1.746308e-02 -1.746314e-02 -6.018240e-08 
0.000000e+00 1.718536e-02 -1.718542e-02 -6.245022e-08 
0.000000e+00 1.690914e-02 -1.690921e-02 -6.919677e-08 
0.000000e+00 1.663451e-02 -1.663457e-02 -6.164358e-08 
0.000000e+00 1.636150e-02 -1.636157e-02 -6.509679e-08 
0.000000e+00 1.609014e-02 -1.609021e-02 -6.937472e-08 
0.000000e+00 1.582051e-02 -1.582058e-02 -7.065729e-08 
0.000000e+00 1.555263e-02 -1.555270e-02 -6.754595e-08 
0.000000e+00 1.528654e-02 -1.528661e-02 -7.000090e-08 
0.000000e+00 1.502232e-02 -1.502239e-02 -7.268970e-08 
0.000000e+00 1.475995e-02 -1.476002e-02 -7.087997e-08 
0.000000e+00 1.449953e-02 -1.449960e-02 -6.829030e-08 
0.000000e+00 1.424105e-02 -1.424113e-02 -7.816719e-08 
0.000000e+00 1.398459e-02 -1.398466e-02 -7.153196e-08 
0.000000e+00 1.373017e-02 -1.373024e-02 -7.226044e-08 
0.000000e+00 1.347780e-02 -1.347788e-02 -8.220639e-08 
0.000000e+00 1.322757e-02 -1.322765e-02 -7.591083e-08 
0.000000e+00 1.297946e-02 -1.297954e-02 -7.937684e-08 
0.000000e+00 1.273354e-02 -1.273362e-02 -8.339904e-08 
0.000000e+00 1.248983e-02 -1.248991e-02 -8.424695e-08 
0.000000e+00 1.224834e-02 -1.224842e-02 -8.204818e-08 
0.000000e+00 1.200914e-02 -1.200922e-02 -8.209206e-08 
0.000000e+00 1.177221e-02 -1.177229e-02 -8.022833e-08 
0.000000e+00 1.153762e-02 -1.153770e-02 -7.910038e-08 
0.000000e+00 1.130538e-02 -1.130547e-02 -8.786880e-08 
0.000000e+00 1.107550e-02 -1.107559e-02 -8.508391e-08 
0.000000e+00 1.084805e-02 -1.084814e-02 -9.230884e-08 
0.000000e+00 1.062300e-02 -1.062308e-02 -8.217664e-08 
0.000000e+00 1.040040e-02 -1.040048e-02 -8.443799e-08 
0.000000e+00 1.018027e-02 -1.018035e-02 -8.477502e-08 
0.000000e+00 9.962602e-03 -9.962691e-03 -8.864963e-08 
0.000000e+00 9.747461e-03 -9.747555e-03 -9.357653e-08 
0.000000e+00 9.534820e-03 -9.534917e-03 -9.652681e-08 
0.000000e+00 9.324732e-03 -9.324828e-03 -9.562296e-08 
0.000000e+00 9.117203e-03 -9.117296e-03 -9.289431e-08 
0.000000e+00 8.912216e-03 -8.912314e-03 -9.832907e-08 
0.000000e+00 8.709836e-03 -8.709935e-03 -9.912818e-08 
0.000000e+00 8.510028e-03 -8.510129e-03 -1.010212e-07 
0.000000e+00 8.312836e-03 -8.312936e-03 -9.999971e-08 
0.000000e+00 8.118260e-03 -8.118363e-03 -1.027181e-07 
0.000000e+00 7.926296e-03 -7.926396e-03 -1.003116e-07 
0.000000e+00 7.736979e-03 -7.737082e-03 -1.031739e-07 
0.000000e+00 7.550286e-03 -7.550389e-03 -1.025772e-07 
0.000000e+00 7.366246e-03 -7.366348e-03 -1.019725e-07 
0.000000e+00 7.184859e-03 -7.184965e-03 -1.055141e-07 
0.000000e+00 7.006115e-03 -7.006217e-03 -1.017177e-07 
0.000000e+00 6.830042e-03 -6.830149e-03 -1.066678e-07 
0.000000e+00 6.656616e-03 -6.656723e-03 -1.069372e-07 
0.000000e+00 6.485855e-03 -6.485964e-03 -1.088811e-07 
0.000000e+00 6.317763e-03 -6.317875e-03 -1.116778e-07 
0.000000e+00 6.152314e-03 -6.152427e-03 -1.134063e-07 
0.000000e+00 5.989545e-03 -5.989659e-03 -1.137494e-07 
0.000000e+00 5.829420e-03 -5.829534e-03 -1.140404e-07 
0.000000e+00 5.671951e-03 -5.672064e-03 -1.126038e-07 
0.000000e+00 5.517137e-03 -5.517253e-03 -1.162291e-07 
0.000000e+00 5.364952e-03 -5.365068e-03 -1.155368e-07 
0.000000e+00 5.215418e-03 -5.215539e-03 -1.210822e-07 
0.000000e+00 5.068512e-03 -5.068629e-03 -1.171903e-07 
0.000000e+00 4.924222e-03 -4.924343e-03 -1.206634e-07 
0.000000e+00 4.782560e-03 -4.782682e-03 -1.224392e-07 
0.000000e+00 4.643489e-03 -4.643609e-03 -1.198843e-07 
0.000000e+00 4.507026e-03 -4.507147e-03 -1.213072e-07 
0.000000e+00 4.373134e-03 -4.373258e-03 -1.243806e-07 
0.000000e+00 4.241819e-03 -4.241942e-03 -1.231306e-07 
0.000000e+00 4.113070e-03 -4.113195e-03 -1.252517e-07 
0.000000e+00 3.986850e-03 -3.986978e-03 -1.277163e-07 
0.000000e+00 3.863180e-03 -3.863308e-03 -1.278450e-07 
0.000000e+00 3.742019e-03 -3.742146e-03 -1.272439e-07 
0.000000e+00 3.623358e-03 -3.623485e-03 -1.265890e-07 
0.000000e+00 3.507191e-03 -3.507319e-03 -1.280972e-07 
0.000000e+00 3.393476e-03 -3.393607e-03 -1.306188e-07 
0.000000e+00 3.282226e-03 -3.282358e-03 -1.316259e-07 
0.000000e+00 3.173402e-03 -3.173535e-03 -1.328529e-07 
0.000000e+00 3.066990e-03 -3.067124e-03 -1.344479e-07 
0.000000e+00 2.962980e-03 -2.963116e-03 -1.361798e-07 
0.000000e+00 2.861332e-03 -2.861468e-03 -1.361353e-07 
0.000000e+00 2.762049e-03 -2.762185e-03 -1.358779e-07 
0.000000e+00 2.665090e-03 -2.665228e-03 -1.379322e-07 
0.000000e+00 2.570442e-03 -2.570578e-03 -1.360625e-07 
0.000000e+00 2.478087e-03 -2.478226e-03 -1.389619e-07 
0.000000e+00 2.387986e-03 -2.388124e-03 -1.376462e-07 
0.000000e+00 2.300131e-03 -2.300272e-03 -1.412533e-07 
0.000000e+00 2.214497e-03 -2.214638e-03 -1.412740e-07 
0.000000e+00 2.131044e-03 -2.131185e-03 -1.412422e-07 
0.000000e+00 2.049770e-03 -2.049914e-03 -1.436412e-07 
0.000000e+00 1.970630e-03 -1.970774e-03 -1.444548e-07 
0.000000e+00 1.893605e-03 -1.893750e-03 -1.449034e-07 
0.000000e+00 1.818680e-03 -1.818827e-03 -1.470564e-07 
0.000000e+00 1.745804e-03 -1.745951e-03 -1.470717e-07 
0.000000e+00 1.674969e-03 -1.675119e-03 -1.496231e-07 
0.000000e+00 1.606149e-03 -1.606302e-03 -1.531483e-07 
0.000000e+00 1.539297e-03 -1.539449e-03 -1.515830e-07 
0.000000e+00 1.474405e-03 -1.474560e-03 -1.547114e-07 
0.000000e+00 1.411440e-03 -1.411596e-03 -1.563283e-07 
0.000000e+00 1.350359e-03 -1.350515e-03 -1.558260e-07 
0.000000e+00 1.291155e-03 -1.291313e-03 -1.579564e-07 
0.000000e+00 1.233783e-03 -1.233942e-03 -1.591701e-07 
0.000000e+00 1.178212e-03 -1.178371e-03 -1.593798e-07 
0.000000e+00 1.124427e-03 -1.124590e-03 -1.626599e-07 
0.000000e+00 1.072383e-03 -1.072546e-03 -1.633080e-07 
0.000000e+00 1.022056e-03 -1.022219e-03 -1.627059e-07 
0.000000e+00 9.734207e-04 -9.735865e-04 -1.657620e-07 
0.000000e+00 9.264325e-04 -9.265982e-04 -1.656566e-07 
0.000000e+00 8.810731e-04 -8.812398e-04 -1.666810e-07 
0.000000e+00 8.373105e-04 -8.374788e-04 -1.683362e-07 
0.000000e+00 7.951031e-04 -7.952712e-04 -1.680671e-07 
0.000000e+00 7.544329e-04 -7.546028e-04 -1.698636e-07 
0.000000e+00 7.152619e-04 -7.154327e-04 -1.707585e-07 
0.000000e+00 6.775562e-04 -6.777271e-04 -1.708517e-07 
0.000000e+00 6.412938e-04 -6.414667e-04 -1.728898e-07 
0.000000e+00 6.064332e-04 -6.066063e-04 -1.731001e-07 
0.000000e+00 5.729474e-04 -5.731211e-04 -1.736797e-07 
0.000000e+00 5.408095e-04 -5.409849e-04 -1.753704e-07 
0.000000e+00 5.099773e-04 -5.101527e-04 -1.753638e-07 
0.000000e+00 4.804289e-04 -4.806051e-04 -1.761557e-07 
0.000000e+00 4.521314e-04 -4.523091e-04 -1.777374e-07 
0.000000e+00 4.250467e-04 -4.252243e-04 -1.775845e-07 
0.000000e+00 3.991530e-04 -3.993319e-04 -1.789362e-07 
0.000000e+00 3.744147e-04 -3.745944e-04 -1.797118e-07 
0.000000e+00 3.507974e-04 -3.509772e-04 -1.797599e-07 
0.000000e+00 3.282782e-04 -3.284597e-04 -1.814642e-07 
0.000000e+00 3.068202e-04 -3.070021e-04 -1.819461e-07 
0.000000e+00 2.863929e-04 -2.865752e-04 -1.822511e-07 
0.000000e+00 2.669720e-04 -2.671558e-04 -1.838009e-07 
0.000000e+00 2.485198e-04 -2.487039e-04 -1.840615e-07 
0.000000e+00 2.310095e-04 -2.311940e-04 -1.845007e-07 
0.000000e+00 2.144147e-04 -2.146009e-04 -1.862206e-07 
0.000000e+00 1.986993e-04 -1.988855e-04 -1.861675e-07 
0.000000e+00 1.838381e-04 -1.840249e-04 -1.867986e-07 
0.000000e+00 1.698040e-04 -1.699924e-04 -1.883967e-07 
0.000000e+00 1.565625e-04 -1.567508e-04 -1.882722e-07 
0.000000e+00 1.440896e-04 -1.442785e-04 -1.889270e-07 
0.000000e+00 1.323580e-04 -1.325485e-04 -1.905403e-07 
0.000000e+00 1.213351e-04 -1.215255e-04 -1.904431e-07 
0.000000e+00 1.109976e-04 -1.111887e-04 -1.911402e-07 
0.000000e+00 1.013189e-04 -1.015115e-04 -1.926061e-07 
0.000000e+00 9.226819e-05 -9.246062e-05 -1.924316e-07 
0.000000e+00 8.382264e-05 -8.401572e-05 -1.930780e-07 
0.000000e+00 7.595689e-05 -7.615148e-05 -1.945871e-07 
0.000000e+00 6.864175e-05 -6.883621e-05 -1.944630e-07 
0.000000e+00 6.185507e-05 -6.205010e-05 -1.950269e-07 
0.000000e+00 5.557294e-05 -5.576947e-05 -1.965268e-07 
0.000000e+00 4.976805e-05 -4.996448e-05 -1.964343e-07 
0.000000e+00 4.441866e-05 -4.461549e-05 -1.968261e-07 
0.000000e+00 3.950264e-05 -3.970093e-05 -1.982858e-07 
0.000000e+00 3.499462e-05 -3.519302e-05 -1.984038e-07 
0.000000e+00 3.087347e-05 -3.107205e-05 -1.985758e-07 
0.000000e+00 2.711879e-05 -2.731873e-05 -1.999357e-07 
0.000000e+00 2.370753e-05 -2.390783e-05 -2.002975e-07 
0.000000e+00 2.061905e-05 -2.081931e-05 -2.002560e-07 
0.000000e+00 1.783476e-05 -1.803613e-05 -2.013691e-07 
0.000000e+00 1.533402e-05 -1.553615e-05 -2.021263e-07 
0.000000e+00 1.309704e-05 -1.329899e-05 -2.019475e-07 
0.000000e+00 1.110686e-05 -1.130954e-05 -2.026780e-07 
0.000000e+00 9.345298e-06 -9.549102e-06 -2.038044e-07 
0.000000e+00 7.793953e-06 -7.997593e-06 -2.036403e-07 
0.000000e+00 6.437137e-06 -6.641076e-06 -2.039394e-07 
0.000000e+00 5.259051e-06 -5.464120e-06 -2.050689e-07 
0.000000e+00 4.243413e-06 -4.448739e-06 -2.053261e-07 
0.000000e+00 3.375552e-06 -3.580805e-06 -2.052534e-07 
0.000000e+00 2.641854e-06 -2.847872e-06 -2.060176e-07 
0.000000e+00 2.028472e-06 -2.235328e-06 -2.068556e-07 
0.000000e+00 1.522116e-06 -1.728798e-06 -2.066825e-07 
0.000000e+00 1.111010e-06 -1.317926e-06 -2.069159e-07 
0.000000e+00 7.836384e-07 -9.914329e-07 -2.077945e-07 
0.000000e+00 5.288025e-07 -7.369141e-07 -2.081116e-07 
0.000000e+00 3.362967e-07 -5.442843e-07 -2.079876e-07 
0.000000e+00 1.967668e-07 -4.051453e-07 -2.083785e-07 
0.000000e+00 1.012870e-07 -3.103992e-07 -2.091122e-07 
0.000000e+00 4.157591e-08 -2.507498e-07 -2.091739e-07 
0.000000e+00 1.022983e-08 -2.193555e-07 -2.091257e-07 
0.000000e+00 4.942545e-10 -2.099692e-07 -2.094749e-07 
0.000000e+00 6.257934e-09 -2.162484e-07 -2.099905e-07 
0.000000e+00 2.215614e-08 -2.321739e-07 -2.100178e-07 
0.000000e+00 4.354248e-08 -2.535454e-07 -2.100029e-07 
0.000000e+00 6.644773e-08 -2.766059e-07 -2.101582e-07 
0.000000e+00 8.763384e-08 -2.980091e-07 -2.103753e-07 
0.000000e+00 1.046056e-07 -3.150048e-07 -2.103992e-07 
0.000000e+00 1.155483e-07 -3.259481e-07 -2.103998e-07 
0.000000e+00 1.193744e-07 -3.297750e-07 -2.104006e-07 
