0.000000e+00 0.000000e+00 0.000000e+00 0.000000e+00 0.000000e+00 0.000000e+00 
2.254110e-14 -2.991398e-14 0.000000e+00 0.000000e+00 0.000000e+00 -2.307944e-13 
2.277616e-13 -3.093374e-13 0.000000e+00 0.000000e+00 0.000000e+00 -7.038127e-13 
6.046411e-13 -7.013612e-12 0.000000e+00 0.000000e+00 0.000000e+00 -1.453137e-11 
-5.127953e-12 7.160838e-12 0.000000e+00 0.000000e+00 0.000000e+00 4.290252e-11 
-3.161147e-12 2.036591e-12 0.000000e+00 0.000000e+00 0.000000e+00 3.321654e-11 
4.155870e-12 -8.289052e-11 0.000000e+00 0.000000e+00 0.000000e+00 -2.096293e-10 
-3.407502e-11 5.697304e-11 0.000000e+00 0.000000e+00 0.000000e+00 1.093554e-10 
-3.400667e-11 -4.885626e-12 0.000000e+00 0.000000e+00 0.000000e+00 -5.023605e-11 
-2.105419e-11 -1.782775e-10 0.000000e+00 0.000000e+00 0.000000e+00 -2.358706e-10 
4.236429e-13 -1.886917e-10 0.000000e+00 0.000000e+00 0.000000e+00 -7.871090e-11 
-5.190937e-11 1.043527e-10 0.000000e+00 0.000000e+00 0.000000e+00 3.242500e-10 
9.831915e-11 -4.168221e-10 0.000000e+00 0.000000e+00 0.000000e+00 -9.904749e-10 
1.406993e-10 -7.750964e-10 0.000000e+00 0.000000e+00 0.000000e+00 -7.239899e-10 
5.199937e-11 -9.685187e-10 0.000000e+00 0.000000e+00 0.000000e+00 -1.196585e-09 
-1.741646e-10 -1.349774e-10 0.000000e+00 0.000000e+00 0.000000e+00 2.689991e-10 
1.416785e-10 3.144012e-10 0.000000e+00 0.000000e+00 0.000000e+00 6.176282e-10 
-2.674722e-10 5.609871e-10 0.000000e+00 0.000000e+00 0.000000e+00 1.244425e-09 
7.197338e-11 2.589022e-10 0.000000e+00 0.000000e+00 0.000000e+00 7.532066e-10 
3.561549e-10 -2.267262e-09 0.000000e+00 0.000000e+00 0.000000e+00 -1.427354e-09 
3.902399e-10 -1.737052e-09 0.000000e+00 0.000000e+00 0.000000e+00 7.058447e-10 
1.891695e-10 5.941674e-10 0.000000e+00 0.000000e+00 0.000000e+00 1.800056e-09 
4.191759e-10 4.184674e-10 0.000000e+00 0.000000e+00 0.000000e+00 2.658083e-09 
4.431097e-10 -1.895192e-09 0.000000e+00 0.000000e+00 0.000000e+00 -1.149238e-09 
4.511825e-10 -2.396883e-09 0.000000e+00 0.000000e+00 0.000000e+00 -3.211845e-09 
-2.699371e-10 -2.754503e-09 0.000000e+00 0.000000e+00 0.000000e+00 -7.218704e-09 
-2.343654e-09 8.188315e-09 0.000000e+00 0.000000e+00 0.000000e+00 1.664452e-08 
-1.660513e-10 1.366249e-09 0.000000e+00 0.000000e+00 0.000000e+00 5.938268e-10 
6.512962e-10 -8.394550e-09 0.000000e+00 0.000000e+00 0.000000e+00 -1.148959e-08 
-9.420125e-11 -6.339576e-09 0.000000e+00 0.000000e+00 0.000000e+00 -1.349084e-08 
9.835863e-10 1.208881e-09 0.000000e+00 0.000000e+00 0.000000e+00 -5.256877e-09 
-6.978742e-10 2.669364e-09 0.000000e+00 0.000000e+00 0.000000e+00 4.846545e-09 
-1.212499e-09 2.459913e-09 0.000000e+00 0.000000e+00 0.000000e+00 5.244393e-09 
3.015485e-09 -8.868309e-09 0.000000e+00 0.000000e+00 0.000000e+00 -2.114863e-08 
-2.021326e-09 7.284578e-09 0.000000e+00 0.000000e+00 0.000000e+00 1.336500e-08 
-5.468984e-10 -3.741585e-09 0.000000e+00 0.000000e+00 0.000000e+00 -4.187760e-09 
3.359748e-09 -4.559530e-09 0.000000e+00 0.000000e+00 0.000000e+00 -1.032244e-08 
2.332797e-09 1.217724e-09 0.000000e+00 0.000000e+00 0.000000e+00 -1.576681e-09 
1.541575e-09 -1.750971e-09 0.000000e+00 0.000000e+00 0.000000e+00 -3.195741e-09 
2.651500e-09 -6.314219e-09 0.000000e+00 0.000000e+00 0.000000e+00 -1.069756e-08 
-1.472593e-09 3.275567e-09 0.000000e+00 0.000000e+00 0.000000e+00 -8.981543e-10 
3.982313e-10 -5.286162e-09 0.000000e+00 0.000000e+00 0.000000e+00 -2.955255e-09 
4.449628e-09 -3.276817e-09 0.000000e+00 0.000000e+00 0.000000e+00 -9.547547e-09 
1.777830e-09 1.163247e-09 0.000000e+00 0.000000e+00 0.000000e+00 -2.907588e-09 
1.001673e-09 1.947050e-10 0.000000e+00 0.000000e+00 0.000000e+00 -4.822886e-10 
-1.402917e-09 -3.840587e-09 0.000000e+00 0.000000e+00 0.000000e+00 -3.789554e-08 
-2.263076e-09 -9.354225e-09 0.000000e+00 0.000000e+00 0.000000e+00 -4.768981e-08 
4.892220e-09 -4.528486e-09 0.000000e+00 0.000000e+00 0.000000e+00 -4.756448e-08 
4.479003e-09 -1.974240e-08 0.000000e+00 0.000000e+00 0.000000e+00 -6.742442e-08 
-2.222077e-09 8.321461e-09 0.000000e+00 0.000000e+00 0.000000e+00 3.146900e-08 
-1.150849e-09 3.875745e-09 0.000000e+00 0.000000e+00 0.000000e+00 3.630714e-08 
-6.652032e-09 9.135783e-09 0.000000e+00 0.000000e+00 0.000000e+00 4.342886e-08 
-3.222156e-09 -2.213706e-08 0.000000e+00 0.000000e+00 0.000000e+00 -2.320708e-08 
-3.832650e-10 -9.947376e-09 0.000000e+00 0.000000e+00 0.000000e+00 2.649867e-08 
-8.129094e-10 2.494793e-08 0.000000e+00 0.000000e+00 0.000000e+00 2.764387e-08 
5.253738e-09 -5.899108e-09 0.000000e+00 0.000000e+00 0.000000e+00 -3.181117e-08 
-2.668105e-09 9.499736e-09 0.000000e+00 0.000000e+00 0.000000e+00 5.515352e-08 
2.457443e-09 -2.836327e-08 0.000000e+00 0.000000e+00 0.000000e+00 -6.952097e-08 
4.788688e-10 -3.350101e-08 0.000000e+00 0.000000e+00 0.000000e+00 -4.914872e-08 
2.055488e-09 6.971629e-09 0.000000e+00 0.000000e+00 0.000000e+00 -3.694287e-08 
4.620040e-09 2.082343e-09 0.000000e+00 0.000000e+00 0.000000e+00 -5.903549e-08 
9.912247e-09 5.423462e-09 0.000000e+00 0.000000e+00 0.000000e+00 -6.763077e-08 
3.248366e-09 -1.869768e-08 0.000000e+00 0.000000e+00 0.000000e+00 2.072875e-08 
4.225309e-09 2.496422e-08 0.000000e+00 0.000000e+00 0.000000e+00 2.471425e-08 
1.789806e-09 -2.086934e-08 0.000000e+00 0.000000e+00 0.000000e+00 2.234076e-08 
-2.071121e-09 -7.704606e-09 0.000000e+00 0.000000e+00 0.000000e+00 -5.290713e-08 
-2.131734e-09 7.526953e-09 0.000000e+00 0.000000e+00 0.000000e+00 6.691247e-08 
7.692716e-11 -1.121104e-08 0.000000e+00 0.000000e+00 0.000000e+00 3.085320e-10 
-3.719583e-09 2.141689e-09 0.000000e+00 0.000000e+00 0.000000e+00 -5.960204e-08 
-4.243780e-10 2.248609e-08 0.000000e+00 0.000000e+00 0.000000e+00 -2.204773e-08 
3.338762e-10 3.700416e-08 0.000000e+00 0.000000e+00 0.000000e+00 6.302016e-08 
-7.371184e-09 5.670523e-10 0.000000e+00 0.000000e+00 0.000000e+00 6.596656e-08 
-3.425947e-09 -1.239800e-08 0.000000e+00 0.000000e+00 0.000000e+00 4.497419e-08 
8.820437e-10 2.301252e-08 0.000000e+00 0.000000e+00 0.000000e+00 4.825884e-08 
-8.853753e-09 1.288598e-08 0.000000e+00 0.000000e+00 0.000000e+00 7.679972e-08 
-6.465945e-09 -2.848235e-08 0.000000e+00 0.000000e+00 0.000000e+00 -7.116279e-08 
-2.975884e-09 -2.072071e-08 0.000000e+00 0.000000e+00 0.000000e+00 4.938955e-09 
4.405626e-09 7.103304e-09 0.000000e+00 0.000000e+00 0.000000e+00 4.450936e-10 
4.942028e-09 -4.150235e-08 0.000000e+00 0.000000e+00 0.000000e+00 -8.723406e-08 
-1.069975e-08 6.450719e-08 0.000000e+00 0.000000e+00 0.000000e+00 1.121443e-07 
-1.610195e-08 5.602567e-08 0.000000e+00 0.000000e+00 0.000000e+00 9.927196e-08 
-2.213429e-08 8.435255e-08 0.000000e+00 0.000000e+00 0.000000e+00 1.865409e-07 
2.705400e-08 -1.023397e-07 0.000000e+00 0.000000e+00 0.000000e+00 -1.300435e-07 
7.994060e-09 -6.731063e-08 0.000000e+00 0.000000e+00 0.000000e+00 -9.700896e-08 
-2.458379e-08 8.104391e-08 0.000000e+00 0.000000e+00 0.000000e+00 9.892727e-08 
1.095536e-08 -8.251219e-08 0.000000e+00 0.000000e+00 0.000000e+00 -1.987220e-07 
2.161291e-08 -1.010855e-07 0.000000e+00 0.000000e+00 0.000000e+00 -2.021661e-07 
1.723732e-08 -6.728373e-08 0.000000e+00 0.000000e+00 0.000000e+00 -1.284954e-07 
1.352984e-08 -8.578318e-08 0.000000e+00 0.000000e+00 0.000000e+00 -1.010480e-07 
-9.291558e-09 1.031368e-07 0.000000e+00 0.000000e+00 0.000000e+00 1.491409e-07 
-2.623819e-09 3.363554e-08 0.000000e+00 0.000000e+00 0.000000e+00 2.871097e-08 
2.211340e-08 -1.031174e-07 0.000000e+00 0.000000e+00 0.000000e+00 -1.167930e-07 
1.266923e-08 -8.730566e-08 0.000000e+00 0.000000e+00 0.000000e+00 -1.441062e-07 
2.720045e-10 -5.020363e-08 0.000000e+00 0.000000e+00 0.000000e+00 -1.170655e-07 
1.543892e-08 -5.542303e-08 0.000000e+00 0.000000e+00 0.000000e+00 -1.213622e-07 
-3.321515e-09 -3.539177e-08 0.000000e+00 0.000000e+00 0.000000e+00 -9.307881e-08 
2.828766e-09 -8.590084e-08 0.000000e+00 0.000000e+00 0.000000e+00 -1.582906e-07 
2.110881e-08 -6.544409e-08 0.000000e+00 0.000000e+00 0.000000e+00 -1.008779e-07 
-1.620386e-08 1.324401e-08 0.000000e+00 0.000000e+00 0.000000e+00 5.568071e-08 
6.281647e-09 -4.652455e-08 0.000000e+00 0.000000e+00 0.000000e+00 -9.732702e-08 
-1.843638e-08 4.114306e-08 0.000000e+00 0.000000e+00 0.000000e+00 1.388690e-07 
-1.487830e-08 4.314502e-08 0.000000e+00 0.000000e+00 0.000000e+00 5.500660e-08 
2.794038e-10 5.565443e-08 0.000000e+00 0.000000e+00 0.000000e+00 5.356610e-08 
5.904773e-09 -2.548830e-08 0.000000e+00 0.000000e+00 0.000000e+00 -6.627444e-08 
2.052193e-08 -9.176497e-08 0.000000e+00 0.000000e+00 0.000000e+00 -1.356580e-07 
-4.338425e-09 3.200860e-08 0.000000e+00 0.000000e+00 0.000000e+00 5.916508e-08 
-2.762888e-09 -7.748043e-09 0.000000e+00 0.000000e+00 0.000000e+00 2.515630e-08 
-1.175487e-08 2.576349e-08 0.000000e+00 0.000000e+00 0.000000e+00 -1.395957e-08 
-2.129324e-08 5.107506e-08 0.000000e+00 0.000000e+00 0.000000e+00 1.075990e-07 
-1.433383e-08 3.070206e-08 0.000000e+00 0.000000e+00 0.000000e+00 9.313407e-08 
-1.047305e-08 2.545095e-08 0.000000e+00 0.000000e+00 0.000000e+00 2.875940e-08 
-1.779106e-08 3.087474e-08 0.000000e+00 0.000000e+00 0.000000e+00 8.867847e-08 
-3.349034e-08 8.930332e-08 0.000000e+00 0.000000e+00 0.000000e+00 1.110631e-07 
-1.114996e-08 6.652974e-08 0.000000e+00 0.000000e+00 0.000000e+00 1.044341e-07 
1.985474e-09 3.450715e-08 0.000000e+00 0.000000e+00 0.000000e+00 3.735599e-08 
-9.281919e-09 1.061365e-07 0.000000e+00 0.000000e+00 0.000000e+00 2.000890e-07 
-5.192762e-09 -3.453052e-08 0.000000e+00 0.000000e+00 0.000000e+00 1.735908e-08 
2.538995e-09 5.113233e-08 0.000000e+00 0.000000e+00 0.000000e+00 6.029314e-08 
-4.211003e-08 6.270570e-08 0.000000e+00 0.000000e+00 0.000000e+00 8.001672e-08 
4.453313e-09 8.237970e-09 0.000000e+00 0.000000e+00 0.000000e+00 2.645466e-08 
-6.764463e-09 2.280454e-08 0.000000e+00 0.000000e+00 0.000000e+00 2.906305e-08 
5.732806e-10 -6.947216e-08 0.000000e+00 0.000000e+00 0.000000e+00 -9.672484e-08 
-9.525274e-09 -6.790815e-08 0.000000e+00 0.000000e+00 0.000000e+00 -1.653595e-07 
-2.243485e-08 3.881997e-08 0.000000e+00 0.000000e+00 0.000000e+00 9.231305e-08 
7.430971e-09 3.188226e-08 0.000000e+00 0.000000e+00 0.000000e+00 2.077545e-08 
3.702009e-10 -8.162210e-08 0.000000e+00 0.000000e+00 0.000000e+00 -1.620984e-07 
8.024103e-09 -1.657556e-08 0.000000e+00 0.000000e+00 0.000000e+00 -6.613211e-08 
-8.644640e-09 1.389928e-07 0.000000e+00 0.000000e+00 0.000000e+00 2.498010e-07 
1.026587e-08 -6.050249e-08 0.000000e+00 0.000000e+00 0.000000e+00 -8.767950e-08 
1.331045e-09 -1.229123e-08 0.000000e+00 0.000000e+00 0.000000e+00 2.193533e-09 
-1.924767e-08 5.066404e-08 0.000000e+00 0.000000e+00 0.000000e+00 3.319163e-08 
7.784937e-09 2.928984e-09 0.000000e+00 0.000000e+00 0.000000e+00 7.994396e-10 
-1.899185e-08 2.298618e-09 0.000000e+00 0.000000e+00 0.000000e+00 4.383804e-08 
-5.726110e-09 7.436082e-09 0.000000e+00 0.000000e+00 0.000000e+00 1.551412e-09 
-3.408858e-08 8.392763e-08 0.000000e+00 0.000000e+00 0.000000e+00 1.708082e-07 
-1.097913e-08 -1.387563e-08 0.000000e+00 0.000000e+00 0.000000e+00 -5.991677e-08 
-3.566266e-09 -4.067335e-09 0.000000e+00 0.000000e+00 0.000000e+00 -6.857414e-08 
1.809755e-08 -4.005329e-08 0.000000e+00 0.000000e+00 0.000000e+00 -8.820967e-08 
3.096048e-09 1.998897e-08 0.000000e+00 0.000000e+00 0.000000e+00 2.793666e-08 
4.335211e-09 -6.606922e-08 0.000000e+00 0.000000e+00 0.000000e+00 -7.481251e-08 
6.621123e-09 -1.365076e-08 0.000000e+00 0.000000e+00 0.000000e+00 -1.065592e-08 
-2.800734e-09 3.276389e-08 0.000000e+00 0.000000e+00 0.000000e+00 2.853749e-08 
-5.788881e-09 8.816154e-08 0.000000e+00 0.000000e+00 0.000000e+00 1.332129e-07 
-1.607631e-08 -7.263792e-08 0.000000e+00 0.000000e+00 0.000000e+00 -1.704150e-07 
-7.377383e-09 6.287044e-08 0.000000e+00 0.000000e+00 0.000000e+00 1.357471e-07 
2.777794e-08 -5.481313e-08 0.000000e+00 0.000000e+00 0.000000e+00 -9.263297e-08 
1.144286e-08 3.071549e-08 0.000000e+00 0.000000e+00 0.000000e+00 2.763582e-08 
7.088494e-09 -7.711820e-09 0.000000e+00 0.000000e+00 0.000000e+00 5.354207e-08 
-2.093477e-08 9.657736e-08 0.000000e+00 0.000000e+00 0.000000e+00 1.406556e-07 
-3.903858e-08 7.916173e-08 0.000000e+00 0.000000e+00 0.000000e+00 1.175692e-07 
1.346308e-08 6.095053e-08 0.000000e+00 0.000000e+00 0.000000e+00 9.285193e-08 
-9.672735e-11 -8.476746e-08 0.000000e+00 0.000000e+00 0.000000e+00 -1.535691e-07 
-1.264971e-08 7.536337e-08 0.000000e+00 0.000000e+00 0.000000e+00 1.348460e-07 
3.453984e-08 1.982472e-08 0.000000e+00 0.000000e+00 0.000000e+00 5.713789e-08 
-1.898387e-08 5.367164e-08 0.000000e+00 0.000000e+00 0.000000e+00 6.704645e-08 
-5.688431e-09 1.002311e-07 0.000000e+00 0.000000e+00 0.000000e+00 1.428665e-07 
-2.555454e-08 7.641624e-08 0.000000e+00 0.000000e+00 0.000000e+00 1.629099e-07 
-2.112178e-08 1.367194e-07 0.000000e+00 0.000000e+00 0.000000e+00 3.829233e-07 
1.147014e-08 -5.521793e-08 0.000000e+00 0.000000e+00 0.000000e+00 -1.001020e-07 
-3.110810e-09 2.511703e-08 0.000000e+00 0.000000e+00 0.000000e+00 2.055188e-07 
1.188384e-08 -3.616735e-08 0.000000e+00 0.000000e+00 0.000000e+00 -1.579236e-08 
7.180308e-09 -9.514670e-08 0.000000e+00 0.000000e+00 0.000000e+00 -4.186058e-07 
-2.055282e-08 1.209324e-07 0.000000e+00 0.000000e+00 0.000000e+00 5.804806e-07 
-1.831592e-08 -4.675686e-08 0.000000e+00 0.000000e+00 0.000000e+00 -2.028061e-07 
1.537924e-09 -1.521884e-08 0.000000e+00 0.000000e+00 0.000000e+00 5.049048e-08 
1.690292e-08 -2.240845e-08 0.000000e+00 0.000000e+00 0.000000e+00 -4.252396e-07 
-3.159425e-08 1.299520e-07 0.000000e+00 0.000000e+00 0.000000e+00 5.461670e-07 
1.078686e-09 5.653413e-08 0.000000e+00 0.000000e+00 0.000000e+00 1.589054e-07 
1.735738e-08 5.012009e-09 0.000000e+00 0.000000e+00 0.000000e+00 1.335666e-08 
-9.853093e-09 1.807968e-07 0.000000e+00 0.000000e+00 0.000000e+00 6.709986e-07 
2.729740e-08 -2.142900e-07 0.000000e+00 0.000000e+00 0.000000e+00 -7.123725e-07 
-2.525740e-08 -2.705486e-08 0.000000e+00 0.000000e+00 0.000000e+00 -2.616137e-07 
-2.390159e-08 -1.887729e-07 0.000000e+00 0.000000e+00 0.000000e+00 -6.311481e-07 
-2.192774e-08 2.399937e-08 0.000000e+00 0.000000e+00 0.000000e+00 3.198593e-07 
-4.494371e-08 -1.211140e-09 0.000000e+00 0.000000e+00 0.000000e+00 5.850924e-08 
-5.783906e-08 2.422968e-07 0.000000e+00 0.000000e+00 0.000000e+00 4.348994e-07 
1.821348e-08 5.839553e-08 0.000000e+00 0.000000e+00 0.000000e+00 7.128036e-07 
-5.523385e-08 -2.419578e-07 0.000000e+00 0.000000e+00 0.000000e+00 -3.656979e-07 
-9.367597e-09 -3.489830e-08 0.000000e+00 0.000000e+00 0.000000e+00 7.113950e-07 
-2.411929e-09 1.287902e-07 0.000000e+00 0.000000e+00 0.000000e+00 2.092167e-08 
2.647270e-08 2.893113e-07 0.000000e+00 0.000000e+00 0.000000e+00 -9.859466e-08 
2.417086e-08 -2.149853e-07 0.000000e+00 0.000000e+00 0.000000e+00 -1.236453e-07 
-3.650638e-08 7.662295e-08 0.000000e+00 0.000000e+00 0.000000e+00 -2.739912e-07 
-8.852161e-09 1.909623e-07 0.000000e+00 0.000000e+00 0.000000e+00 -1.225057e-07 
1.013543e-08 7.265590e-09 0.000000e+00 0.000000e+00 0.000000e+00 6.373860e-07 
-1.069199e-08 4.911843e-08 0.000000e+00 0.000000e+00 0.000000e+00 -5.001947e-07 
2.012194e-08 -1.210841e-07 0.000000e+00 0.000000e+00 0.000000e+00 -5.076127e-07 
-1.267326e-08 -1.621908e-07 0.000000e+00 0.000000e+00 0.000000e+00 -1.189237e-07 
-2.074826e-08 8.151002e-09 0.000000e+00 0.000000e+00 0.000000e+00 -1.580543e-07 
-9.906506e-09 2.538406e-07 0.000000e+00 0.000000e+00 0.000000e+00 6.340490e-07 
-3.768238e-09 2.519233e-07 0.000000e+00 0.000000e+00 0.000000e+00 3.086815e-07 
2.082184e-08 1.637227e-07 0.000000e+00 0.000000e+00 0.000000e+00 5.141200e-07 
-1.561481e-08 1.784698e-07 0.000000e+00 0.000000e+00 0.000000e+00 -2.085153e-07 
-1.210900e-09 2.047070e-07 0.000000e+00 0.000000e+00 0.000000e+00 7.001717e-09 
5.169310e-08 1.937755e-07 0.000000e+00 0.000000e+00 0.000000e+00 6.543340e-07 
-1.880695e-09 1.653980e-07 0.000000e+00 0.000000e+00 0.000000e+00 -5.964397e-08 
-2.350254e-09 -2.220458e-07 0.000000e+00 0.000000e+00 0.000000e+00 -5.331771e-07 
6.182853e-10 -1.183705e-07 0.000000e+00 0.000000e+00 0.000000e+00 6.855902e-08 
6.377465e-08 3.668796e-07 0.000000e+00 0.000000e+00 0.000000e+00 6.530248e-07 
-2.270485e-08 -1.324436e-08 0.000000e+00 0.000000e+00 0.000000e+00 3.972612e-07 
3.037948e-08 -1.567235e-07 0.000000e+00 0.000000e+00 0.000000e+00 -1.559718e-07 
-1.890013e-08 4.242385e-08 0.000000e+00 0.000000e+00 0.000000e+00 5.044154e-07 
3.443357e-08 -1.644526e-07 0.000000e+00 0.000000e+00 0.000000e+00 1.858026e-07 
5.259295e-08 1.582181e-07 0.000000e+00 0.000000e+00 0.000000e+00 -2.896042e-07 
9.518970e-09 8.974732e-08 0.000000e+00 0.000000e+00 0.000000e+00 -1.271784e-07 
2.917392e-08 1.523653e-07 0.000000e+00 0.000000e+00 0.000000e+00 -2.573014e-07 
1.576225e-08 -1.893195e-07 0.000000e+00 0.000000e+00 0.000000e+00 -7.205351e-07 
-2.988337e-08 3.909581e-07 0.000000e+00 0.000000e+00 0.000000e+00 6.338215e-07 
3.670554e-10 -1.774686e-07 0.000000e+00 0.000000e+00 0.000000e+00 7.588870e-08 
-5.102163e-09 3.204520e-08 0.000000e+00 0.000000e+00 0.000000e+00 1.126427e-07 
4.429049e-09 1.331383e-07 0.000000e+00 0.000000e+00 0.000000e+00 1.436683e-08 
-1.916907e-08 8.687485e-08 0.000000e+00 0.000000e+00 0.000000e+00 2.324564e-07 
-1.033380e-08 -2.564869e-07 0.000000e+00 0.000000e+00 0.000000e+00 -1.565396e-07 
-4.102510e-08 3.788484e-08 0.000000e+00 0.000000e+00 0.000000e+00 -4.185648e-07 
3.465286e-08 -3.354777e-08 0.000000e+00 0.000000e+00 0.000000e+00 -1.827250e-07 
3.304954e-08 2.795907e-07 0.000000e+00 0.000000e+00 0.000000e+00 2.938459e-07 
-5.942917e-08 6.117408e-08 0.000000e+00 0.000000e+00 0.000000e+00 -3.163721e-07 
-1.350516e-08 2.049649e-07 0.000000e+00 0.000000e+00 0.000000e+00 -4.392040e-07 
1.790160e-08 1.883670e-07 0.000000e+00 0.000000e+00 0.000000e+00 -4.180869e-07 
4.798473e-08 -2.316370e-08 0.000000e+00 0.000000e+00 0.000000e+00 4.984103e-07 
-1.295840e-08 -1.199690e-09 0.000000e+00 0.000000e+00 0.000000e+00 -3.227246e-07 
1.819998e-08 1.511066e-07 0.000000e+00 0.000000e+00 0.000000e+00 -4.452874e-07 
-3.356546e-08 2.350707e-07 0.000000e+00 0.000000e+00 0.000000e+00 1.292370e-07 
-1.117332e-08 -1.021827e-08 0.000000e+00 0.000000e+00 0.000000e+00 -3.184481e-07 
2.319774e-08 4.570088e-08 0.000000e+00 0.000000e+00 0.000000e+00 -6.566146e-07 
-1.421354e-08 -1.551543e-07 0.000000e+00 0.000000e+00 0.000000e+00 -1.691942e-07 
7.150872e-08 -7.406718e-08 0.000000e+00 0.000000e+00 0.000000e+00 4.553834e-07 
-4.939445e-08 -7.586360e-08 0.000000e+00 0.000000e+00 0.000000e+00 -6.012842e-07 
-2.830522e-08 1.709969e-07 0.000000e+00 0.000000e+00 0.000000e+00 8.950378e-09 
2.592971e-08 -1.047941e-07 0.000000e+00 0.000000e+00 0.000000e+00 3.617865e-07 
8.878897e-08 1.125269e-07 0.000000e+00 0.000000e+00 0.000000e+00 5.367876e-07 
1.056923e-08 1.367505e-07 0.000000e+00 0.000000e+00 0.000000e+00 2.024645e-07 
-6.941714e-08 -3.266442e-07 0.000000e+00 0.000000e+00 0.000000e+00 -5.669959e-07 
-5.521534e-08 -1.200333e-07 0.000000e+00 0.000000e+00 0.000000e+00 -3.493639e-07 
-5.179656e-08 -2.591349e-07 0.000000e+00 0.000000e+00 0.000000e+00 -5.760364e-07 
8.023147e-09 -1.480259e-07 0.000000e+00 0.000000e+00 0.000000e+00 4.971641e-07 
5.687730e-08 -1.108075e-07 0.000000e+00 0.000000e+00 0.000000e+00 2.770916e-07 
6.420764e-08 2.853874e-07 0.000000e+00 0.000000e+00 0.000000e+00 3.409964e-07 
3.119008e-08 -1.181915e-07 0.000000e+00 0.000000e+00 0.000000e+00 -3.576336e-07 
7.443552e-08 -2.396235e-08 0.000000e+00 0.000000e+00 0.000000e+00 2.843109e-07 
-3.240239e-08 2.491924e-08 0.000000e+00 0.000000e+00 0.000000e+00 6.282373e-07 
-3.046007e-08 -6.881075e-08 0.000000e+00 0.000000e+00 0.000000e+00 -5.391197e-07 
1.386911e-08 1.691881e-07 0.000000e+00 0.000000e+00 0.000000e+00 -1.318822e-07 
1.291950e-09 6.577998e-08 0.000000e+00 0.000000e+00 0.000000e+00 -3.185421e-07 
-1.915518e-08 1.444236e-07 0.000000e+00 0.000000e+00 0.000000e+00 -2.538217e-07 
1.278990e-09 -5.458714e-08 0.000000e+00 0.000000e+00 0.000000e+00 5.779556e-07 
1.033957e-08 -1.337210e-07 0.000000e+00 0.000000e+00 0.000000e+00 -2.212705e-07 
-2.548647e-08 3.373225e-08 0.000000e+00 0.000000e+00 0.000000e+00 1.125660e-07 
-2.876100e-08 -2.526849e-07 0.000000e+00 0.000000e+00 0.000000e+00 -4.531569e-07 
4.512633e-09 -2.675288e-07 0.000000e+00 0.000000e+00 0.000000e+00 -1.930465e-07 
-9.686931e-09 -1.816623e-07 0.000000e+00 0.000000e+00 0.000000e+00 -1.785674e-08 
1.985254e-10 -8.725030e-08 0.000000e+00 0.000000e+00 0.000000e+00 -5.402204e-07 
6.431072e-08 1.166218e-07 0.000000e+00 0.000000e+00 0.000000e+00 5.759301e-07 
4.677651e-08 1.628498e-07 0.000000e+00 0.000000e+00 0.000000e+00 4.318880e-07 
-4.172049e-08 1.850704e-07 0.000000e+00 0.000000e+00 0.000000e+00 -2.721583e-08 
-2.441310e-08 -2.139823e-07 0.000000e+00 0.000000e+00 0.000000e+00 -4.945844e-07 
-3.614580e-09 8.220722e-08 0.000000e+00 0.000000e+00 0.000000e+00 -3.835092e-08 
3.337121e-08 1.155151e-07 0.000000e+00 0.000000e+00 0.000000e+00 -2.225260e-07 
-9.316383e-09 -8.570500e-08 0.000000e+00 0.000000e+00 0.000000e+00 -2.146233e-07 
-6.569028e-09 9.286175e-08 0.000000e+00 0.000000e+00 0.000000e+00 3.111847e-07 
2.955046e-08 5.614730e-08 0.000000e+00 0.000000e+00 0.000000e+00 4.270617e-07 
2.739008e-08 -2.873900e-07 0.000000e+00 0.000000e+00 0.000000e+00 -6.580913e-08 
-2.569786e-08 -7.860541e-08 0.000000e+00 0.000000e+00 0.000000e+00 4.026335e-07 
-2.754000e-08 -4.161199e-07 0.000000e+00 0.000000e+00 0.000000e+00 -6.375599e-07 
8.733602e-08 2.976797e-08 0.000000e+00 0.000000e+00 0.000000e+00 6.918045e-07 
-3.154355e-08 1.012193e-07 0.000000e+00 0.000000e+00 0.000000e+00 8.178534e-08 
1.620625e-08 -2.081627e-07 0.000000e+00 0.000000e+00 0.000000e+00 -5.359814e-07 
7.470091e-09 1.253894e-07 0.000000e+00 0.000000e+00 0.000000e+00 5.977230e-07 
1.799728e-08 3.953949e-09 0.000000e+00 0.000000e+00 0.000000e+00 1.225793e-07 
-1.779519e-07 -1.179909e-07 0.000000e+00 0.000000e+00 0.000000e+00 1.120622e-07 
-1.808612e-07 -4.005172e-08 0.000000e+00 0.000000e+00 0.000000e+00 -2.561386e-07 
-1.280761e-07 2.790285e-07 0.000000e+00 0.000000e+00 0.000000e+00 5.572079e-08 
-1.814863e-07 -1.565726e-07 0.000000e+00 0.000000e+00 0.000000e+00 -6.581964e-07 
2.573198e-07 -2.836335e-07 0.000000e+00 0.000000e+00 0.000000e+00 -5.226187e-07 
1.065548e-07 -2.789080e-07 0.000000e+00 0.000000e+00 0.000000e+00 -4.326857e-07 
-2.192755e-08 -7.471180e-08 0.000000e+00 0.000000e+00 0.000000e+00 -5.340316e-07 
-2.294937e-07 -1.699864e-08 0.000000e+00 0.000000e+00 0.000000e+00 6.191192e-08 
-3.470508e-07 1.946986e-07 0.000000e+00 0.000000e+00 0.000000e+00 8.875292e-08 
-2.302459e-07 6.395371e-08 0.000000e+00 0.000000e+00 0.000000e+00 7.447286e-07 
-2.544899e-07 -2.021217e-07 0.000000e+00 0.000000e+00 0.000000e+00 -3.066504e-07 
2.575684e-07 -4.675982e-09 0.000000e+00 0.000000e+00 0.000000e+00 1.137038e-07 
2.257228e-07 2.693645e-07 0.000000e+00 0.000000e+00 0.000000e+00 3.596767e-07 
-5.658859e-08 -3.094478e-08 0.000000e+00 0.000000e+00 0.000000e+00 -2.134585e-07 
-2.546660e-08 -7.299161e-08 0.000000e+00 0.000000e+00 0.000000e+00 9.732633e-08 
2.099857e-07 -1.441606e-07 0.000000e+00 0.000000e+00 0.000000e+00 3.426808e-07 
-9.002389e-08 -1.692974e-07 0.000000e+00 0.000000e+00 0.000000e+00 -1.734224e-07 
-2.249142e-07 1.215763e-07 0.000000e+00 0.000000e+00 0.000000e+00 3.767556e-07 
1.220214e-07 1.583273e-07 0.000000e+00 0.000000e+00 0.000000e+00 2.227765e-07 
-3.955677e-08 1.555439e-07 0.000000e+00 0.000000e+00 0.000000e+00 3.310019e-07 
1.715276e-07 2.489040e-08 0.000000e+00 0.000000e+00 0.000000e+00 1.181737e-07 
-1.898914e-07 -2.423752e-08 0.000000e+00 0.000000e+00 0.000000e+00 2.098774e-07 
-7.633327e-08 2.872263e-07 0.000000e+00 0.000000e+00 0.000000e+00 4.198586e-07 
1.559424e-07 2.047006e-07 0.000000e+00 0.000000e+00 0.000000e+00 -1.525384e-07 
-3.064336e-08 6.411322e-08 0.000000e+00 0.000000e+00 0.000000e+00 1.352572e-07 
4.430368e-09 -1.431383e-08 0.000000e+00 0.000000e+00 0.000000e+00 1.603691e-07 
-2.661547e-07 1.870295e-07 0.000000e+00 0.000000e+00 0.000000e+00 -1.929689e-07 
-3.032526e-07 -1.176151e-07 0.000000e+00 0.000000e+00 0.000000e+00 -2.659004e-07 
8.118983e-08 1.471606e-07 0.000000e+00 0.000000e+00 0.000000e+00 3.567196e-07 
-1.633873e-07 7.466905e-08 0.000000e+00 0.000000e+00 0.000000e+00 -1.159708e-07 
-3.391910e-08 7.091903e-09 0.000000e+00 0.000000e+00 0.000000e+00 -2.003660e-07 
-2.059612e-07 1.983037e-07 0.000000e+00 0.000000e+00 0.000000e+00 -3.247600e-07 
8.611464e-08 1.002882e-07 0.000000e+00 0.000000e+00 0.000000e+00 -5.240673e-07 
5.887828e-08 -4.713814e-09 0.000000e+00 0.000000e+00 0.000000e+00 3.578621e-07 
-1.302093e-07 1.415116e-07 0.000000e+00 0.000000e+00 0.000000e+00 4.342469e-07 
-2.059141e-07 1.169431e-07 0.000000e+00 0.000000e+00 0.000000e+00 2.952555e-07 
-4.102053e-08 -2.630188e-07 0.000000e+00 0.000000e+00 0.000000e+00 -5.219825e-07 
9.278496e-08 3.782323e-07 0.000000e+00 0.000000e+00 0.000000e+00 1.206258e-07 
-6.546710e-08 4.213356e-07 0.000000e+00 0.000000e+00 0.000000e+00 6.083531e-07 
-9.615190e-08 -2.830848e-07 0.000000e+00 0.000000e+00 0.000000e+00 -1.102306e-07 
1.508746e-07 -1.497254e-07 0.000000e+00 0.000000e+00 0.000000e+00 -2.626195e-07 
1.688886e-07 2.919293e-07 0.000000e+00 0.000000e+00 0.000000e+00 3.060294e-07 
-1.441226e-08 2.033268e-08 0.000000e+00 0.000000e+00 0.000000e+00 6.585579e-07 
-2.225540e-07 -7.059066e-08 0.000000e+00 0.000000e+00 0.000000e+00 1.667015e-07 
-1.613496e-07 1.125834e-07 0.000000e+00 0.000000e+00 0.000000e+00 -1.053752e-07 
1.824285e-07 -1.906621e-07 0.000000e+00 0.000000e+00 0.000000e+00 -6.971826e-07 
-6.578624e-08 -6.742536e-08 0.000000e+00 0.000000e+00 0.000000e+00 1.793426e-07 
2.168800e-07 -1.329960e-07 0.000000e+00 0.000000e+00 0.000000e+00 -1.010083e-07 
5.476166e-08 8.057321e-08 0.000000e+00 0.000000e+00 0.000000e+00 -3.938506e-07 
1.178320e-07 7.357681e-08 0.000000e+00 0.000000e+00 0.000000e+00 2.949802e-07 
-8.990024e-08 -1.414916e-07 0.000000e+00 0.000000e+00 0.000000e+00 -1.738786e-07 
7.546611e-08 2.961840e-07 0.000000e+00 0.000000e+00 0.000000e+00 2.570852e-07 
6.128084e-08 -1.975810e-07 0.000000e+00 0.000000e+00 0.000000e+00 -7.913588e-08 
2.300886e-07 -2.148215e-07 0.000000e+00 0.000000e+00 0.000000e+00 -4.338216e-07 
1.283897e-07 2.370444e-07 0.000000e+00 0.000000e+00 0.000000e+00 7.868130e-07 
1.170935e-07 1.085025e-07 0.000000e+00 0.000000e+00 0.000000e+00 -1.504335e-07 
8.774039e-08 -8.165384e-09 0.000000e+00 0.000000e+00 0.000000e+00 -3.087352e-07 
-9.384971e-08 2.589370e-07 0.000000e+00 0.000000e+00 0.000000e+00 2.525979e-07 
2.673414e-07 2.653637e-07 0.000000e+00 0.000000e+00 0.000000e+00 4.528682e-07 
-5.596094e-08 8.727159e-08 0.000000e+00 0.000000e+00 0.000000e+00 -2.437881e-08 
-3.920817e-08 -2.575312e-07 0.000000e+00 0.000000e+00 0.000000e+00 -7.857735e-07 
5.757660e-08 9.053624e-08 0.000000e+00 0.000000e+00 0.000000e+00 -1.906109e-08 
-4.545088e-08 7.537964e-09 0.000000e+00 0.000000e+00 0.000000e+00 2.776635e-07 
-3.223801e-07 -2.175405e-07 0.000000e+00 0.000000e+00 0.000000e+00 -7.964241e-07 
-1.127779e-07 7.277351e-09 0.000000e+00 0.000000e+00 0.000000e+00 9.191828e-08 
-1.774607e-07 -7.279765e-08 0.000000e+00 0.000000e+00 0.000000e+00 -3.263326e-07 
-3.244277e-08 -2.667997e-07 0.000000e+00 0.000000e+00 0.000000e+00 -8.629906e-07 
-4.199115e-08 2.023803e-07 0.000000e+00 0.000000e+00 0.000000e+00 4.326175e-07 
8.847704e-08 -3.351046e-09 0.000000e+00 0.000000e+00 0.000000e+00 -1.358785e-07 
1.334940e-07 -2.020665e-08 0.000000e+00 0.000000e+00 0.000000e+00 -2.689604e-07 
1.691590e-07 1.446060e-07 0.000000e+00 0.000000e+00 0.000000e+00 2.152326e-07 
2.773267e-08 9.006255e-08 0.000000e+00 0.000000e+00 0.000000e+00 1.608826e-07 
1.078057e-07 5.170701e-08 0.000000e+00 0.000000e+00 0.000000e+00 1.173991e-07 
-8.425390e-08 -4.598985e-08 0.000000e+00 0.000000e+00 0.000000e+00 -3.454905e-09 
8.583766e-08 1.517746e-07 0.000000e+00 0.000000e+00 0.000000e+00 3.366433e-07 
-1.501988e-07 7.599807e-08 0.000000e+00 0.000000e+00 0.000000e+00 -4.166920e-09 
6.780064e-08 -1.837699e-08 0.000000e+00 0.000000e+00 0.000000e+00 -8.704996e-08 
-1.808012e-07 -2.834533e-07 0.000000e+00 0.000000e+00 0.000000e+00 -6.061515e-07 
-2.148915e-07 3.780617e-08 0.000000e+00 0.000000e+00 0.000000e+00 2.627301e-07 
2.098863e-07 2.095403e-07 0.000000e+00 0.000000e+00 0.000000e+00 5.317109e-07 
2.683425e-07 1.247165e-07 0.000000e+00 0.000000e+00 0.000000e+00 3.406742e-07 
1.364444e-07 1.398760e-07 0.000000e+00 0.000000e+00 0.000000e+00 -1.231875e-08 
-2.244142e-07 1.088613e-07 0.000000e+00 0.000000e+00 0.000000e+00 8.552937e-08 
-6.581876e-08 5.171378e-08 0.000000e+00 0.000000e+00 0.000000e+00 -3.879983e-08 
-1.450759e-07 3.598017e-08 0.000000e+00 0.000000e+00 0.000000e+00 -3.700840e-07 
3.186281e-08 -2.342529e-08 0.000000e+00 0.000000e+00 0.000000e+00 -3.088245e-08 
-1.924102e-07 2.478884e-07 0.000000e+00 0.000000e+00 0.000000e+00 7.449441e-07 
-2.807977e-08 1.291673e-07 0.000000e+00 0.000000e+00 0.000000e+00 4.459521e-07 
1.015714e-07 -7.499395e-08 0.000000e+00 0.000000e+00 0.000000e+00 1.964673e-07 
-1.413266e-07 4.264832e-09 0.000000e+00 0.000000e+00 0.000000e+00 -1.331304e-07 
3.868221e-07 2.197709e-07 0.000000e+00 0.000000e+00 0.000000e+00 4.642970e-07 
-3.393112e-07 -1.547332e-07 0.000000e+00 0.000000e+00 0.000000e+00 -6.170334e-07 
-3.208512e-07 -2.413105e-07 0.000000e+00 0.000000e+00 0.000000e+00 -8.933500e-07 
3.163578e-07 2.205248e-07 0.000000e+00 0.000000e+00 0.000000e+00 5.201142e-07 
1.416462e-07 1.246499e-07 0.000000e+00 0.000000e+00 0.000000e+00 3.656759e-07 
2.547425e-07 3.113130e-07 0.000000e+00 0.000000e+00 0.000000e+00 7.155743e-07 
-4.050154e-08 -7.050452e-08 0.000000e+00 0.000000e+00 0.000000e+00 -2.354307e-07 
-3.702380e-07 5.779180e-08 0.000000e+00 0.000000e+00 0.000000e+00 -5.690285e-07 
-3.039398e-07 3.488591e-07 0.000000e+00 0.000000e+00 0.000000e+00 6.482374e-08 
4.488043e-07 -1.127780e-08 0.000000e+00 0.000000e+00 0.000000e+00 6.689551e-07 
1.242899e-08 -6.335560e-08 0.000000e+00 0.000000e+00 0.000000e+00 -2.850004e-07 
-2.163992e-07 1.295421e-07 0.000000e+00 0.000000e+00 0.000000e+00 -1.455099e-07 
6.454721e-08 -3.960741e-07 0.000000e+00 0.000000e+00 0.000000e+00 -7.519446e-09 
2.329738e-07 -8.449594e-08 0.000000e+00 0.000000e+00 0.000000e+00 6.517229e-08 
-2.820433e-07 4.535119e-07 0.000000e+00 0.000000e+00 0.000000e+00 4.603486e-07 
2.258746e-07 -1.895033e-08 0.000000e+00 0.000000e+00 0.000000e+00 -1.384119e-08 
-5.741314e-08 2.273068e-07 0.000000e+00 0.000000e+00 0.000000e+00 -1.012567e-07 
6.292693e-08 -1.224623e-07 0.000000e+00 0.000000e+00 0.000000e+00 1.310103e-07 
3.000856e-07 -1.990808e-07 0.000000e+00 0.000000e+00 0.000000e+00 2.261891e-07 
-9.774719e-08 2.846818e-07 0.000000e+00 0.000000e+00 0.000000e+00 -2.671241e-07 
1.893820e-07 7.874713e-08 0.000000e+00 0.000000e+00 0.000000e+00 3.617415e-07 
8.277242e-08 -1.802258e-07 0.000000e+00 0.000000e+00 0.000000e+00 -1.203136e-07 
-6.773268e-08 6.683532e-08 0.000000e+00 0.000000e+00 0.000000e+00 -6.398625e-08 
-1.504339e-07 -4.547513e-08 0.000000e+00 0.000000e+00 0.000000e+00 -3.367715e-07 
2.489170e-07 -4.288874e-09 0.000000e+00 0.000000e+00 0.000000e+00 4.895994e-07 
2.575083e-07 -4.388977e-09 0.000000e+00 0.000000e+00 0.000000e+00 3.882829e-07 
1.063035e-07 1.210643e-07 0.000000e+00 0.000000e+00 0.000000e+00 -1.520071e-07 
2.387096e-07 -1.464087e-08 0.000000e+00 0.000000e+00 0.000000e+00 -3.827551e-10 
4.039772e-08 -1.598191e-07 0.000000e+00 0.000000e+00 0.000000e+00 1.677291e-07 
-2.662743e-07 3.667512e-07 0.000000e+00 0.000000e+00 0.000000e+00 2.659748e-07 
1.587217e-08 4.562725e-07 0.000000e+00 0.000000e+00 0.000000e+00 6.560174e-07 
1.361873e-07 -6.951829e-08 0.000000e+00 0.000000e+00 0.000000e+00 -7.104009e-08 
6.562053e-09 -2.074493e-10 0.000000e+00 0.000000e+00 0.000000e+00 1.679281e-08 
-3.524433e-07 -2.643818e-08 0.000000e+00 0.000000e+00 0.000000e+00 -3.089028e-07 
-1.564846e-07 1.173415e-07 0.000000e+00 0.000000e+00 0.000000e+00 9.420346e-09 
-7.484807e-08 -2.083327e-07 0.000000e+00 0.000000e+00 0.000000e+00 -1.561253e-07 
3.631269e-07 -2.089626e-07 0.000000e+00 0.000000e+00 0.000000e+00 -9.521664e-08 
2.194915e-08 1.378923e-07 0.000000e+00 0.000000e+00 0.000000e+00 4.392691e-08 
3.001474e-08 -2.250452e-07 0.000000e+00 0.000000e+00 0.000000e+00 -3.665803e-07 
-1.949341e-07 1.549422e-07 0.000000e+00 0.000000e+00 0.000000e+00 -1.107767e-08 
4.713282e-08 1.911291e-07 0.000000e+00 0.000000e+00 0.000000e+00 1.829408e-07 
5.355400e-08 2.633771e-07 0.000000e+00 0.000000e+00 0.000000e+00 4.449985e-08 
-4.620051e-07 2.271613e-07 0.000000e+00 0.000000e+00 0.000000e+00 -1.453867e-07 
2.404093e-07 2.044013e-07 0.000000e+00 0.000000e+00 0.000000e+00 2.115519e-07 
2.879753e-07 -7.716468e-09 0.000000e+00 0.000000e+00 0.000000e+00 1.090843e-07 
1.610703e-07 -1.571961e-07 0.000000e+00 0.000000e+00 0.000000e+00 -2.655360e-08 
1.977591e-07 -1.450352e-07 0.000000e+00 0.000000e+00 0.000000e+00 -2.380016e-07 
-1.800702e-07 3.206730e-07 0.000000e+00 0.000000e+00 0.000000e+00 1.551863e-07 
1.216178e-07 -6.953141e-08 0.000000e+00 0.000000e+00 0.000000e+00 8.273389e-08 
-1.303415e-07 -1.845836e-08 0.000000e+00 0.000000e+00 0.000000e+00 1.771476e-07 
-9.548460e-08 -1.671797e-07 0.000000e+00 0.000000e+00 0.000000e+00 -2.069169e-07 
-1.089958e-07 4.674188e-08 0.000000e+00 0.000000e+00 0.000000e+00 4.415466e-08 
-1.110140e-07 2.819758e-07 0.000000e+00 0.000000e+00 0.000000e+00 1.332326e-07 
-1.835067e-07 8.451313e-08 0.000000e+00 0.000000e+00 0.000000e+00 8.078624e-09 
-1.563460e-07 2.575855e-07 0.000000e+00 0.000000e+00 0.000000e+00 1.291233e-07 
-2.527666e-07 1.759488e-07 0.000000e+00 0.000000e+00 0.000000e+00 4.301447e-08 
-5.863331e-08 -1.229647e-08 0.000000e+00 0.000000e+00 0.000000e+00 -8.712746e-08 
1.956999e-07 -2.674450e-07 0.000000e+00 0.000000e+00 0.000000e+00 -3.114058e-07 
1.385949e-08 2.154187e-07 0.000000e+00 0.000000e+00 0.000000e+00 1.263214e-08 
-2.673996e-07 1.241036e-07 0.000000e+00 0.000000e+00 0.000000e+00 -6.462896e-08 
3.182172e-07 4.069783e-07 0.000000e+00 0.000000e+00 0.000000e+00 5.077503e-07 
-1.906547e-07 5.103420e-08 0.000000e+00 0.000000e+00 0.000000e+00 6.793972e-08 
-9.765632e-08 1.665567e-07 0.000000e+00 0.000000e+00 0.000000e+00 2.352016e-07 
1.723497e-07 5.905014e-08 0.000000e+00 0.000000e+00 0.000000e+00 2.365741e-07 
1.192570e-07 3.781111e-07 0.000000e+00 0.000000e+00 0.000000e+00 3.978182e-07 
3.176299e-08 -2.571625e-07 0.000000e+00 0.000000e+00 0.000000e+00 -1.900330e-07 
1.942139e-07 -2.417496e-08 0.000000e+00 0.000000e+00 0.000000e+00 -1.701103e-07 
-1.762129e-07 1.330879e-07 0.000000e+00 0.000000e+00 0.000000e+00 1.908869e-08 
2.643535e-07 -1.561853e-07 0.000000e+00 0.000000e+00 0.000000e+00 9.919682e-08 
-2.099465e-08 7.267086e-08 0.000000e+00 0.000000e+00 0.000000e+00 -8.783805e-08 
2.021137e-07 1.170150e-07 0.000000e+00 0.000000e+00 0.000000e+00 3.212492e-07 
-2.018012e-07 2.530377e-07 0.000000e+00 0.000000e+00 0.000000e+00 2.187467e-07 
2.005376e-08 -4.218018e-08 0.000000e+00 0.000000e+00 0.000000e+00 -4.452908e-08 
-1.988709e-07 1.381978e-07 0.000000e+00 0.000000e+00 0.000000e+00 9.974039e-08 
9.237025e-08 -1.367769e-09 0.000000e+00 0.000000e+00 0.000000e+00 7.409851e-08 
2.006518e-07 2.754164e-07 0.000000e+00 0.000000e+00 0.000000e+00 2.568407e-07 
-1.967679e-07 3.209591e-07 0.000000e+00 0.000000e+00 0.000000e+00 1.995021e-07 
5.520757e-08 2.802985e-07 0.000000e+00 0.000000e+00 0.000000e+00 3.317207e-07 
-1.901160e-07 1.111487e-08 0.000000e+00 0.000000e+00 0.000000e+00 -4.342087e-08 
-1.191754e-07 -1.717047e-07 0.000000e+00 0.000000e+00 0.000000e+00 -1.263700e-08 
-4.457999e-09 1.472637e-08 0.000000e+00 0.000000e+00 0.000000e+00 -5.173497e-08 
-2.007235e-07 2.733257e-07 0.000000e+00 0.000000e+00 0.000000e+00 1.242798e-07 
-1.683615e-07 -8.151288e-08 0.000000e+00 0.000000e+00 0.000000e+00 -1.241900e-07 
-4.339309e-09 1.747779e-07 0.000000e+00 0.000000e+00 0.000000e+00 8.074417e-08 
1.067543e-07 -7.285685e-08 0.000000e+00 0.000000e+00 0.000000e+00 -4.114307e-08 
7.178715e-08 2.884031e-07 0.000000e+00 0.000000e+00 0.000000e+00 2.547411e-07 
8.979450e-08 2.011732e-07 0.000000e+00 0.000000e+00 0.000000e+00 2.659485e-07 
7.688215e-08 4.435345e-08 0.000000e+00 0.000000e+00 0.000000e+00 1.405087e-07 
1.462371e-07 1.250353e-07 0.000000e+00 0.000000e+00 0.000000e+00 3.052637e-07 
-1.805872e-08 7.956366e-08 0.000000e+00 0.000000e+00 0.000000e+00 -5.619963e-10 
2.693302e-08 2.910006e-07 0.000000e+00 0.000000e+00 0.000000e+00 2.672693e-07 
3.720621e-09 -4.880210e-08 0.000000e+00 0.000000e+00 0.000000e+00 -1.595173e-08 
-2.283038e-08 -2.079687e-07 0.000000e+00 0.000000e+00 0.000000e+00 -1.416358e-07 
5.436634e-08 2.515030e-07 0.000000e+00 0.000000e+00 0.000000e+00 1.993942e-07 
1.630131e-07 2.682031e-07 0.000000e+00 0.000000e+00 0.000000e+00 3.422232e-07 
4.313892e-08 2.905941e-07 0.000000e+00 0.000000e+00 0.000000e+00 3.259830e-07 
-4.183903e-08 -4.090778e-08 0.000000e+00 0.000000e+00 0.000000e+00 -4.252287e-08 
1.111160e-07 1.877786e-07 0.000000e+00 0.000000e+00 0.000000e+00 2.187264e-07 
7.513503e-08 -9.422319e-08 0.000000e+00 0.000000e+00 0.000000e+00 3.456243e-08 
1.305700e-07 2.054545e-07 0.000000e+00 0.000000e+00 0.000000e+00 3.028859e-07 
3.722622e-08 6.702708e-08 0.000000e+00 0.000000e+00 0.000000e+00 1.173735e-07 
1.271158e-07 -1.246206e-07 0.000000e+00 0.000000e+00 0.000000e+00 1.936856e-08 
2.409028e-08 1.233836e-07 0.000000e+00 0.000000e+00 0.000000e+00 8.542136e-08 
5.170793e-08 -1.088287e-08 0.000000e+00 0.000000e+00 0.000000e+00 -7.865484e-09 
-1.267506e-09 1.743847e-07 0.000000e+00 0.000000e+00 0.000000e+00 9.953085e-08 
-1.482405e-08 -1.698614e-07 0.000000e+00 0.000000e+00 0.000000e+00 -1.043867e-07 
1.005549e-08 -7.896230e-08 0.000000e+00 0.000000e+00 0.000000e+00 5.543113e-09 
-6.770594e-08 -1.898047e-07 0.000000e+00 0.000000e+00 0.000000e+00 -1.714355e-07 
-2.480538e-08 5.875859e-08 0.000000e+00 0.000000e+00 0.000000e+00 -3.991552e-08 
-4.505595e-09 1.440844e-07 0.000000e+00 0.000000e+00 0.000000e+00 1.418925e-07 
1.205309e-09 7.262283e-08 0.000000e+00 0.000000e+00 0.000000e+00 9.369962e-08 
6.845223e-08 1.439048e-07 0.000000e+00 0.000000e+00 0.000000e+00 1.538388e-07 
1.560778e-07 6.473825e-08 0.000000e+00 0.000000e+00 0.000000e+00 2.582522e-07 
8.138614e-08 3.640778e-08 0.000000e+00 0.000000e+00 0.000000e+00 1.004248e-07 
6.308079e-08 8.506297e-08 0.000000e+00 0.000000e+00 0.000000e+00 8.094609e-08 
-7.987032e-09 2.040812e-07 0.000000e+00 0.000000e+00 0.000000e+00 6.088691e-08 
6.780203e-08 6.933507e-08 0.000000e+00 0.000000e+00 0.000000e+00 5.952464e-08 
6.505537e-08 2.522515e-07 0.000000e+00 0.000000e+00 0.000000e+00 1.927294e-07 
1.790425e-07 8.619457e-08 0.000000e+00 0.000000e+00 0.000000e+00 3.122317e-07 
7.684794e-09 7.940707e-08 0.000000e+00 0.000000e+00 0.000000e+00 1.330372e-08 
9.107027e-08 6.460524e-08 0.000000e+00 0.000000e+00 0.000000e+00 1.189711e-07 
8.828771e-08 -7.084686e-08 0.000000e+00 0.000000e+00 0.000000e+00 6.722574e-08 
1.746167e-08 -9.016698e-08 0.000000e+00 0.000000e+00 0.000000e+00 9.291568e-09 
-4.154265e-08 1.624423e-08 0.000000e+00 0.000000e+00 0.000000e+00 -4.682481e-09 
1.160769e-07 -3.682580e-08 0.000000e+00 0.000000e+00 0.000000e+00 1.735412e-07 
2.914673e-08 1.790212e-07 0.000000e+00 0.000000e+00 0.000000e+00 1.212508e-07 
1.499767e-08 7.745131e-08 0.000000e+00 0.000000e+00 0.000000e+00 8.052406e-08 
1.441827e-07 3.794130e-08 0.000000e+00 0.000000e+00 0.000000e+00 1.795555e-07 
7.564454e-08 1.231088e-07 0.000000e+00 0.000000e+00 0.000000e+00 1.454438e-07 
5.709977e-08 1.421503e-07 0.000000e+00 0.000000e+00 0.000000e+00 1.636920e-07 
-4.078231e-08 -1.898033e-08 0.000000e+00 0.000000e+00 0.000000e+00 -6.911921e-09 
-2.437259e-08 -4.210898e-08 0.000000e+00 0.000000e+00 0.000000e+00 -5.848783e-08 
7.131618e-08 -6.146559e-09 0.000000e+00 0.000000e+00 0.000000e+00 1.982704e-08 
7.339075e-08 3.489253e-08 0.000000e+00 0.000000e+00 0.000000e+00 5.976913e-08 
9.274213e-08 7.243217e-08 0.000000e+00 0.000000e+00 0.000000e+00 1.232571e-07 
1.116369e-07 3.744724e-08 0.000000e+00 0.000000e+00 0.000000e+00 1.876734e-07 
1.535766e-07 1.543737e-07 0.000000e+00 0.000000e+00 0.000000e+00 3.075896e-07 
1.773504e-07 1.081342e-07 0.000000e+00 0.000000e+00 0.000000e+00 2.632198e-07 
5.173628e-08 1.130203e-07 0.000000e+00 0.000000e+00 0.000000e+00 1.544935e-07 
1.633900e-07 2.048055e-07 0.000000e+00 0.000000e+00 0.000000e+00 3.154637e-07 
-2.952767e-08 1.373479e-07 0.000000e+00 0.000000e+00 0.000000e+00 6.121561e-10 
6.552494e-08 1.512803e-07 0.000000e+00 0.000000e+00 0.000000e+00 1.345035e-07 
-3.972842e-08 1.168298e-08 0.000000e+00 0.000000e+00 0.000000e+00 2.474845e-09 
7.309275e-08 2.367705e-08 0.000000e+00 0.000000e+00 0.000000e+00 9.346038e-08 
-7.293155e-09 -4.616089e-09 0.000000e+00 0.000000e+00 0.000000e+00 -1.373274e-08 
2.149421e-08 7.790388e-08 0.000000e+00 0.000000e+00 0.000000e+00 1.474905e-07 
-1.366919e-08 3.015093e-08 0.000000e+00 0.000000e+00 0.000000e+00 9.893517e-09 
5.015859e-08 1.541941e-07 0.000000e+00 0.000000e+00 0.000000e+00 1.151319e-07 
5.482188e-08 1.813060e-07 0.000000e+00 0.000000e+00 0.000000e+00 1.625058e-07 
-1.956287e-08 1.718590e-08 0.000000e+00 0.000000e+00 0.000000e+00 1.146741e-08 
3.554652e-10 7.962680e-08 0.000000e+00 0.000000e+00 0.000000e+00 4.608047e-08 
8.367606e-08 1.393323e-07 0.000000e+00 0.000000e+00 0.000000e+00 1.743174e-07 
1.218665e-07 1.126764e-07 0.000000e+00 0.000000e+00 0.000000e+00 2.045718e-07 
5.251948e-08 1.187820e-07 0.000000e+00 0.000000e+00 0.000000e+00 7.970055e-08 
1.356402e-07 4.986171e-08 0.000000e+00 0.000000e+00 0.000000e+00 1.656913e-07 
1.250577e-07 1.347750e-07 0.000000e+00 0.000000e+00 0.000000e+00 1.567084e-07 
5.440046e-08 1.464113e-07 0.000000e+00 0.000000e+00 0.000000e+00 1.095789e-07 
-7.448344e-09 9.294600e-08 0.000000e+00 0.000000e+00 0.000000e+00 3.147946e-08 
1.152501e-08 1.023347e-07 0.000000e+00 0.000000e+00 0.000000e+00 1.030793e-07 
6.173156e-08 1.295243e-07 0.000000e+00 0.000000e+00 0.000000e+00 1.273734e-07 
1.318300e-07 1.229498e-07 0.000000e+00 0.000000e+00 0.000000e+00 1.479057e-07 
1.506212e-07 9.763741e-08 0.000000e+00 0.000000e+00 0.000000e+00 2.264980e-07 
-2.471630e-08 5.097016e-08 0.000000e+00 0.000000e+00 0.000000e+00 1.587288e-08 
4.461513e-08 9.353348e-08 0.000000e+00 0.000000e+00 0.000000e+00 9.973071e-08 
7.031677e-08 1.103444e-07 0.000000e+00 0.000000e+00 0.000000e+00 1.657408e-07 
7.051002e-08 3.051550e-08 0.000000e+00 0.000000e+00 0.000000e+00 4.531868e-08 
3.317579e-08 6.004862e-08 0.000000e+00 0.000000e+00 0.000000e+00 6.194651e-08 
2.695673e-08 9.016720e-08 0.000000e+00 0.000000e+00 0.000000e+00 1.325092e-07 
8.483632e-08 1.255747e-07 0.000000e+00 0.000000e+00 0.000000e+00 1.392854e-07 
9.480456e-08 9.938577e-08 0.000000e+00 0.000000e+00 0.000000e+00 1.564334e-07 
6.481168e-08 1.036535e-07 0.000000e+00 0.000000e+00 0.000000e+00 7.781755e-08 
9.799488e-08 1.680691e-07 0.000000e+00 0.000000e+00 0.000000e+00 2.283075e-07 
9.646388e-08 4.446491e-08 0.000000e+00 0.000000e+00 0.000000e+00 1.102829e-07 
6.549146e-08 1.340362e-07 0.000000e+00 0.000000e+00 0.000000e+00 1.693207e-07 
9.161133e-08 1.368924e-07 0.000000e+00 0.000000e+00 0.000000e+00 1.517050e-07 
9.444862e-08 1.520874e-07 0.000000e+00 0.000000e+00 0.000000e+00 1.944643e-07 
8.563929e-08 1.212148e-07 0.000000e+00 0.000000e+00 0.000000e+00 1.148666e-07 
7.467453e-08 6.391047e-08 0.000000e+00 0.000000e+00 0.000000e+00 1.656226e-07 
8.330027e-08 1.195779e-07 0.000000e+00 0.000000e+00 0.000000e+00 1.536925e-07 
1.009543e-07 8.490698e-08 0.000000e+00 0.000000e+00 0.000000e+00 1.452751e-07 
6.517192e-08 8.281060e-08 0.000000e+00 0.000000e+00 0.000000e+00 9.988768e-08 
3.966067e-08 1.333465e-07 0.000000e+00 0.000000e+00 0.000000e+00 1.375034e-07 
6.842130e-08 9.590924e-08 0.000000e+00 0.000000e+00 0.000000e+00 1.259563e-07 
1.087604e-07 1.492018e-07 0.000000e+00 0.000000e+00 0.000000e+00 1.779822e-07 
1.047375e-07 1.342250e-07 0.000000e+00 0.000000e+00 0.000000e+00 1.805951e-07 
7.135957e-08 1.292135e-07 0.000000e+00 0.000000e+00 0.000000e+00 1.395381e-07 
1.091335e-07 1.475069e-07 0.000000e+00 0.000000e+00 0.000000e+00 1.818674e-07 
1.054866e-07 1.078773e-07 0.000000e+00 0.000000e+00 0.000000e+00 1.585545e-07 
7.421207e-08 1.025999e-07 0.000000e+00 0.000000e+00 0.000000e+00 1.369096e-07 
1.042672e-07 9.767528e-08 0.000000e+00 0.000000e+00 0.000000e+00 1.458265e-07 
8.485348e-08 1.423910e-07 0.000000e+00 0.000000e+00 0.000000e+00 1.714707e-07 
8.992649e-08 6.641264e-08 0.000000e+00 0.000000e+00 0.000000e+00 1.187559e-07 
6.950759e-08 7.946212e-08 0.000000e+00 0.000000e+00 0.000000e+00 1.241442e-07 
5.263105e-08 1.232991e-07 0.000000e+00 0.000000e+00 0.000000e+00 1.407052e-07 
1.043931e-07 8.816175e-08 0.000000e+00 0.000000e+00 0.000000e+00 1.355595e-07 
9.669694e-08 1.264431e-07 0.000000e+00 0.000000e+00 0.000000e+00 1.740465e-07 
7.903533e-08 8.184543e-08 0.000000e+00 0.000000e+00 0.000000e+00 1.350953e-07 
8.523200e-08 1.260531e-07 0.000000e+00 0.000000e+00 0.000000e+00 1.642845e-07 
7.646946e-08 1.134457e-07 0.000000e+00 0.000000e+00 0.000000e+00 1.420930e-07 
7.335349e-08 1.095155e-07 0.000000e+00 0.000000e+00 0.000000e+00 1.367136e-07 
6.881277e-08 8.548801e-08 0.000000e+00 0.000000e+00 0.000000e+00 1.223478e-07 
8.449581e-08 1.156404e-07 0.000000e+00 0.000000e+00 0.000000e+00 1.596600e-07 
8.442521e-08 9.923780e-08 0.000000e+00 0.000000e+00 0.000000e+00 1.498195e-07 
8.533277e-08 1.045463e-07 0.000000e+00 0.000000e+00 0.000000e+00 1.575773e-07 
8.146241e-08 1.116780e-07 0.000000e+00 0.000000e+00 0.000000e+00 1.498459e-07 
8.124706e-08 1.218835e-07 0.000000e+00 0.000000e+00 0.000000e+00 1.500422e-07 
7.996149e-08 1.116341e-07 0.000000e+00 0.000000e+00 0.000000e+00 1.503291e-07 
9.086517e-08 1.183489e-07 0.000000e+00 0.000000e+00 0.000000e+00 1.592920e-07 
8.818934e-08 1.162779e-07 0.000000e+00 0.000000e+00 0.000000e+00 1.551120e-07 
9.909515e-08 1.081414e-07 0.000000e+00 0.000000e+00 0.000000e+00 1.695873e-07 
8.998036e-08 1.018354e-07 0.000000e+00 0.000000e+00 0.000000e+00 1.507092e-07 
8.142489e-08 1.150556e-07 0.000000e+00 0.000000e+00 0.000000e+00 1.530860e-07 
9.045281e-08 1.027315e-07 0.000000e+00 0.000000e+00 0.000000e+00 1.493598e-07 
8.940651e-08 1.120943e-07 0.000000e+00 0.000000e+00 0.000000e+00 1.586204e-07 
9.537314e-08 1.165867e-07 0.000000e+00 0.000000e+00 0.000000e+00 1.599339e-07 
9.516765e-08 1.178442e-07 0.000000e+00 0.000000e+00 0.000000e+00 1.662636e-07 
8.787257e-08 1.152791e-07 0.000000e+00 0.000000e+00 0.000000e+00 1.591728e-07 
9.381081e-08 1.166610e-07 0.000000e+00 0.000000e+00 0.000000e+00 1.650289e-07 
9.396511e-08 1.091481e-07 0.000000e+00 0.000000e+00 0.000000e+00 1.613188e-07 
8.896399e-08 1.151203e-07 0.000000e+00 0.000000e+00 0.000000e+00 1.612758e-07 
9.059823e-08 1.100372e-07 0.000000e+00 0.000000e+00 0.000000e+00 1.612142e-07 
9.275824e-08 1.075673e-07 0.000000e+00 0.000000e+00 0.000000e+00 1.564262e-07 
9.080424e-08 1.083975e-07 0.000000e+00 0.000000e+00 0.000000e+00 1.603032e-07 
9.090538e-08 1.135073e-07 0.000000e+00 0.000000e+00 0.000000e+00 1.611563e-07 
9.029792e-08 1.141809e-07 0.000000e+00 0.000000e+00 0.000000e+00 1.628958e-07 
9.211929e-08 1.094363e-07 0.000000e+00 0.000000e+00 0.000000e+00 1.597647e-07 
9.260724e-08 1.094582e-07 0.000000e+00 0.000000e+00 0.000000e+00 1.601926e-07 
9.311819e-08 1.108190e-07 0.000000e+00 0.000000e+00 0.000000e+00 1.616039e-07 
9.187510e-08 1.112905e-07 0.000000e+00 0.000000e+00 0.000000e+00 1.611231e-07 
9.224986e-08 1.111719e-07 0.000000e+00 0.000000e+00 0.000000e+00 1.610822e-07 
9.333657e-08 1.118274e-07 0.000000e+00 0.000000e+00 0.000000e+00 1.621856e-07 
9.290018e-08 1.118630e-07 0.000000e+00 0.000000e+00 0.000000e+00 1.618722e-07 
9.288388e-08 1.115946e-07 0.000000e+00 0.000000e+00 0.000000e+00 1.617016e-07 
9.284048e-08 1.117687e-07 0.000000e+00 0.000000e+00 0.000000e+00 1.617859e-07 
9.299943e-08 1.116715e-07 0.000000e+00 0.000000e+00 0.000000e+00 1.618908e-07 
9.262606e-08 1.120667e-07 0.000000e+00 0.000000e+00 0.000000e+00 1.619538e-07 
9.272273e-08 1.117310e-07 0.000000e+00 0.000000e+00 0.000000e+00 1.615742e-07 
9.258840e-08 1.114408e-07 0.000000e+00 0.000000e+00 0.000000e+00 1.612881e-07 
9.373976e-08 1.121856e-07 0.000000e+00 0.000000e+00 0.000000e+00 1.628549e-07 
9.311991e-08 1.126469e-07 0.000000e+00 0.000000e+00 0.000000e+00 1.626730e-07 
9.205298e-08 1.116048e-07 0.000000e+00 0.000000e+00 0.000000e+00 1.605826e-07 
9.276576e-08 1.122250e-07 0.000000e+00 0.000000e+00 0.000000e+00 1.619132e-07 
