0.000000e+00 0.000000e+00 0.000000e+00 0.000000e+00 0.000000e+00 0.000000e+00 0.000000e+00 0.000000e+00 0.000000e+00 0.000000e+00 0.000000e+00 0.000000e+00 0.000000e+00 
1.000000e-01 -1.624088e-09 3.776530e-09 0.000000e+00 2.918448e-08 0.000000e+00 0.000000e+00 -4.872189e-08 1.132943e-07 0.000000e+00 8.755216e-07 0.000000e+00 0.000000e+00 
2.000000e-01 -1.299042e-08 3.020849e-08 0.000000e+00 2.334458e-07 0.000000e+00 0.000000e+00 -1.948632e-07 4.531285e-07 0.000000e+00 3.501706e-06 0.000000e+00 0.000000e+00 
3.000000e-01 -4.384083e-08 1.019474e-07 0.000000e+00 7.878325e-07 0.000000e+00 0.000000e+00 -4.383547e-07 1.019356e-06 0.000000e+00 7.877405e-06 0.000000e+00 0.000000e+00 
4.000000e-01 -1.039045e-07 2.416213e-07 0.000000e+00 1.867208e-06 0.000000e+00 0.000000e+00 -7.790683e-07 1.811735e-06 0.000000e+00 1.400072e-05 0.000000e+00 0.000000e+00 
5.000000e-01 -2.028911e-07 4.718251e-07 0.000000e+00 3.646170e-06 0.000000e+00 0.000000e+00 -1.216810e-06 2.829936e-06 0.000000e+00 2.186902e-05 0.000000e+00 0.000000e+00 
6.000000e-01 -3.504912e-07 8.151206e-07 0.000000e+00 6.299054e-06 0.000000e+00 0.000000e+00 -1.751321e-06 4.073538e-06 0.000000e+00 3.147892e-05 0.000000e+00 0.000000e+00 
7.000000e-01 -5.559203e-07 1.293836e-06 0.000000e+00 9.997838e-06 0.000000e+00 0.000000e+00 -2.382106e-06 5.542107e-06 0.000000e+00 4.282662e-05 0.000000e+00 0.000000e+00 
8.000000e-01 -8.286753e-07 1.930395e-06 0.000000e+00 1.491559e-05 0.000000e+00 0.000000e+00 -3.108709e-06 7.235071e-06 0.000000e+00 5.590737e-05 0.000000e+00 0.000000e+00 
9.000000e-01 -1.178734e-06 2.747378e-06 0.000000e+00 2.122720e-05 0.000000e+00 0.000000e+00 -3.930773e-06 9.151688e-06 0.000000e+00 7.071535e-05 0.000000e+00 0.000000e+00 
1.000000e+00 -1.615915e-06 3.767239e-06 0.000000e+00 2.910644e-05 0.000000e+00 0.000000e+00 -4.847809e-06 1.129116e-05 0.000000e+00 8.724410e-05 0.000000e+00 0.000000e+00 
1.100000e+00 -2.149875e-06 5.012304e-06 0.000000e+00 3.872591e-05 0.000000e+00 0.000000e+00 -5.859186e-06 1.365262e-05 0.000000e+00 1.054865e-04 0.000000e+00 0.000000e+00 
1.200000e+00 -2.790113e-06 6.504772e-06 0.000000e+00 5.025706e-05 0.000000e+00 0.000000e+00 -6.964140e-06 1.623515e-05 0.000000e+00 1.254349e-04 0.000000e+00 0.000000e+00 
1.300000e+00 -3.545968e-06 8.266713e-06 0.000000e+00 6.387019e-05 0.000000e+00 0.000000e+00 -8.161767e-06 1.903778e-05 0.000000e+00 1.470810e-04 0.000000e+00 0.000000e+00 
1.400000e+00 -4.426618e-06 1.032007e-05 0.000000e+00 7.973446e-05 0.000000e+00 0.000000e+00 -9.451028e-06 2.205946e-05 0.000000e+00 1.704158e-04 0.000000e+00 0.000000e+00 
1.500000e+00 -5.441080e-06 1.268666e-05 0.000000e+00 9.801787e-05 0.000000e+00 0.000000e+00 -1.083075e-05 2.529912e-05 0.000000e+00 1.954297e-04 0.000000e+00 0.000000e+00 
1.600000e+00 -6.598214e-06 1.538817e-05 0.000000e+00 1.188873e-04 0.000000e+00 0.000000e+00 -1.229961e-05 2.875558e-05 0.000000e+00 2.221125e-04 0.000000e+00 0.000000e+00 
1.700000e+00 -7.906718e-06 1.844615e-05 0.000000e+00 1.425083e-04 0.000000e+00 0.000000e+00 -1.385616e-05 3.242765e-05 0.000000e+00 2.504534e-04 0.000000e+00 0.000000e+00 
1.800000e+00 -9.375131e-06 2.188205e-05 0.000000e+00 1.690457e-04 0.000000e+00 0.000000e+00 -1.549883e-05 3.631404e-05 0.000000e+00 2.804410e-04 0.000000e+00 0.000000e+00 
1.900000e+00 -1.101183e-05 2.571716e-05 0.000000e+00 1.986626e-04 0.000000e+00 0.000000e+00 -1.722587e-05 4.041344e-05 0.000000e+00 3.120632e-04 0.000000e+00 0.000000e+00 
2.000000e+00 -1.282504e-05 2.997266e-05 0.000000e+00 2.315215e-04 0.000000e+00 0.000000e+00 -1.903543e-05 4.472445e-05 0.000000e+00 3.453073e-04 0.000000e+00 0.000000e+00 
2.100000e+00 -1.482281e-05 3.466960e-05 0.000000e+00 2.677833e-04 0.000000e+00 0.000000e+00 -2.092551e-05 4.924562e-05 0.000000e+00 3.801599e-04 0.000000e+00 0.000000e+00 
2.200000e+00 -1.701304e-05 3.982890e-05 0.000000e+00 3.076080e-04 0.000000e+00 0.000000e+00 -2.289397e-05 5.397546e-05 0.000000e+00 4.166072e-04 0.000000e+00 0.000000e+00 
2.300000e+00 -1.940348e-05 4.547135e-05 0.000000e+00 3.511545e-04 0.000000e+00 0.000000e+00 -2.493855e-05 5.891240e-05 0.000000e+00 4.546345e-04 0.000000e+00 0.000000e+00 
2.400000e+00 -2.200170e-05 5.161761e-05 0.000000e+00 3.985803e-04 0.000000e+00 0.000000e+00 -2.705683e-05 6.405481e-05 0.000000e+00 4.942268e-04 0.000000e+00 0.000000e+00 
2.500000e+00 -2.481512e-05 5.828823e-05 0.000000e+00 4.500420e-04 0.000000e+00 0.000000e+00 -2.924627e-05 6.940101e-05 0.000000e+00 5.353680e-04 0.000000e+00 0.000000e+00 
2.600000e+00 -2.785100e-05 6.550362e-05 0.000000e+00 5.056949e-04 0.000000e+00 0.000000e+00 -3.150418e-05 7.494928e-05 0.000000e+00 5.780420e-04 0.000000e+00 0.000000e+00 
2.700000e+00 -3.111645e-05 7.328405e-05 0.000000e+00 5.656932e-04 0.000000e+00 0.000000e+00 -3.382774e-05 8.069780e-05 0.000000e+00 6.222314e-04 0.000000e+00 0.000000e+00 
2.800000e+00 -3.461764e-05 8.164939e-05 0.000000e+00 6.301871e-04 0.000000e+00 0.000000e+00 -3.621395e-05 8.664472e-05 0.000000e+00 6.679191e-04 0.000000e+00 0.000000e+00 
2.900000e+00 -3.835969e-05 9.061898e-05 0.000000e+00 6.993213e-04 0.000000e+00 0.000000e+00 -3.865947e-05 9.278824e-05 0.000000e+00 7.150874e-04 0.000000e+00 0.000000e+00 
3.000000e+00 -4.234882e-05 1.002125e-04 0.000000e+00 7.732447e-04 0.000000e+00 0.000000e+00 -4.116081e-05 9.912650e-05 0.000000e+00 7.637178e-04 0.000000e+00 0.000000e+00 
3.100000e+00 -4.659085e-05 1.104496e-04 0.000000e+00 8.521038e-04 0.000000e+00 0.000000e+00 -4.371434e-05 1.056576e-04 0.000000e+00 8.137914e-04 0.000000e+00 0.000000e+00 
3.200000e+00 -5.109107e-05 1.213495e-04 0.000000e+00 9.360428e-04 0.000000e+00 0.000000e+00 -4.631625e-05 1.123797e-04 0.000000e+00 8.652885e-04 0.000000e+00 0.000000e+00 
3.300000e+00 -5.585428e-05 1.329313e-04 0.000000e+00 1.025203e-03 0.000000e+00 0.000000e+00 -4.896258e-05 1.192907e-04 0.000000e+00 9.181893e-04 0.000000e+00 0.000000e+00 
3.400000e+00 -6.088477e-05 1.452137e-04 0.000000e+00 1.119726e-03 0.000000e+00 0.000000e+00 -5.164921e-05 1.263886e-04 0.000000e+00 9.724730e-04 0.000000e+00 0.000000e+00 
3.500000e+00 -6.618636e-05 1.582154e-04 0.000000e+00 1.219746e-03 0.000000e+00 0.000000e+00 -5.437188e-05 1.336713e-04 0.000000e+00 1.028119e-03 0.000000e+00 0.000000e+00 
3.600000e+00 -7.176233e-05 1.719547e-04 0.000000e+00 1.325400e-03 0.000000e+00 0.000000e+00 -5.712614e-05 1.411366e-04 0.000000e+00 1.085105e-03 0.000000e+00 0.000000e+00 
3.700000e+00 -7.761548e-05 1.864497e-04 0.000000e+00 1.436820e-03 0.000000e+00 0.000000e+00 -5.990742e-05 1.487823e-04 0.000000e+00 1.143410e-03 0.000000e+00 0.000000e+00 
3.800000e+00 -8.374811e-05 2.017183e-04 0.000000e+00 1.554136e-03 0.000000e+00 0.000000e+00 -6.271095e-05 1.566062e-04 0.000000e+00 1.203010e-03 0.000000e+00 0.000000e+00 
3.900000e+00 -9.016202e-05 2.177781e-04 0.000000e+00 1.677477e-03 0.000000e+00 0.000000e+00 -6.553184e-05 1.646059e-04 0.000000e+00 1.263884e-03 0.000000e+00 0.000000e+00 
4.000000e+00 -9.685851e-05 2.346465e-04 0.000000e+00 1.806966e-03 0.000000e+00 0.000000e+00 -6.836502e-05 1.727790e-04 0.000000e+00 1.326007e-03 0.000000e+00 0.000000e+00 
4.100000e+00 -1.038384e-04 2.523407e-04 0.000000e+00 1.942729e-03 0.000000e+00 0.000000e+00 -7.120527e-05 1.811232e-04 0.000000e+00 1.389355e-03 0.000000e+00 0.000000e+00 
4.200000e+00 -1.111019e-04 2.708776e-04 0.000000e+00 2.084885e-03 0.000000e+00 0.000000e+00 -7.404720e-05 1.896359e-04 0.000000e+00 1.453904e-03 0.000000e+00 0.000000e+00 
4.300000e+00 -1.186488e-04 2.902740e-04 0.000000e+00 2.233553e-03 0.000000e+00 0.000000e+00 -7.688530e-05 1.983146e-04 0.000000e+00 1.519629e-03 0.000000e+00 0.000000e+00 
4.400000e+00 -1.264786e-04 3.105461e-04 0.000000e+00 2.388849e-03 0.000000e+00 0.000000e+00 -7.971385e-05 2.071568e-04 0.000000e+00 1.586504e-03 0.000000e+00 0.000000e+00 
4.500000e+00 -1.345898e-04 3.317104e-04 0.000000e+00 2.550888e-03 0.000000e+00 0.000000e+00 -8.252701e-05 2.161596e-04 0.000000e+00 1.654504e-03 0.000000e+00 0.000000e+00 
4.600000e+00 -1.429809e-04 3.537827e-04 0.000000e+00 2.719780e-03 0.000000e+00 0.000000e+00 -8.531876e-05 2.253206e-04 0.000000e+00 1.723602e-03 0.000000e+00 0.000000e+00 
4.700000e+00 -1.516497e-04 3.767788e-04 0.000000e+00 2.895635e-03 0.000000e+00 0.000000e+00 -8.808294e-05 2.346368e-04 0.000000e+00 1.793770e-03 0.000000e+00 0.000000e+00 
4.800000e+00 -1.605933e-04 4.007142e-04 0.000000e+00 3.078560e-03 0.000000e+00 0.000000e+00 -9.081323e-05 2.441056e-04 0.000000e+00 1.864982e-03 0.000000e+00 0.000000e+00 
4.900000e+00 -1.698087e-04 4.256041e-04 0.000000e+00 3.268659e-03 0.000000e+00 0.000000e+00 -9.350313e-05 2.537239e-04 0.000000e+00 1.937209e-03 0.000000e+00 0.000000e+00 
5.000000e+00 -1.792916e-04 4.514632e-04 0.000000e+00 3.466031e-03 0.000000e+00 0.000000e+00 -9.614641e-05 2.634888e-04 0.000000e+00 2.010423e-03 0.000000e+00 0.000000e+00 
5.100000e+00 -1.890363e-04 4.783050e-04 0.000000e+00 3.670769e-03 0.000000e+00 0.000000e+00 -9.873695e-05 2.733967e-04 0.000000e+00 2.084594e-03 0.000000e+00 0.000000e+00 
5.200000e+00 -1.990371e-04 5.061444e-04 0.000000e+00 3.882969e-03 0.000000e+00 0.000000e+00 -1.012677e-04 2.834448e-04 0.000000e+00 2.159694e-03 0.000000e+00 0.000000e+00 
5.300000e+00 -2.092877e-04 5.349955e-04 0.000000e+00 4.102725e-03 0.000000e+00 0.000000e+00 -1.037315e-04 2.936298e-04 0.000000e+00 2.235692e-03 0.000000e+00 0.000000e+00 
5.400000e+00 -2.197811e-04 5.648722e-04 0.000000e+00 4.330126e-03 0.000000e+00 0.000000e+00 -1.061213e-04 3.039485e-04 0.000000e+00 2.312558e-03 0.000000e+00 0.000000e+00 
5.500000e+00 -2.305096e-04 5.957877e-04 0.000000e+00 4.565258e-03 0.000000e+00 0.000000e+00 -1.084300e-04 3.143973e-04 0.000000e+00 2.390261e-03 0.000000e+00 0.000000e+00 
5.600000e+00 -2.414645e-04 6.277551e-04 0.000000e+00 4.808203e-03 0.000000e+00 0.000000e+00 -1.106503e-04 3.249727e-04 0.000000e+00 2.468769e-03 0.000000e+00 0.000000e+00 
5.700000e+00 -2.526368e-04 6.607869e-04 0.000000e+00 5.059039e-03 0.000000e+00 0.000000e+00 -1.127753e-04 3.356711e-04 0.000000e+00 2.548050e-03 0.000000e+00 0.000000e+00 
5.800000e+00 -2.640166e-04 6.948950e-04 0.000000e+00 5.317844e-03 0.000000e+00 0.000000e+00 -1.147977e-04 3.464886e-04 0.000000e+00 2.628072e-03 0.000000e+00 0.000000e+00 
5.900000e+00 -2.755931e-04 7.300910e-04 0.000000e+00 5.584688e-03 0.000000e+00 0.000000e+00 -1.167104e-04 3.574211e-04 0.000000e+00 2.708801e-03 0.000000e+00 0.000000e+00 
6.000000e+00 -2.873551e-04 7.663863e-04 0.000000e+00 5.859640e-03 0.000000e+00 0.000000e+00 -1.185062e-04 3.684647e-04 0.000000e+00 2.790203e-03 0.000000e+00 0.000000e+00 
6.100000e+00 -2.992905e-04 8.037913e-04 0.000000e+00 6.142765e-03 0.000000e+00 0.000000e+00 -1.201779e-04 3.796150e-04 0.000000e+00 2.872245e-03 0.000000e+00 0.000000e+00 
6.200000e+00 -3.113865e-04 8.423165e-04 0.000000e+00 6.434125e-03 0.000000e+00 0.000000e+00 -1.217184e-04 3.908676e-04 0.000000e+00 2.954891e-03 0.000000e+00 0.000000e+00 
6.300000e+00 -3.236297e-04 8.819717e-04 0.000000e+00 6.733777e-03 0.000000e+00 0.000000e+00 -1.231206e-04 4.022180e-04 0.000000e+00 3.038107e-03 0.000000e+00 0.000000e+00 
6.400000e+00 -3.360058e-04 9.227662e-04 0.000000e+00 7.041776e-03 0.000000e+00 0.000000e+00 -1.243771e-04 4.136617e-04 0.000000e+00 3.121855e-03 0.000000e+00 0.000000e+00 
6.500000e+00 -3.484998e-04 9.647091e-04 0.000000e+00 7.358172e-03 0.000000e+00 0.000000e+00 -1.254807e-04 4.251937e-04 0.000000e+00 3.206101e-03 0.000000e+00 0.000000e+00 
6.600000e+00 -3.610963e-04 1.007809e-03 0.000000e+00 7.683015e-03 0.000000e+00 0.000000e+00 -1.264244e-04 4.368091e-04 0.000000e+00 3.290806e-03 0.000000e+00 0.000000e+00 
6.700000e+00 -3.737787e-04 1.052073e-03 0.000000e+00 8.016347e-03 0.000000e+00 0.000000e+00 -1.272008e-04 4.485030e-04 0.000000e+00 3.375934e-03 0.000000e+00 0.000000e+00 
6.800000e+00 -3.865302e-04 1.097510e-03 0.000000e+00 8.358209e-03 0.000000e+00 0.000000e+00 -1.278028e-04 4.602700e-04 0.000000e+00 3.461446e-03 0.000000e+00 0.000000e+00 
6.900000e+00 -3.993327e-04 1.144127e-03 0.000000e+00 8.708638e-03 0.000000e+00 0.000000e+00 -1.282230e-04 4.721048e-04 0.000000e+00 3.547303e-03 0.000000e+00 0.000000e+00 
7.000000e+00 -4.121679e-04 1.191931e-03 0.000000e+00 9.067668e-03 0.000000e+00 0.000000e+00 -1.284543e-04 4.840021e-04 0.000000e+00 3.633467e-03 0.000000e+00 0.000000e+00 
7.100000e+00 -4.250166e-04 1.240927e-03 0.000000e+00 9.435329e-03 0.000000e+00 0.000000e+00 -1.284894e-04 4.959561e-04 0.000000e+00 3.719898e-03 0.000000e+00 0.000000e+00 
7.200000e+00 -4.378587e-04 1.291121e-03 0.000000e+00 9.811647e-03 0.000000e+00 0.000000e+00 -1.283211e-04 5.079611e-04 0.000000e+00 3.806555e-03 0.000000e+00 0.000000e+00 
7.300000e+00 -4.506745e-04 1.342519e-03 0.000000e+00 1.019664e-02 0.000000e+00 0.000000e+00 -1.279428e-04 5.200113e-04 0.000000e+00 3.893399e-03 0.000000e+00 0.000000e+00 
7.400000e+00 -4.634433e-04 1.395123e-03 0.000000e+00 1.059033e-02 0.000000e+00 0.000000e+00 -1.273489e-04 5.321002e-04 0.000000e+00 3.980388e-03 0.000000e+00 0.000000e+00 
7.500000e+00 -4.761423e-04 1.448938e-03 0.000000e+00 1.099272e-02 0.000000e+00 0.000000e+00 -1.265324e-04 5.442215e-04 0.000000e+00 4.067481e-03 0.000000e+00 0.000000e+00 
7.600000e+00 -4.887481e-04 1.503965e-03 0.000000e+00 1.140382e-02 0.000000e+00 0.000000e+00 -1.254865e-04 5.563684e-04 0.000000e+00 4.154634e-03 0.000000e+00 0.000000e+00 
7.700000e+00 -5.012369e-04 1.560209e-03 0.000000e+00 1.182364e-02 0.000000e+00 0.000000e+00 -1.242048e-04 5.685342e-04 0.000000e+00 4.241803e-03 0.000000e+00 0.000000e+00 
7.800000e+00 -5.135844e-04 1.617671e-03 0.000000e+00 1.225218e-02 0.000000e+00 0.000000e+00 -1.226811e-04 5.807120e-04 0.000000e+00 4.328946e-03 0.000000e+00 0.000000e+00 
7.900000e+00 -5.257661e-04 1.676352e-03 0.000000e+00 1.268942e-02 0.000000e+00 0.000000e+00 -1.209095e-04 5.928946e-04 0.000000e+00 4.416018e-03 0.000000e+00 0.000000e+00 
8.000000e+00 -5.377568e-04 1.736251e-03 0.000000e+00 1.313538e-02 0.000000e+00 0.000000e+00 -1.188843e-04 6.050748e-04 0.000000e+00 4.502976e-03 0.000000e+00 0.000000e+00 
8.100000e+00 -5.495310e-04 1.797368e-03 0.000000e+00 1.359002e-02 0.000000e+00 0.000000e+00 -1.166001e-04 6.172452e-04 0.000000e+00 4.589773e-03 0.000000e+00 0.000000e+00 
8.200000e+00 -5.610628e-04 1.859702e-03 0.000000e+00 1.405333e-02 0.000000e+00 0.000000e+00 -1.140519e-04 6.293982e-04 0.000000e+00 4.676366e-03 0.000000e+00 0.000000e+00 
8.300000e+00 -5.723259e-04 1.923251e-03 0.000000e+00 1.452529e-02 0.000000e+00 0.000000e+00 -1.112348e-04 6.415262e-04 0.000000e+00 4.762709e-03 0.000000e+00 0.000000e+00 
8.400000e+00 -5.832935e-04 1.988010e-03 0.000000e+00 1.500587e-02 0.000000e+00 0.000000e+00 -1.081443e-04 6.536212e-04 0.000000e+00 4.848756e-03 0.000000e+00 0.000000e+00 
8.500000e+00 -5.939383e-04 2.053978e-03 0.000000e+00 1.549504e-02 0.000000e+00 0.000000e+00 -1.047761e-04 6.656753e-04 0.000000e+00 4.934461e-03 0.000000e+00 0.000000e+00 
8.600000e+00 -6.042327e-04 2.121147e-03 0.000000e+00 1.599276e-02 0.000000e+00 0.000000e+00 -1.011262e-04 6.776803e-04 0.000000e+00 5.019778e-03 0.000000e+00 0.000000e+00 
8.700000e+00 -6.141487e-04 2.189515e-03 0.000000e+00 1.649899e-02 0.000000e+00 0.000000e+00 -9.719084e-05 6.896279e-04 0.000000e+00 5.104660e-03 0.000000e+00 0.000000e+00 
8.800000e+00 -6.236577e-04 2.259073e-03 0.000000e+00 1.701368e-02 0.000000e+00 0.000000e+00 -9.296661e-05 7.015096e-04 0.000000e+00 5.189060e-03 0.000000e+00 0.000000e+00 
8.900000e+00 -6.327308e-04 2.329814e-03 0.000000e+00 1.753678e-02 0.000000e+00 0.000000e+00 -8.845030e-05 7.133169e-04 0.000000e+00 5.272930e-03 0.000000e+00 0.000000e+00 
9.000000e+00 -6.413387e-04 2.401732e-03 0.000000e+00 1.806825e-02 0.000000e+00 0.000000e+00 -8.363902e-05 7.250409e-04 0.000000e+00 5.356223e-03 0.000000e+00 0.000000e+00 
9.100000e+00 -6.494516e-04 2.474818e-03 0.000000e+00 1.860800e-02 0.000000e+00 0.000000e+00 -7.853013e-05 7.366727e-04 0.000000e+00 5.438890e-03 0.000000e+00 0.000000e+00 
9.200000e+00 -6.570394e-04 2.549061e-03 0.000000e+00 1.915599e-02 0.000000e+00 0.000000e+00 -7.312127e-05 7.482033e-04 0.000000e+00 5.520883e-03 0.000000e+00 0.000000e+00 
9.300000e+00 -6.640713e-04 2.624451e-03 0.000000e+00 1.971215e-02 0.000000e+00 0.000000e+00 -6.741034e-05 7.596234e-04 0.000000e+00 5.602153e-03 0.000000e+00 0.000000e+00 
9.400000e+00 -6.705163e-04 2.700978e-03 0.000000e+00 2.027639e-02 0.000000e+00 0.000000e+00 -6.139555e-05 7.709237e-04 0.000000e+00 5.682652e-03 0.000000e+00 0.000000e+00 
9.500000e+00 -6.763432e-04 2.778630e-03 0.000000e+00 2.084865e-02 0.000000e+00 0.000000e+00 -5.507539e-05 7.820947e-04 0.000000e+00 5.762329e-03 0.000000e+00 0.000000e+00 
9.600000e+00 -6.815258e-04 2.857394e-03 0.000000e+00 2.142883e-02 0.000000e+00 0.000000e+00 -4.844967e-05 7.931285e-04 0.000000e+00 5.841141e-03 0.000000e+00 0.000000e+00 
9.700000e+00 -6.860338e-04 2.937254e-03 0.000000e+00 2.201686e-02 0.000000e+00 0.000000e+00 -4.151830e-05 8.040156e-04 0.000000e+00 5.919040e-03 0.000000e+00 0.000000e+00 
9.800000e+00 -6.898344e-04 3.018196e-03 0.000000e+00 2.261264e-02 0.000000e+00 0.000000e+00 -3.428134e-05 8.147459e-04 0.000000e+00 5.995976e-03 0.000000e+00 0.000000e+00 
9.900000e+00 -6.928956e-04 3.100202e-03 0.000000e+00 2.321605e-02 0.000000e+00 0.000000e+00 -2.673925e-05 8.253091e-04 0.000000e+00 6.071897e-03 0.000000e+00 0.000000e+00 
1.000000e+01 -6.951858e-04 3.183256e-03 0.000000e+00 2.382700e-02 0.000000e+00 0.000000e+00 -1.889299e-05 8.356952e-04 0.000000e+00 6.146754e-03 0.000000e+00 0.000000e+00 
1.010000e+01 -6.966739e-04 3.267338e-03 0.000000e+00 2.444538e-02 0.000000e+00 0.000000e+00 -1.074392e-05 8.458945e-04 0.000000e+00 6.220498e-03 0.000000e+00 0.000000e+00 
1.020000e+01 -6.973293e-04 3.352430e-03 0.000000e+00 2.507107e-02 0.000000e+00 0.000000e+00 -2.293881e-06 8.558970e-04 0.000000e+00 6.293081e-03 0.000000e+00 0.000000e+00 
1.030000e+01 -6.971219e-04 3.438511e-03 0.000000e+00 2.570396e-02 0.000000e+00 0.000000e+00 6.454847e-06 8.656932e-04 0.000000e+00 6.364455e-03 0.000000e+00 0.000000e+00 
1.040000e+01 -6.960221e-04 3.525560e-03 0.000000e+00 2.634391e-02 0.000000e+00 0.000000e+00 1.549954e-05 8.752736e-04 0.000000e+00 6.434573e-03 0.000000e+00 0.000000e+00 
1.050000e+01 -6.940008e-04 3.613555e-03 0.000000e+00 2.699081e-02 0.000000e+00 0.000000e+00 2.483701e-05 8.846286e-04 0.000000e+00 6.503389e-03 0.000000e+00 0.000000e+00 
1.060000e+01 -6.910295e-04 3.702474e-03 0.000000e+00 2.764452e-02 0.000000e+00 0.000000e+00 3.446363e-05 8.937491e-04 0.000000e+00 6.570857e-03 0.000000e+00 0.000000e+00 
1.070000e+01 -6.870801e-04 3.792292e-03 0.000000e+00 2.830491e-02 0.000000e+00 0.000000e+00 4.437534e-05 9.026257e-04 0.000000e+00 6.636932e-03 0.000000e+00 0.000000e+00 
1.080000e+01 -6.821250e-04 3.882986e-03 0.000000e+00 2.897183e-02 0.000000e+00 0.000000e+00 5.456760e-05 9.112496e-04 0.000000e+00 6.701571e-03 0.000000e+00 0.000000e+00 
1.090000e+01 -6.761371e-04 3.974528e-03 0.000000e+00 2.964515e-02 0.000000e+00 0.000000e+00 6.503544e-05 9.196117e-04 0.000000e+00 6.764729e-03 0.000000e+00 0.000000e+00 
1.100000e+01 -6.690899e-04 4.066894e-03 0.000000e+00 3.032470e-02 0.000000e+00 0.000000e+00 7.577343e-05 9.277031e-04 0.000000e+00 6.826365e-03 0.000000e+00 0.000000e+00 
1.110000e+01 -6.609573e-04 4.160055e-03 0.000000e+00 3.101034e-02 0.000000e+00 0.000000e+00 8.677571e-05 9.355153e-04 0.000000e+00 6.886434e-03 0.000000e+00 0.000000e+00 
1.120000e+01 -6.517137e-04 4.253984e-03 0.000000e+00 3.170191e-02 0.000000e+00 0.000000e+00 9.803595e-05 9.430396e-04 0.000000e+00 6.944897e-03 0.000000e+00 0.000000e+00 
1.130000e+01 -6.413341e-04 4.348651e-03 0.000000e+00 3.239925e-02 0.000000e+00 0.000000e+00 1.095474e-04 9.502675e-04 0.000000e+00 7.001712e-03 0.000000e+00 0.000000e+00 
1.140000e+01 -6.297940e-04 4.444026e-03 0.000000e+00 3.310219e-02 0.000000e+00 0.000000e+00 1.213028e-04 9.571907e-04 0.000000e+00 7.056840e-03 0.000000e+00 0.000000e+00 
1.150000e+01 -6.170692e-04 4.540079e-03 0.000000e+00 3.381056e-02 0.000000e+00 0.000000e+00 1.332945e-04 9.638009e-04 0.000000e+00 7.110240e-03 0.000000e+00 0.000000e+00 
1.160000e+01 -6.031363e-04 4.636777e-03 0.000000e+00 3.452419e-02 0.000000e+00 0.000000e+00 1.455144e-04 9.700900e-04 0.000000e+00 7.161875e-03 0.000000e+00 0.000000e+00 
1.170000e+01 -5.879721e-04 4.734089e-03 0.000000e+00 3.524290e-02 0.000000e+00 0.000000e+00 1.579539e-04 9.760501e-04 0.000000e+00 7.211705e-03 0.000000e+00 0.000000e+00 
1.180000e+01 -5.715542e-04 4.831980e-03 0.000000e+00 3.596649e-02 0.000000e+00 0.000000e+00 1.706040e-04 9.816731e-04 0.000000e+00 7.259693e-03 0.000000e+00 0.000000e+00 
1.190000e+01 -5.538605e-04 4.930416e-03 0.000000e+00 3.669480e-02 0.000000e+00 0.000000e+00 1.834553e-04 9.869515e-04 0.000000e+00 7.305804e-03 0.000000e+00 0.000000e+00 
1.200000e+01 -5.348694e-04 5.029361e-03 0.000000e+00 3.742761e-02 0.000000e+00 0.000000e+00 1.964978e-04 9.918775e-04 0.000000e+00 7.350001e-03 0.000000e+00 0.000000e+00 
1.210000e+01 -5.145609e-04 5.128781e-03 0.000000e+00 3.816474e-02 0.000000e+00 0.000000e+00 2.097214e-04 9.964439e-04 0.000000e+00 7.392249e-03 0.000000e+00 0.000000e+00 
1.220000e+01 -4.929215e-04 5.228642e-03 0.000000e+00 3.890601e-02 0.000000e+00 0.000000e+00 2.231171e-04 1.000646e-03 0.000000e+00 7.432523e-03 0.000000e+00 0.000000e+00 
1.230000e+01 -4.699350e-04 5.328907e-03 0.000000e+00 3.965121e-02 0.000000e+00 0.000000e+00 2.366734e-04 1.004478e-03 0.000000e+00 7.470795e-03 0.000000e+00 0.000000e+00 
1.240000e+01 -4.455853e-04 5.429537e-03 0.000000e+00 4.040015e-02 0.000000e+00 0.000000e+00 2.503785e-04 1.007934e-03 0.000000e+00 7.507034e-03 0.000000e+00 0.000000e+00 
1.250000e+01 -4.198579e-04 5.530492e-03 0.000000e+00 4.115260e-02 0.000000e+00 0.000000e+00 2.642201e-04 1.011009e-03 0.000000e+00 7.541214e-03 0.000000e+00 0.000000e+00 
1.260000e+01 -3.927394e-04 5.631733e-03 0.000000e+00 4.190835e-02 0.000000e+00 0.000000e+00 2.781860e-04 1.013696e-03 0.000000e+00 7.573308e-03 0.000000e+00 0.000000e+00 
1.270000e+01 -3.642179e-04 5.733222e-03 0.000000e+00 4.266720e-02 0.000000e+00 0.000000e+00 2.922637e-04 1.015993e-03 0.000000e+00 7.603293e-03 0.000000e+00 0.000000e+00 
1.280000e+01 -3.342829e-04 5.834919e-03 0.000000e+00 4.342894e-02 0.000000e+00 0.000000e+00 3.064408e-04 1.017893e-03 0.000000e+00 7.631148e-03 0.000000e+00 0.000000e+00 
1.290000e+01 -3.029250e-04 5.936783e-03 0.000000e+00 4.419335e-02 0.000000e+00 0.000000e+00 3.207043e-04 1.019395e-03 0.000000e+00 7.656851e-03 0.000000e+00 0.000000e+00 
1.300000e+01 -2.701364e-04 6.038776e-03 0.000000e+00 4.496021e-02 0.000000e+00 0.000000e+00 3.350414e-04 1.020494e-03 0.000000e+00 7.680386e-03 0.000000e+00 0.000000e+00 
1.310000e+01 -2.359106e-04 6.140857e-03 0.000000e+00 4.572930e-02 0.000000e+00 0.000000e+00 3.494391e-04 1.021189e-03 0.000000e+00 7.701734e-03 0.000000e+00 0.000000e+00 
1.320000e+01 -2.002423e-04 6.242987e-03 0.000000e+00 4.650043e-02 0.000000e+00 0.000000e+00 3.638840e-04 1.021476e-03 0.000000e+00 7.720883e-03 0.000000e+00 0.000000e+00 
1.330000e+01 -1.631278e-04 6.345124e-03 0.000000e+00 4.727335e-02 0.000000e+00 0.000000e+00 3.783630e-04 1.021354e-03 0.000000e+00 7.737819e-03 0.000000e+00 0.000000e+00 
1.340000e+01 -1.245643e-04 6.447229e-03 0.000000e+00 4.804786e-02 0.000000e+00 0.000000e+00 3.928623e-04 1.020821e-03 0.000000e+00 7.752531e-03 0.000000e+00 0.000000e+00 
1.350000e+01 -8.455097e-05 6.549262e-03 0.000000e+00 4.882373e-02 0.000000e+00 0.000000e+00 4.073684e-04 1.019877e-03 0.000000e+00 7.765010e-03 0.000000e+00 0.000000e+00 
1.360000e+01 -4.308781e-05 6.651181e-03 0.000000e+00 4.960075e-02 0.000000e+00 0.000000e+00 4.218673e-04 1.018521e-03 0.000000e+00 7.775248e-03 0.000000e+00 0.000000e+00 
1.370000e+01 -1.764001e-07 6.752946e-03 0.000000e+00 5.037868e-02 0.000000e+00 0.000000e+00 4.363451e-04 1.016753e-03 0.000000e+00 7.783242e-03 0.000000e+00 0.000000e+00 
1.380000e+01 4.418037e-05 6.854516e-03 0.000000e+00 5.115731e-02 0.000000e+00 0.000000e+00 4.507876e-04 1.014574e-03 0.000000e+00 7.788986e-03 0.000000e+00 0.000000e+00 
1.390000e+01 8.997827e-05 6.955849e-03 0.000000e+00 5.193641e-02 0.000000e+00 0.000000e+00 4.651805e-04 1.011985e-03 0.000000e+00 7.792479e-03 0.000000e+00 0.000000e+00 
1.400000e+01 1.372117e-04 7.056905e-03 0.000000e+00 5.271576e-02 0.000000e+00 0.000000e+00 4.795094e-04 1.008986e-03 0.000000e+00 7.793722e-03 0.000000e+00 0.000000e+00 
1.410000e+01 1.858738e-04 7.157643e-03 0.000000e+00 5.349512e-02 0.000000e+00 0.000000e+00 4.937595e-04 1.005581e-03 0.000000e+00 7.792716e-03 0.000000e+00 0.000000e+00 
1.420000e+01 2.359563e-04 7.258020e-03 0.000000e+00 5.427427e-02 0.000000e+00 0.000000e+00 5.079161e-04 1.001771e-03 0.000000e+00 7.789465e-03 0.000000e+00 0.000000e+00 
1.430000e+01 2.874494e-04 7.357994e-03 0.000000e+00 5.505298e-02 0.000000e+00 0.000000e+00 5.219643e-04 9.975593e-04 0.000000e+00 7.783974e-03 0.000000e+00 0.000000e+00 
1.440000e+01 3.403424e-04 7.457525e-03 0.000000e+00 5.583102e-02 0.000000e+00 0.000000e+00 5.358890e-04 9.929489e-04 0.000000e+00 7.776251e-03 0.000000e+00 0.000000e+00 
1.450000e+01 3.946234e-04 7.556575e-03 0.000000e+00 5.660817e-02 0.000000e+00 0.000000e+00 5.496769e-04 9.879434e-04 0.000000e+00 7.766304e-03 0.000000e+00 0.000000e+00 
1.460000e+01 4.502781e-04 7.655106e-03 0.000000e+00 5.738423e-02 0.000000e+00 0.000000e+00 5.633156e-04 9.825470e-04 0.000000e+00 7.754144e-03 0.000000e+00 0.000000e+00 
1.470000e+01 5.072894e-04 7.753079e-03 0.000000e+00 5.815896e-02 0.000000e+00 0.000000e+00 5.767902e-04 9.767652e-04 0.000000e+00 7.739788e-03 0.000000e+00 0.000000e+00 
1.480000e+01 5.656391e-04 7.850455e-03 0.000000e+00 5.893214e-02 0.000000e+00 0.000000e+00 5.900863e-04 9.706040e-04 0.000000e+00 7.723251e-03 0.000000e+00 0.000000e+00 
1.490000e+01 6.253079e-04 7.947194e-03 0.000000e+00 5.970357e-02 0.000000e+00 0.000000e+00 6.031900e-04 9.640695e-04 0.000000e+00 7.704553e-03 0.000000e+00 0.000000e+00 
1.500000e+01 6.862754e-04 8.043261e-03 0.000000e+00 6.047300e-02 0.000000e+00 0.000000e+00 6.160876e-04 9.571682e-04 0.000000e+00 7.683713e-03 0.000000e+00 0.000000e+00 
1.510000e+01 7.485202e-04 8.138617e-03 0.000000e+00 6.124024e-02 0.000000e+00 0.000000e+00 6.287659e-04 9.499070e-04 0.000000e+00 7.660753e-03 0.000000e+00 0.000000e+00 
1.520000e+01 8.120195e-04 8.233228e-03 0.000000e+00 6.200508e-02 0.000000e+00 0.000000e+00 6.412118e-04 9.422933e-04 0.000000e+00 7.635696e-03 0.000000e+00 0.000000e+00 
1.530000e+01 8.767496e-04 8.327059e-03 0.000000e+00 6.276729e-02 0.000000e+00 0.000000e+00 6.534128e-04 9.343345e-04 0.000000e+00 7.608565e-03 0.000000e+00 0.000000e+00 
1.540000e+01 9.426859e-04 8.420076e-03 0.000000e+00 6.352669e-02 0.000000e+00 0.000000e+00 6.653568e-04 9.260388e-04 0.000000e+00 7.579388e-03 0.000000e+00 0.000000e+00 
1.550000e+01 1.009802e-03 8.512246e-03 0.000000e+00 6.428306e-02 0.000000e+00 0.000000e+00 6.770317e-04 9.174144e-04 0.000000e+00 7.548191e-03 0.000000e+00 0.000000e+00 
1.560000e+01 1.078072e-03 8.603537e-03 0.000000e+00 6.503621e-02 0.000000e+00 0.000000e+00 6.884263e-04 9.084699e-04 0.000000e+00 7.515003e-03 0.000000e+00 0.000000e+00 
1.570000e+01 1.147467e-03 8.693918e-03 0.000000e+00 6.578595e-02 0.000000e+00 0.000000e+00 6.995293e-04 8.992145e-04 0.000000e+00 7.479854e-03 0.000000e+00 0.000000e+00 
1.580000e+01 1.217957e-03 8.783360e-03 0.000000e+00 6.653208e-02 0.000000e+00 0.000000e+00 7.103299e-04 8.896574e-04 0.000000e+00 7.442777e-03 0.000000e+00 0.000000e+00 
1.590000e+01 1.289513e-03 8.871832e-03 0.000000e+00 6.727441e-02 0.000000e+00 0.000000e+00 7.208178e-04 8.798085e-04 0.000000e+00 7.403804e-03 0.000000e+00 0.000000e+00 
1.600000e+01 1.362103e-03 8.959306e-03 0.000000e+00 6.801275e-02 0.000000e+00 0.000000e+00 7.309829e-04 8.696778e-04 0.000000e+00 7.362971e-03 0.000000e+00 0.000000e+00 
1.610000e+01 1.435695e-03 9.045755e-03 0.000000e+00 6.874693e-02 0.000000e+00 0.000000e+00 7.408154e-04 8.592758e-04 0.000000e+00 7.320312e-03 0.000000e+00 0.000000e+00 
1.620000e+01 1.510255e-03 9.131153e-03 0.000000e+00 6.947675e-02 0.000000e+00 0.000000e+00 7.503061e-04 8.486132e-04 0.000000e+00 7.275868e-03 0.000000e+00 0.000000e+00 
1.630000e+01 1.585747e-03 9.215473e-03 0.000000e+00 7.020206e-02 0.000000e+00 0.000000e+00 7.594460e-04 8.377012e-04 0.000000e+00 7.229675e-03 0.000000e+00 0.000000e+00 
1.640000e+01 1.662138e-03 9.298692e-03 0.000000e+00 7.092266e-02 0.000000e+00 0.000000e+00 7.682265e-04 8.265514e-04 0.000000e+00 7.181775e-03 0.000000e+00 0.000000e+00 
1.650000e+01 1.739388e-03 9.380785e-03 0.000000e+00 7.163839e-02 0.000000e+00 0.000000e+00 7.766392e-04 8.151755e-04 0.000000e+00 7.132211e-03 0.000000e+00 0.000000e+00 
1.660000e+01 1.817462e-03 9.461729e-03 0.000000e+00 7.234908e-02 0.000000e+00 0.000000e+00 7.846764e-04 8.035859e-04 0.000000e+00 7.081026e-03 0.000000e+00 0.000000e+00 
1.670000e+01 1.896318e-03 9.541503e-03 0.000000e+00 7.305458e-02 0.000000e+00 0.000000e+00 7.923304e-04 7.917949e-04 0.000000e+00 7.028264e-03 0.000000e+00 0.000000e+00 
1.680000e+01 1.975919e-03 9.620085e-03 0.000000e+00 7.375470e-02 0.000000e+00 0.000000e+00 7.995943e-04 7.798153e-04 0.000000e+00 6.973972e-03 0.000000e+00 0.000000e+00 
1.690000e+01 2.056229e-03 9.697459e-03 0.000000e+00 7.444932e-02 0.000000e+00 0.000000e+00 8.064623e-04 7.676568e-04 0.000000e+00 6.918186e-03 0.000000e+00 0.000000e+00 
1.700000e+01 2.137209e-03 9.773608e-03 0.000000e+00 7.513829e-02 0.000000e+00 0.000000e+00 8.129294e-04 7.553322e-04 0.000000e+00 6.860954e-03 0.000000e+00 0.000000e+00 
1.710000e+01 2.218816e-03 9.848516e-03 0.000000e+00 7.582146e-02 0.000000e+00 0.000000e+00 8.189907e-04 7.428550e-04 0.000000e+00 6.802325e-03 0.000000e+00 0.000000e+00 
1.720000e+01 2.301007e-03 9.922170e-03 0.000000e+00 7.649870e-02 0.000000e+00 0.000000e+00 8.246419e-04 7.302384e-04 0.000000e+00 6.742347e-03 0.000000e+00 0.000000e+00 
1.730000e+01 2.383741e-03 9.994556e-03 0.000000e+00 7.716988e-02 0.000000e+00 0.000000e+00 8.298790e-04 7.174953e-04 0.000000e+00 6.681069e-03 0.000000e+00 0.000000e+00 
1.740000e+01 2.466976e-03 1.006566e-02 0.000000e+00 7.783487e-02 0.000000e+00 0.000000e+00 8.346987e-04 7.046388e-04 0.000000e+00 6.618540e-03 0.000000e+00 0.000000e+00 
1.750000e+01 2.550669e-03 1.013548e-02 0.000000e+00 7.849355e-02 0.000000e+00 0.000000e+00 8.390982e-04 6.916816e-04 0.000000e+00 6.554810e-03 0.000000e+00 0.000000e+00 
1.760000e+01 2.634777e-03 1.020400e-02 0.000000e+00 7.914580e-02 0.000000e+00 0.000000e+00 8.430751e-04 6.786366e-04 0.000000e+00 6.489926e-03 0.000000e+00 0.000000e+00 
1.770000e+01 2.719261e-03 1.027121e-02 0.000000e+00 7.979150e-02 0.000000e+00 0.000000e+00 8.466276e-04 6.655160e-04 0.000000e+00 6.423937e-03 0.000000e+00 0.000000e+00 
1.780000e+01 2.804076e-03 1.033710e-02 0.000000e+00 8.043055e-02 0.000000e+00 0.000000e+00 8.497541e-04 6.523325e-04 0.000000e+00 6.356892e-03 0.000000e+00 0.000000e+00 
1.790000e+01 2.889181e-03 1.040168e-02 0.000000e+00 8.106284e-02 0.000000e+00 0.000000e+00 8.524539e-04 6.390982e-04 0.000000e+00 6.288839e-03 0.000000e+00 0.000000e+00 
1.800000e+01 2.974534e-03 1.046492e-02 0.000000e+00 8.168829e-02 0.000000e+00 0.000000e+00 8.547265e-04 6.258253e-04 0.000000e+00 6.219827e-03 0.000000e+00 0.000000e+00 
1.810000e+01 3.060093e-03 1.052684e-02 0.000000e+00 8.230678e-02 0.000000e+00 0.000000e+00 8.565720e-04 6.125258e-04 0.000000e+00 6.149903e-03 0.000000e+00 0.000000e+00 
1.820000e+01 3.145817e-03 1.058743e-02 0.000000e+00 8.291824e-02 0.000000e+00 0.000000e+00 8.579910e-04 5.992115e-04 0.000000e+00 6.079116e-03 0.000000e+00 0.000000e+00 
1.830000e+01 3.231662e-03 1.064669e-02 0.000000e+00 8.352258e-02 0.000000e+00 0.000000e+00 8.589845e-04 5.858942e-04 0.000000e+00 6.007515e-03 0.000000e+00 0.000000e+00 
1.840000e+01 3.317588e-03 1.070462e-02 0.000000e+00 8.411972e-02 0.000000e+00 0.000000e+00 8.595542e-04 5.725854e-04 0.000000e+00 5.935146e-03 0.000000e+00 0.000000e+00 
1.850000e+01 3.403552e-03 1.076121e-02 0.000000e+00 8.470959e-02 0.000000e+00 0.000000e+00 8.597021e-04 5.592966e-04 0.000000e+00 5.862058e-03 0.000000e+00 0.000000e+00 
1.860000e+01 3.489513e-03 1.081648e-02 0.000000e+00 8.529211e-02 0.000000e+00 0.000000e+00 8.594308e-04 5.460391e-04 0.000000e+00 5.788300e-03 0.000000e+00 0.000000e+00 
1.870000e+01 3.575428e-03 1.087042e-02 0.000000e+00 8.586723e-02 0.000000e+00 0.000000e+00 8.587432e-04 5.328240e-04 0.000000e+00 5.713918e-03 0.000000e+00 0.000000e+00 
1.880000e+01 3.661256e-03 1.092304e-02 0.000000e+00 8.643488e-02 0.000000e+00 0.000000e+00 8.576430e-04 5.196626e-04 0.000000e+00 5.638960e-03 0.000000e+00 0.000000e+00 
1.890000e+01 3.746956e-03 1.097435e-02 0.000000e+00 8.699500e-02 0.000000e+00 0.000000e+00 8.561342e-04 5.065655e-04 0.000000e+00 5.563474e-03 0.000000e+00 0.000000e+00 
1.900000e+01 3.832484e-03 1.102435e-02 0.000000e+00 8.754756e-02 0.000000e+00 0.000000e+00 8.542212e-04 4.935436e-04 0.000000e+00 5.487508e-03 0.000000e+00 0.000000e+00 
1.910000e+01 3.917801e-03 1.107306e-02 0.000000e+00 8.809249e-02 0.000000e+00 0.000000e+00 8.519092e-04 4.806076e-04 0.000000e+00 5.411109e-03 0.000000e+00 0.000000e+00 
1.920000e+01 4.002863e-03 1.112048e-02 0.000000e+00 8.862977e-02 0.000000e+00 0.000000e+00 8.492035e-04 4.677679e-04 0.000000e+00 5.334325e-03 0.000000e+00 0.000000e+00 
1.930000e+01 4.087633e-03 1.116661e-02 0.000000e+00 8.915934e-02 0.000000e+00 0.000000e+00 8.461095e-04 4.550341e-04 0.000000e+00 5.257199e-03 0.000000e+00 0.000000e+00 
1.940000e+01 4.172075e-03 1.121148e-02 0.000000e+00 8.968118e-02 0.000000e+00 0.000000e+00 8.426317e-04 4.424141e-04 0.000000e+00 5.179773e-03 0.000000e+00 0.000000e+00 
1.950000e+01 4.256150e-03 1.125509e-02 0.000000e+00 9.019527e-02 0.000000e+00 0.000000e+00 8.387771e-04 4.299168e-04 0.000000e+00 5.102088e-03 0.000000e+00 0.000000e+00 
1.960000e+01 4.339821e-03 1.129746e-02 0.000000e+00 9.070157e-02 0.000000e+00 0.000000e+00 8.345527e-04 4.175507e-04 0.000000e+00 5.024187e-03 0.000000e+00 0.000000e+00 
1.970000e+01 4.423052e-03 1.133860e-02 0.000000e+00 9.120008e-02 0.000000e+00 0.000000e+00 8.299658e-04 4.053240e-04 0.000000e+00 4.946113e-03 0.000000e+00 0.000000e+00 
1.980000e+01 4.505805e-03 1.137853e-02 0.000000e+00 9.169078e-02 0.000000e+00 0.000000e+00 8.250238e-04 3.932443e-04 0.000000e+00 4.867906e-03 0.000000e+00 0.000000e+00 
1.990000e+01 4.588045e-03 1.141725e-02 0.000000e+00 9.217365e-02 0.000000e+00 0.000000e+00 8.197344e-04 3.813191e-04 0.000000e+00 4.789605e-03 0.000000e+00 0.000000e+00 
2.000000e+01 4.669739e-03 1.145480e-02 0.000000e+00 9.264870e-02 0.000000e+00 0.000000e+00 8.141052e-04 3.695554e-04 0.000000e+00 4.711250e-03 0.000000e+00 0.000000e+00 
2.010000e+01 4.750853e-03 1.149117e-02 0.000000e+00 9.311592e-02 0.000000e+00 0.000000e+00 8.081442e-04 3.579597e-04 0.000000e+00 4.632878e-03 0.000000e+00 0.000000e+00 
2.020000e+01 4.831354e-03 1.152640e-02 0.000000e+00 9.357530e-02 0.000000e+00 0.000000e+00 8.018596e-04 3.465383e-04 0.000000e+00 4.554526e-03 0.000000e+00 0.000000e+00 
2.030000e+01 4.911210e-03 1.156050e-02 0.000000e+00 9.402685e-02 0.000000e+00 0.000000e+00 7.952597e-04 3.352969e-04 0.000000e+00 4.476231e-03 0.000000e+00 0.000000e+00 
2.040000e+01 4.990390e-03 1.159348e-02 0.000000e+00 9.447057e-02 0.000000e+00 0.000000e+00 7.883530e-04 3.242410e-04 0.000000e+00 4.398026e-03 0.000000e+00 0.000000e+00 
2.050000e+01 5.068865e-03 1.162536e-02 0.000000e+00 9.490648e-02 0.000000e+00 0.000000e+00 7.811480e-04 3.133758e-04 0.000000e+00 4.319947e-03 0.000000e+00 0.000000e+00 
2.060000e+01 5.146605e-03 1.165617e-02 0.000000e+00 9.533459e-02 0.000000e+00 0.000000e+00 7.736537e-04 3.027058e-04 0.000000e+00 4.242026e-03 0.000000e+00 0.000000e+00 
2.070000e+01 5.223583e-03 1.168592e-02 0.000000e+00 9.575492e-02 0.000000e+00 0.000000e+00 7.658791e-04 2.922353e-04 0.000000e+00 4.164295e-03 0.000000e+00 0.000000e+00 
2.080000e+01 5.299770e-03 1.171463e-02 0.000000e+00 9.616748e-02 0.000000e+00 0.000000e+00 7.578333e-04 2.819683e-04 0.000000e+00 4.086786e-03 0.000000e+00 0.000000e+00 
2.090000e+01 5.375139e-03 1.174232e-02 0.000000e+00 9.657229e-02 0.000000e+00 0.000000e+00 7.495258e-04 2.719082e-04 0.000000e+00 4.009530e-03 0.000000e+00 0.000000e+00 
2.100000e+01 5.449667e-03 1.176902e-02 0.000000e+00 9.696939e-02 0.000000e+00 0.000000e+00 7.409659e-04 2.620583e-04 0.000000e+00 3.932554e-03 0.000000e+00 0.000000e+00 
2.110000e+01 5.523327e-03 1.179474e-02 0.000000e+00 9.735880e-02 0.000000e+00 0.000000e+00 7.321636e-04 2.524212e-04 0.000000e+00 3.855889e-03 0.000000e+00 0.000000e+00 
2.120000e+01 5.596095e-03 1.181950e-02 0.000000e+00 9.774056e-02 0.000000e+00 0.000000e+00 7.231286e-04 2.429993e-04 0.000000e+00 3.779561e-03 0.000000e+00 0.000000e+00 
2.130000e+01 5.667949e-03 1.184334e-02 0.000000e+00 9.811471e-02 0.000000e+00 0.000000e+00 7.138711e-04 2.337947e-04 0.000000e+00 3.703597e-03 0.000000e+00 0.000000e+00 
2.140000e+01 5.738867e-03 1.186626e-02 0.000000e+00 9.848127e-02 0.000000e+00 0.000000e+00 7.044012e-04 2.248088e-04 0.000000e+00 3.628022e-03 0.000000e+00 0.000000e+00 
2.150000e+01 5.808826e-03 1.188830e-02 0.000000e+00 9.884031e-02 0.000000e+00 0.000000e+00 6.947294e-04 2.160430e-04 0.000000e+00 3.552861e-03 0.000000e+00 0.000000e+00 
2.160000e+01 5.877807e-03 1.190947e-02 0.000000e+00 9.919185e-02 0.000000e+00 0.000000e+00 6.848658e-04 2.074984e-04 0.000000e+00 3.478138e-03 0.000000e+00 0.000000e+00 
2.170000e+01 5.945792e-03 1.192980e-02 0.000000e+00 9.953594e-02 0.000000e+00 0.000000e+00 6.748191e-04 1.991764e-04 0.000000e+00 3.403878e-03 0.000000e+00 0.000000e+00 
2.180000e+01 6.012763e-03 1.194931e-02 0.000000e+00 9.987263e-02 0.000000e+00 0.000000e+00 6.645995e-04 1.910769e-04 0.000000e+00 3.330102e-03 0.000000e+00 0.000000e+00 
2.190000e+01 6.078703e-03 1.196802e-02 0.000000e+00 1.002020e-01 0.000000e+00 0.000000e+00 6.542172e-04 1.831993e-04 0.000000e+00 3.256830e-03 0.000000e+00 0.000000e+00 
2.200000e+01 6.143598e-03 1.198595e-02 0.000000e+00 1.005240e-01 0.000000e+00 0.000000e+00 6.436825e-04 1.755428e-04 0.000000e+00 3.184080e-03 0.000000e+00 0.000000e+00 
2.210000e+01 6.207432e-03 1.200313e-02 0.000000e+00 1.008388e-01 0.000000e+00 0.000000e+00 6.330053e-04 1.681065e-04 0.000000e+00 3.111873e-03 0.000000e+00 0.000000e+00 
2.220000e+01 6.270193e-03 1.201958e-02 0.000000e+00 1.011464e-01 0.000000e+00 0.000000e+00 6.221957e-04 1.608892e-04 0.000000e+00 3.040225e-03 0.000000e+00 0.000000e+00 
2.230000e+01 6.331867e-03 1.203532e-02 0.000000e+00 1.014468e-01 0.000000e+00 0.000000e+00 6.112636e-04 1.538896e-04 0.000000e+00 2.969155e-03 0.000000e+00 0.000000e+00 
2.240000e+01 6.392443e-03 1.205037e-02 0.000000e+00 1.017402e-01 0.000000e+00 0.000000e+00 6.002187e-04 1.471061e-04 0.000000e+00 2.898680e-03 0.000000e+00 0.000000e+00 
2.250000e+01 6.451909e-03 1.206475e-02 0.000000e+00 1.020266e-01 0.000000e+00 0.000000e+00 5.890707e-04 1.405369e-04 0.000000e+00 2.828816e-03 0.000000e+00 0.000000e+00 
2.260000e+01 6.510256e-03 1.207849e-02 0.000000e+00 1.023060e-01 0.000000e+00 0.000000e+00 5.778292e-04 1.341801e-04 0.000000e+00 2.759579e-03 0.000000e+00 0.000000e+00 
2.270000e+01 6.567475e-03 1.209160e-02 0.000000e+00 1.025786e-01 0.000000e+00 0.000000e+00 5.665037e-04 1.280335e-04 0.000000e+00 2.690985e-03 0.000000e+00 0.000000e+00 
2.280000e+01 6.623558e-03 1.210411e-02 0.000000e+00 1.028443e-01 0.000000e+00 0.000000e+00 5.551037e-04 1.220948e-04 0.000000e+00 2.623047e-03 0.000000e+00 0.000000e+00 
2.290000e+01 6.678498e-03 1.211603e-02 0.000000e+00 1.031032e-01 0.000000e+00 0.000000e+00 5.436383e-04 1.163613e-04 0.000000e+00 2.555780e-03 0.000000e+00 0.000000e+00 
2.300000e+01 6.732288e-03 1.212740e-02 0.000000e+00 1.033555e-01 0.000000e+00 0.000000e+00 5.321170e-04 1.108303e-04 0.000000e+00 2.489197e-03 0.000000e+00 0.000000e+00 
2.310000e+01 6.784923e-03 1.213821e-02 0.000000e+00 1.036011e-01 0.000000e+00 0.000000e+00 5.205487e-04 1.054989e-04 0.000000e+00 2.423311e-03 0.000000e+00 0.000000e+00 
2.320000e+01 6.836399e-03 1.214851e-02 0.000000e+00 1.038402e-01 0.000000e+00 0.000000e+00 5.089425e-04 1.003638e-04 0.000000e+00 2.358135e-03 0.000000e+00 0.000000e+00 
2.330000e+01 6.886712e-03 1.215830e-02 0.000000e+00 1.040728e-01 0.000000e+00 0.000000e+00 4.973074e-04 9.542166e-05 0.000000e+00 2.293680e-03 0.000000e+00 0.000000e+00 
2.340000e+01 6.935860e-03 1.216760e-02 0.000000e+00 1.042989e-01 0.000000e+00 0.000000e+00 4.856521e-04 9.066891e-05 0.000000e+00 2.229956e-03 0.000000e+00 0.000000e+00 
2.350000e+01 6.983842e-03 1.217643e-02 0.000000e+00 1.045188e-01 0.000000e+00 0.000000e+00 4.739855e-04 8.610177e-05 0.000000e+00 2.166976e-03 0.000000e+00 0.000000e+00 
2.360000e+01 7.030656e-03 1.218482e-02 0.000000e+00 1.047324e-01 0.000000e+00 0.000000e+00 4.623162e-04 8.171624e-05 0.000000e+00 2.104747e-03 0.000000e+00 0.000000e+00 
2.370000e+01 7.076303e-03 1.219278e-02 0.000000e+00 1.049397e-01 0.000000e+00 0.000000e+00 4.506527e-04 7.750815e-05 0.000000e+00 2.043280e-03 0.000000e+00 0.000000e+00 
2.380000e+01 7.120784e-03 1.220032e-02 0.000000e+00 1.051410e-01 0.000000e+00 0.000000e+00 4.390035e-04 7.347310e-05 0.000000e+00 1.982583e-03 0.000000e+00 0.000000e+00 
2.390000e+01 7.164102e-03 1.220747e-02 0.000000e+00 1.053363e-01 0.000000e+00 0.000000e+00 4.273770e-04 6.960650e-05 0.000000e+00 1.922664e-03 0.000000e+00 0.000000e+00 
2.400000e+01 7.206258e-03 1.221424e-02 0.000000e+00 1.055256e-01 0.000000e+00 0.000000e+00 4.157814e-04 6.590356e-05 0.000000e+00 1.863531e-03 0.000000e+00 0.000000e+00 
2.410000e+01 7.247258e-03 1.222066e-02 0.000000e+00 1.057090e-01 0.000000e+00 0.000000e+00 4.042249e-04 6.235968e-05 0.000000e+00 1.805192e-03 0.000000e+00 0.000000e+00 
2.420000e+01 7.287102e-03 1.222672e-02 0.000000e+00 1.058866e-01 0.000000e+00 0.000000e+00 3.927150e-04 5.897211e-05 0.000000e+00 1.747656e-03 0.000000e+00 0.000000e+00 
2.430000e+01 7.325797e-03 1.223246e-02 0.000000e+00 1.060585e-01 0.000000e+00 0.000000e+00 3.812594e-04 5.573619e-05 0.000000e+00 1.690933e-03 0.000000e+00 0.000000e+00 
2.440000e+01 7.363349e-03 1.223788e-02 0.000000e+00 1.062248e-01 0.000000e+00 0.000000e+00 3.698654e-04 5.264695e-05 0.000000e+00 1.635027e-03 0.000000e+00 0.000000e+00 
2.450000e+01 7.399765e-03 1.224300e-02 0.000000e+00 1.063856e-01 0.000000e+00 0.000000e+00 3.585406e-04 4.969950e-05 0.000000e+00 1.579947e-03 0.000000e+00 0.000000e+00 
2.460000e+01 7.435053e-03 1.224783e-02 0.000000e+00 1.065409e-01 0.000000e+00 0.000000e+00 3.472922e-04 4.688905e-05 0.000000e+00 1.525698e-03 0.000000e+00 0.000000e+00 
2.470000e+01 7.469221e-03 1.225238e-02 0.000000e+00 1.066907e-01 0.000000e+00 0.000000e+00 3.361272e-04 4.421085e-05 0.000000e+00 1.472287e-03 0.000000e+00 0.000000e+00 
2.480000e+01 7.502278e-03 1.225668e-02 0.000000e+00 1.068353e-01 0.000000e+00 0.000000e+00 3.250526e-04 4.166025e-05 0.000000e+00 1.419720e-03 0.000000e+00 0.000000e+00 
2.490000e+01 7.534234e-03 1.226072e-02 0.000000e+00 1.069747e-01 0.000000e+00 0.000000e+00 3.140753e-04 3.923267e-05 0.000000e+00 1.368004e-03 0.000000e+00 0.000000e+00 
2.500000e+01 7.565098e-03 1.226453e-02 0.000000e+00 1.071090e-01 0.000000e+00 0.000000e+00 3.032019e-04 3.692363e-05 0.000000e+00 1.317145e-03 0.000000e+00 0.000000e+00 
2.510000e+01 7.594881e-03 1.226811e-02 0.000000e+00 1.072382e-01 0.000000e+00 0.000000e+00 2.924390e-04 3.472870e-05 0.000000e+00 1.267150e-03 0.000000e+00 0.000000e+00 
2.520000e+01 7.623595e-03 1.227147e-02 0.000000e+00 1.073624e-01 0.000000e+00 0.000000e+00 2.817929e-04 3.264354e-05 0.000000e+00 1.218024e-03 0.000000e+00 0.000000e+00 
2.530000e+01 7.651252e-03 1.227463e-02 0.000000e+00 1.074818e-01 0.000000e+00 0.000000e+00 2.712701e-04 3.066389e-05 0.000000e+00 1.169775e-03 0.000000e+00 0.000000e+00 
2.540000e+01 7.677862e-03 1.227760e-02 0.000000e+00 1.075964e-01 0.000000e+00 0.000000e+00 2.608765e-04 2.878556e-05 0.000000e+00 1.122407e-03 0.000000e+00 0.000000e+00 
2.550000e+01 7.703441e-03 1.228039e-02 0.000000e+00 1.077063e-01 0.000000e+00 0.000000e+00 2.506183e-04 2.700444e-05 0.000000e+00 1.075929e-03 0.000000e+00 0.000000e+00 
2.560000e+01 7.728000e-03 1.228300e-02 0.000000e+00 1.078116e-01 0.000000e+00 0.000000e+00 2.405012e-04 2.531651e-05 0.000000e+00 1.030344e-03 0.000000e+00 0.000000e+00 
2.570000e+01 7.751555e-03 1.228545e-02 0.000000e+00 1.079124e-01 0.000000e+00 0.000000e+00 2.305310e-04 2.371782e-05 0.000000e+00 9.856609e-04 0.000000e+00 0.000000e+00 
2.580000e+01 7.774120e-03 1.228774e-02 0.000000e+00 1.080088e-01 0.000000e+00 0.000000e+00 2.207132e-04 2.220449e-05 0.000000e+00 9.418843e-04 0.000000e+00 0.000000e+00 
2.590000e+01 7.795710e-03 1.228989e-02 0.000000e+00 1.081008e-01 0.000000e+00 0.000000e+00 2.110533e-04 2.077273e-05 0.000000e+00 8.990207e-04 0.000000e+00 0.000000e+00 
2.600000e+01 7.816341e-03 1.229190e-02 0.000000e+00 1.081886e-01 0.000000e+00 0.000000e+00 2.015566e-04 1.941882e-05 0.000000e+00 8.570760e-04 0.000000e+00 0.000000e+00 
2.610000e+01 7.836030e-03 1.229377e-02 0.000000e+00 1.082723e-01 0.000000e+00 0.000000e+00 1.922283e-04 1.813912e-05 0.000000e+00 8.160563e-04 0.000000e+00 0.000000e+00 
2.620000e+01 7.854793e-03 1.229553e-02 0.000000e+00 1.083519e-01 0.000000e+00 0.000000e+00 1.830734e-04 1.693008e-05 0.000000e+00 7.759675e-04 0.000000e+00 0.000000e+00 
2.630000e+01 7.872649e-03 1.229716e-02 0.000000e+00 1.084275e-01 0.000000e+00 0.000000e+00 1.740968e-04 1.578821e-05 0.000000e+00 7.368155e-04 0.000000e+00 0.000000e+00 
2.640000e+01 7.889615e-03 1.229869e-02 0.000000e+00 1.084993e-01 0.000000e+00 0.000000e+00 1.653032e-04 1.471010e-05 0.000000e+00 6.986062e-04 0.000000e+00 0.000000e+00 
2.650000e+01 7.905710e-03 1.230011e-02 0.000000e+00 1.085673e-01 0.000000e+00 0.000000e+00 1.566973e-04 1.369244e-05 0.000000e+00 6.613455e-04 0.000000e+00 0.000000e+00 
2.660000e+01 7.920953e-03 1.230143e-02 0.000000e+00 1.086316e-01 0.000000e+00 0.000000e+00 1.482835e-04 1.273197e-05 0.000000e+00 6.250392e-04 0.000000e+00 0.000000e+00 
2.670000e+01 7.935365e-03 1.230266e-02 0.000000e+00 1.086923e-01 0.000000e+00 0.000000e+00 1.400662e-04 1.182552e-05 0.000000e+00 5.896931e-04 0.000000e+00 0.000000e+00 
2.680000e+01 7.948966e-03 1.230380e-02 0.000000e+00 1.087495e-01 0.000000e+00 0.000000e+00 1.320495e-04 1.096999e-05 0.000000e+00 5.553129e-04 0.000000e+00 0.000000e+00 
2.690000e+01 7.961777e-03 1.230486e-02 0.000000e+00 1.088034e-01 0.000000e+00 0.000000e+00 1.242375e-04 1.016239e-05 0.000000e+00 5.219044e-04 0.000000e+00 0.000000e+00 
2.700000e+01 7.973819e-03 1.230584e-02 0.000000e+00 1.088539e-01 0.000000e+00 0.000000e+00 1.166343e-04 9.400005e-06 0.000000e+00 4.894731e-04 0.000000e+00 0.000000e+00 
2.710000e+01 7.985110e-03 1.230674e-02 0.000000e+00 1.089013e-01 0.000000e+00 0.000000e+00 1.092436e-04 8.680773e-06 0.000000e+00 4.580255e-04 0.000000e+00 0.000000e+00 
2.720000e+01 7.995672e-03 1.230758e-02 0.000000e+00 1.089456e-01 0.000000e+00 0.000000e+00 1.020692e-04 8.002511e-06 0.000000e+00 4.275681e-04 0.000000e+00 0.000000e+00 
2.730000e+01 8.005528e-03 1.230835e-02 0.000000e+00 1.089869e-01 0.000000e+00 0.000000e+00 9.511473e-05 7.363132e-06 0.000000e+00 3.981076e-04 0.000000e+00 0.000000e+00 
2.740000e+01 8.014700e-03 1.230905e-02 0.000000e+00 1.090252e-01 0.000000e+00 0.000000e+00 8.838352e-05 6.760650e-06 0.000000e+00 3.696504e-04 0.000000e+00 0.000000e+00 
2.750000e+01 8.023210e-03 1.230970e-02 0.000000e+00 1.090608e-01 0.000000e+00 0.000000e+00 8.187893e-05 6.193189e-06 0.000000e+00 3.422029e-04 0.000000e+00 0.000000e+00 
2.760000e+01 8.031082e-03 1.231029e-02 0.000000e+00 1.090937e-01 0.000000e+00 0.000000e+00 7.560414e-05 5.658975e-06 0.000000e+00 3.157713e-04 0.000000e+00 0.000000e+00 
2.770000e+01 8.038339e-03 1.231083e-02 0.000000e+00 1.091240e-01 0.000000e+00 0.000000e+00 6.956220e-05 5.156337e-06 0.000000e+00 2.903616e-04 0.000000e+00 0.000000e+00 
2.780000e+01 8.045004e-03 1.231133e-02 0.000000e+00 1.091518e-01 0.000000e+00 0.000000e+00 6.375607e-05 4.683713e-06 0.000000e+00 2.659798e-04 0.000000e+00 0.000000e+00 
2.790000e+01 8.051101e-03 1.231177e-02 0.000000e+00 1.091772e-01 0.000000e+00 0.000000e+00 5.818852e-05 4.239642e-06 0.000000e+00 2.426318e-04 0.000000e+00 0.000000e+00 
2.800000e+01 8.056653e-03 1.231217e-02 0.000000e+00 1.092004e-01 0.000000e+00 0.000000e+00 5.286225e-05 3.822769e-06 0.000000e+00 2.203233e-04 0.000000e+00 0.000000e+00 
2.810000e+01 8.061685e-03 1.231253e-02 0.000000e+00 1.092213e-01 0.000000e+00 0.000000e+00 4.777980e-05 3.431844e-06 0.000000e+00 1.990599e-04 0.000000e+00 0.000000e+00 
2.820000e+01 8.066221e-03 1.231286e-02 0.000000e+00 1.092402e-01 0.000000e+00 0.000000e+00 4.294359e-05 3.065722e-06 0.000000e+00 1.788469e-04 0.000000e+00 0.000000e+00 
2.830000e+01 8.070286e-03 1.231314e-02 0.000000e+00 1.092572e-01 0.000000e+00 0.000000e+00 3.835592e-05 2.723361e-06 0.000000e+00 1.596898e-04 0.000000e+00 0.000000e+00 
2.840000e+01 8.073904e-03 1.231340e-02 0.000000e+00 1.092722e-01 0.000000e+00 0.000000e+00 3.401896e-05 2.403826e-06 0.000000e+00 1.415938e-04 0.000000e+00 0.000000e+00 
2.850000e+01 8.077101e-03 1.231362e-02 0.000000e+00 1.092855e-01 0.000000e+00 0.000000e+00 2.993473e-05 2.106285e-06 0.000000e+00 1.245639e-04 0.000000e+00 0.000000e+00 
2.860000e+01 8.079901e-03 1.231382e-02 0.000000e+00 1.092972e-01 0.000000e+00 0.000000e+00 2.610517e-05 1.830011e-06 0.000000e+00 1.086052e-04 0.000000e+00 0.000000e+00 
2.870000e+01 8.082331e-03 1.231399e-02 0.000000e+00 1.093073e-01 0.000000e+00 0.000000e+00 2.253204e-05 1.574383e-06 0.000000e+00 9.372241e-05 0.000000e+00 0.000000e+00 
2.880000e+01 8.084415e-03 1.231414e-02 0.000000e+00 1.093159e-01 0.000000e+00 0.000000e+00 1.921701e-05 1.338882e-06 0.000000e+00 7.992029e-05 0.000000e+00 0.000000e+00 
2.890000e+01 8.086181e-03 1.231426e-02 0.000000e+00 1.093233e-01 0.000000e+00 0.000000e+00 1.616161e-05 1.123098e-06 0.000000e+00 6.720343e-05 0.000000e+00 0.000000e+00 
2.900000e+01 8.087654e-03 1.231436e-02 0.000000e+00 1.093294e-01 0.000000e+00 0.000000e+00 1.336724e-05 9.267215e-07 0.000000e+00 5.557630e-05 0.000000e+00 0.000000e+00 
2.910000e+01 8.088860e-03 1.231445e-02 0.000000e+00 1.093344e-01 0.000000e+00 0.000000e+00 1.083518e-05 7.495496e-07 0.000000e+00 4.504323e-05 0.000000e+00 0.000000e+00 
2.920000e+01 8.089826e-03 1.231452e-02 0.000000e+00 1.093385e-01 0.000000e+00 0.000000e+00 8.566573e-06 5.914841e-07 0.000000e+00 3.560844e-05 0.000000e+00 0.000000e+00 
2.930000e+01 8.090580e-03 1.231457e-02 0.000000e+00 1.093416e-01 0.000000e+00 0.000000e+00 6.562439e-06 4.525197e-07 0.000000e+00 2.727597e-05 0.000000e+00 0.000000e+00 
2.940000e+01 8.091147e-03 1.231461e-02 0.000000e+00 1.093439e-01 0.000000e+00 0.000000e+00 4.823697e-06 3.323519e-07 0.000000e+00 2.004831e-05 0.000000e+00 0.000000e+00 
2.950000e+01 8.091554e-03 1.231464e-02 0.000000e+00 1.093456e-01 0.000000e+00 0.000000e+00 3.351136e-06 2.307616e-07 0.000000e+00 1.392774e-05 0.000000e+00 0.000000e+00 
2.960000e+01 8.091827e-03 1.231465e-02 0.000000e+00 1.093468e-01 0.000000e+00 0.000000e+00 2.145416e-06 1.476903e-07 0.000000e+00 8.916659e-06 0.000000e+00 0.000000e+00 
2.970000e+01 8.091992e-03 1.231467e-02 0.000000e+00 1.093475e-01 0.000000e+00 0.000000e+00 1.207078e-06 8.309712e-08 0.000000e+00 5.017027e-06 0.000000e+00 0.000000e+00 
2.980000e+01 8.092077e-03 1.231467e-02 0.000000e+00 1.093478e-01 0.000000e+00 0.000000e+00 5.365395e-07 3.695773e-08 0.000000e+00 2.230408e-06 0.000000e+00 0.000000e+00 
2.990000e+01 8.092108e-03 1.231467e-02 0.000000e+00 1.093479e-01 0.000000e+00 0.000000e+00 1.340987e-07 9.265087e-09 0.000000e+00 5.579443e-07 0.000000e+00 0.000000e+00 
3.000000e+01 8.092113e-03 1.231467e-02 0.000000e+00 1.093480e-01 0.000000e+00 0.000000e+00 -6.747786e-11 2.915353e-11 0.000000e+00 3.637834e-10 0.000000e+00 0.000000e+00 
