0.000000e+00 
-8.975430e-04 
-1.794692e-03 
-2.691052e-03 
-3.586230e-03 
-4.479829e-03 
-5.371456e-03 
-6.260717e-03 
-7.147216e-03 
-8.030562e-03 
-8.910361e-03 
-9.786223e-03 
-1.065776e-02 
-1.152457e-02 
-1.238629e-02 
-1.324251e-02 
-1.409286e-02 
-1.493696e-02 
-1.577443e-02 
-1.660488e-02 
-1.742796e-02 
-1.824328e-02 
-1.905048e-02 
-1.984919e-02 
-2.063906e-02 
-2.141973e-02 
-2.219084e-02 
-2.295206e-02 
-2.370302e-02 
-2.444339e-02 
-2.517285e-02 
-2.589105e-02 
-2.659767e-02 
-2.729240e-02 
-2.797492e-02 
-2.864492e-02 
-2.930210e-02 
-2.994617e-02 
-3.057683e-02 
-3.119380e-02 
-3.179680e-02 
-3.238557e-02 
-3.295985e-02 
-3.351937e-02 
-3.406389e-02 
-3.459317e-02 
-3.510697e-02 
-3.560508e-02 
-3.608728e-02 
-3.655335e-02 
-3.700309e-02 
-3.743633e-02 
-3.785286e-02 
-3.825252e-02 
-3.863514e-02 
-3.900057e-02 
-3.934865e-02 
-3.967925e-02 
-3.999223e-02 
-4.028749e-02 
-4.056489e-02 
-4.082435e-02 
-4.106578e-02 
-4.128907e-02 
-4.149418e-02 
-4.168102e-02 
-4.184954e-02 
-4.199970e-02 
-4.213146e-02 
-4.224480e-02 
-4.233969e-02 
-4.241613e-02 
-4.247413e-02 
-4.251368e-02 
-4.253480e-02 
-4.253754e-02 
-4.252191e-02 
-4.248798e-02 
-4.243579e-02 
-4.236540e-02 
-4.227689e-02 
-4.217034e-02 
-4.204582e-02 
-4.190345e-02 
-4.174331e-02 
-4.156553e-02 
-4.137022e-02 
-4.115750e-02 
-4.092750e-02 
-4.068037e-02 
-4.041624e-02 
-4.013527e-02 
-3.983762e-02 
-3.952345e-02 
-3.919292e-02 
-3.884622e-02 
-3.848351e-02 
-3.810499e-02 
-3.771083e-02 
-3.730125e-02 
-3.687642e-02 
-3.643655e-02 
-3.598185e-02 
-3.551253e-02 
-3.502879e-02 
-3.453085e-02 
-3.401893e-02 
-3.349324e-02 
-3.295401e-02 
-3.240147e-02 
-3.183584e-02 
-3.125735e-02 
-3.066624e-02 
-3.006272e-02 
-2.944705e-02 
-2.881946e-02 
-2.818017e-02 
-2.752944e-02 
-2.686751e-02 
-2.619461e-02 
-2.551099e-02 
-2.481689e-02 
-2.411256e-02 
-2.339825e-02 
-2.267420e-02 
-2.194067e-02 
-2.119791e-02 
-2.044617e-02 
-1.968570e-02 
-1.891677e-02 
-1.813962e-02 
-1.735453e-02 
-1.656175e-02 
-1.576155e-02 
-1.495419e-02 
-1.413994e-02 
-1.331908e-02 
-1.249189e-02 
-1.165863e-02 
-1.081959e-02 
-9.975047e-03 
-9.125300e-03 
-8.270634e-03 
-7.411344e-03 
-6.547728e-03 
-5.680088e-03 
-4.808731e-03 
-3.933967e-03 
-3.056111e-03 
-2.175482e-03 
-1.292402e-03 
-4.072012e-04 
4.797895e-04 
1.368233e-03 
2.257787e-03 
3.148106e-03 
4.038840e-03 
4.929632e-03 
5.820125e-03 
6.709953e-03 
7.598748e-03 
8.486138e-03 
9.371747e-03 
1.025519e-02 
1.113610e-02 
1.201407e-02 
1.288871e-02 
1.375964e-02 
1.462645e-02 
1.548875e-02 
1.634613e-02 
1.719819e-02 
1.804453e-02 
1.888474e-02 
1.971841e-02 
2.054513e-02 
2.136450e-02 
2.217609e-02 
2.297952e-02 
2.377436e-02 
2.456022e-02 
2.533668e-02 
2.610334e-02 
2.685981e-02 
2.760568e-02 
2.834055e-02 
2.906404e-02 
2.977576e-02 
3.047533e-02 
3.116235e-02 
3.183647e-02 
3.249731e-02 
3.314450e-02 
3.377769e-02 
3.439653e-02 
3.500068e-02 
3.558979e-02 
3.616354e-02 
3.672161e-02 
3.726367e-02 
3.778943e-02 
3.829859e-02 
3.879085e-02 
3.926594e-02 
3.972359e-02 
4.016354e-02 
4.058553e-02 
4.098932e-02 
4.137468e-02 
4.174139e-02 
4.208924e-02 
4.241803e-02 
4.272757e-02 
4.301767e-02 
4.328817e-02 
4.353892e-02 
4.376975e-02 
4.398055e-02 
4.417118e-02 
4.434153e-02 
4.449150e-02 
4.462100e-02 
4.472995e-02 
4.481827e-02 
4.488592e-02 
4.493284e-02 
4.495901e-02 
4.496439e-02 
4.494897e-02 
4.491276e-02 
4.485576e-02 
4.477800e-02 
4.467949e-02 
4.456030e-02 
4.442046e-02 
4.426005e-02 
4.407913e-02 
4.387780e-02 
4.365614e-02 
4.341427e-02 
4.315230e-02 
4.287035e-02 
4.256856e-02 
4.224708e-02 
4.190606e-02 
4.154566e-02 
4.116607e-02 
4.076746e-02 
4.035003e-02 
3.991398e-02 
3.945952e-02 
3.898687e-02 
3.849625e-02 
3.798792e-02 
3.746210e-02 
3.691906e-02 
3.635906e-02 
3.578236e-02 
3.518923e-02 
3.457998e-02 
3.395488e-02 
3.331423e-02 
3.265835e-02 
3.198754e-02 
3.130212e-02 
3.060241e-02 
2.988876e-02 
2.916149e-02 
2.842094e-02 
2.766748e-02 
2.690145e-02 
2.612321e-02 
2.533313e-02 
2.453157e-02 
2.371891e-02 
2.289553e-02 
2.206181e-02 
2.121814e-02 
2.036491e-02 
1.950251e-02 
1.863134e-02 
1.775180e-02 
1.686429e-02 
1.596923e-02 
1.506702e-02 
1.415807e-02 
1.324280e-02 
1.232162e-02 
1.139495e-02 
1.046321e-02 
9.526812e-03 
8.586187e-03 
7.641753e-03 
6.693934e-03 
5.743153e-03 
4.789835e-03 
3.834402e-03 
2.877279e-03 
1.918889e-03 
9.596553e-04 
1.089917e-17 
