0.000000e+00 0.000000e+00 0.000000e+00 0.000000e+00 0.000000e+00 0.000000e+00 3.803000e-01 -6.198000e-01 2.441100e+00 1.706200e+00 0.000000e+00 0.000000e+00 0.000000e+00 0.000000e+00 0.000000e+00 0.000000e+00 -0.000000e+00 -0.000000e+00 0.000000e+00 0.000000e+00 0.000000e+00 
1.840949e-09 1.402930e-08 0.000000e+00 1.668677e-08 0.000000e+00 0.000000e+00 3.802998e-01 -6.198003e-01 2.441100e+00 1.706200e+00 5.522766e-08 4.208727e-07 0.000000e+00 5.005956e-07 0.000000e+00 0.000000e+00 -4.629772e-06 -8.664465e-06 6.970610e-06 7.222824e-07 -1.037131e-09 
1.472572e-08 1.122197e-07 0.000000e+00 1.334754e-07 0.000000e+00 0.000000e+00 3.802988e-01 -6.198023e-01 2.441102e+00 1.706200e+00 2.208870e-07 1.683307e-06 0.000000e+00 2.002157e-06 0.000000e+00 0.000000e+00 -1.851706e-05 -3.465406e-05 2.787938e-05 2.888813e-06 -1.655373e-08 
4.969630e-08 3.787193e-07 0.000000e+00 4.504546e-07 0.000000e+00 0.000000e+00 3.802958e-01 -6.198078e-01 2.441106e+00 1.706201e+00 4.969065e-07 3.786750e-06 0.000000e+00 4.504015e-06 0.000000e+00 0.000000e+00 -4.165576e-05 -7.795738e-05 6.271715e-05 6.498641e-06 -8.392799e-08 
1.177833e-07 8.975858e-07 0.000000e+00 1.067601e-06 0.000000e+00 0.000000e+00 3.802901e-01 -6.198185e-01 2.441115e+00 1.706202e+00 8.831692e-07 6.730282e-06 0.000000e+00 8.005031e-06 0.000000e+00 0.000000e+00 -7.403574e-05 -1.385554e-04 1.114686e-04 1.155018e-05 -2.652412e-07 
2.300012e-07 1.752749e-06 0.000000e+00 2.084729e-06 0.000000e+00 0.000000e+00 3.802807e-01 -6.198361e-01 2.441129e+00 1.706203e+00 1.379515e-06 1.051262e-05 0.000000e+00 1.250358e-05 0.000000e+00 0.000000e+00 -1.156428e-04 -2.164217e-04 1.741124e-04 1.804122e-05 -6.471072e-07 
3.973484e-07 3.028011e-06 0.000000e+00 3.601491e-06 0.000000e+00 0.000000e+00 3.802667e-01 -6.198623e-01 2.441150e+00 1.706205e+00 1.985739e-06 1.513213e-05 0.000000e+00 1.799756e-05 0.000000e+00 0.000000e+00 -1.664587e-04 -3.115219e-04 2.506211e-04 2.596892e-05 -1.340673e-06 
6.306632e-07 4.805617e-06 0.000000e+00 5.714678e-06 0.000000e+00 0.000000e+00 3.802471e-01 -6.198990e-01 2.441180e+00 1.706208e+00 2.701653e-06 2.058691e-05 0.000000e+00 2.448404e-05 0.000000e+00 0.000000e+00 -2.264611e-04 -4.238144e-04 3.409610e-04 3.532978e-05 -2.445265e-06 
9.408477e-07 7.168564e-06 0.000000e+00 8.522570e-06 0.000000e+00 0.000000e+00 3.802211e-01 -6.199477e-01 2.441219e+00 1.706212e+00 3.526987e-06 2.687466e-05 0.000000e+00 3.195980e-05 0.000000e+00 0.000000e+00 -2.956237e-04 -5.532499e-04 4.450926e-04 4.611972e-05 -4.107774e-06 
1.338936e-06 1.020122e-05 0.000000e+00 1.212622e-05 0.000000e+00 0.000000e+00 3.801877e-01 -6.200102e-01 2.441269e+00 1.706218e+00 4.461371e-06 3.399254e-05 0.000000e+00 4.042149e-05 0.000000e+00 0.000000e+00 -3.739161e-04 -6.997717e-04 5.629702e-04 5.833399e-05 -6.541260e-06 
1.835897e-06 1.398736e-05 0.000000e+00 1.662572e-05 0.000000e+00 0.000000e+00 3.801460e-01 -6.200882e-01 2.441332e+00 1.706224e+00 5.504406e-06 4.193739e-05 0.000000e+00 4.986511e-05 0.000000e+00 0.000000e+00 -4.613041e-04 -8.633155e-04 6.945421e-04 7.196723e-05 -9.975012e-06 
2.442638e-06 1.861011e-05 0.000000e+00 2.212022e-05 0.000000e+00 0.000000e+00 3.800951e-01 -6.201834e-01 2.441408e+00 1.706232e+00 6.655671e-06 5.070572e-05 0.000000e+00 6.028607e-05 0.000000e+00 0.000000e+00 -5.577494e-04 -1.043809e-03 8.397505e-04 8.701348e-05 -1.465454e-05 
3.170000e-06 2.415202e-05 0.000000e+00 2.870791e-05 0.000000e+00 0.000000e+00 3.800342e-01 -6.202975e-01 2.441500e+00 1.706241e+00 7.914719e-06 6.029372e-05 0.000000e+00 7.167919e-05 0.000000e+00 0.000000e+00 -6.632095e-04 -1.241175e-03 9.985319e-04 1.034661e-04 -2.084159e-05 
4.028760e-06 3.069501e-05 0.000000e+00 3.648605e-05 0.000000e+00 0.000000e+00 3.799622e-01 -6.204322e-01 2.441609e+00 1.706253e+00 9.281077e-06 7.069725e-05 0.000000e+00 8.403864e-05 0.000000e+00 0.000000e+00 -7.776382e-04 -1.455324e-03 1.170816e-03 1.213179e-04 -2.881412e-05 
5.029633e-06 3.832041e-05 0.000000e+00 4.555092e-05 0.000000e+00 0.000000e+00 3.798783e-01 -6.205891e-01 2.441735e+00 1.706266e+00 1.075425e-05 8.191182e-05 0.000000e+00 9.735799e-05 0.000000e+00 0.000000e+00 -9.009854e-04 -1.686164e-03 1.356529e-03 1.405611e-04 -3.886633e-05 
6.183267e-06 4.710890e-05 0.000000e+00 5.599785e-05 0.000000e+00 0.000000e+00 3.797817e-01 -6.207700e-01 2.441880e+00 1.706281e+00 1.233371e-05 9.393266e-05 0.000000e+00 1.116302e-04 0.000000e+00 0.000000e+00 -1.033197e-03 -1.933594e-03 1.555587e-03 1.611872e-04 -5.130863e-05 
7.500248e-06 5.714058e-05 0.000000e+00 6.792125e-05 0.000000e+00 0.000000e+00 3.796714e-01 -6.209764e-01 2.442046e+00 1.706298e+00 1.401891e-05 1.067546e-04 0.000000e+00 1.268477e-04 0.000000e+00 0.000000e+00 -1.174215e-03 -2.197504e-03 1.767904e-03 1.831872e-04 -6.646767e-05 
8.991098e-06 6.849493e-05 0.000000e+00 8.141454e-05 0.000000e+00 0.000000e+00 3.795466e-01 -6.212100e-01 2.442234e+00 1.706318e+00 1.580929e-05 1.203723e-04 0.000000e+00 1.430021e-04 0.000000e+00 0.000000e+00 -1.323977e-03 -2.477780e-03 1.993387e-03 2.065513e-04 -8.468633e-05 
1.066627e-05 8.125082e-05 0.000000e+00 9.657022e-05 0.000000e+00 0.000000e+00 3.794063e-01 -6.214725e-01 2.442446e+00 1.706339e+00 1.770423e-05 1.347799e-04 0.000000e+00 1.600847e-04 0.000000e+00 0.000000e+00 -1.482418e-03 -2.774297e-03 2.231937e-03 2.312694e-04 -1.063237e-04 
1.253617e-05 9.548650e-05 0.000000e+00 1.134798e-04 0.000000e+00 0.000000e+00 3.792498e-01 -6.217654e-01 2.442681e+00 1.706364e+00 1.970313e-05 1.499712e-04 0.000000e+00 1.780858e-04 0.000000e+00 0.000000e+00 -1.649469e-03 -3.086926e-03 2.483449e-03 2.573307e-04 -1.317551e-04 
1.461111e-05 1.112796e-04 0.000000e+00 1.322339e-04 0.000000e+00 0.000000e+00 3.790761e-01 -6.220904e-01 2.442943e+00 1.706391e+00 2.180533e-05 1.659400e-04 0.000000e+00 1.969955e-04 0.000000e+00 0.000000e+00 -1.825055e-03 -3.415531e-03 2.747814e-03 2.847236e-04 -1.613721e-04 
1.690137e-05 1.287072e-04 0.000000e+00 1.529221e-04 0.000000e+00 0.000000e+00 3.788845e-01 -6.224491e-01 2.443231e+00 1.706421e+00 2.401016e-05 1.826793e-04 0.000000e+00 2.168030e-04 0.000000e+00 0.000000e+00 -2.009101e-03 -3.759966e-03 3.024914e-03 3.134362e-04 -1.955824e-04 
1.941714e-05 1.478457e-04 0.000000e+00 1.756331e-04 0.000000e+00 0.000000e+00 3.786740e-01 -6.228429e-01 2.443548e+00 1.706454e+00 2.631692e-05 2.001822e-04 0.000000e+00 2.374971e-04 0.000000e+00 0.000000e+00 -2.201525e-03 -4.120081e-03 3.314628e-03 3.434559e-04 -2.348101e-04 
2.216856e-05 1.687709e-04 0.000000e+00 2.004547e-04 0.000000e+00 0.000000e+00 3.784439e-01 -6.232736e-01 2.443895e+00 1.706490e+00 2.872488e-05 2.184412e-04 0.000000e+00 2.590657e-04 0.000000e+00 0.000000e+00 -2.402242e-03 -4.495717e-03 3.616830e-03 3.747695e-04 -2.794954e-04 
2.516571e-05 1.915579e-04 0.000000e+00 2.274736e-04 0.000000e+00 0.000000e+00 3.781933e-01 -6.237426e-01 2.444272e+00 1.706529e+00 3.123331e-05 2.374486e-04 0.000000e+00 2.814964e-04 0.000000e+00 0.000000e+00 -2.611166e-03 -4.886711e-03 3.931386e-03 4.073633e-04 -3.300947e-04 
2.841859e-05 2.162815e-04 0.000000e+00 2.567756e-04 0.000000e+00 0.000000e+00 3.779214e-01 -6.242514e-01 2.444681e+00 1.706571e+00 3.384143e-05 2.571963e-04 0.000000e+00 3.047760e-04 0.000000e+00 0.000000e+00 -2.828204e-03 -5.292890e-03 4.258159e-03 4.412230e-04 -3.870808e-04 
3.193715e-05 2.430155e-04 0.000000e+00 2.884456e-04 0.000000e+00 0.000000e+00 3.776274e-01 -6.248017e-01 2.445124e+00 1.706617e+00 3.654843e-05 2.776758e-04 0.000000e+00 3.288908e-04 0.000000e+00 0.000000e+00 -3.053260e-03 -5.714076e-03 4.597006e-03 4.763337e-04 -4.509425e-04 
3.573127e-05 2.718333e-04 0.000000e+00 3.225675e-04 0.000000e+00 0.000000e+00 3.773105e-01 -6.253948e-01 2.445601e+00 1.706666e+00 3.935350e-05 2.988786e-04 0.000000e+00 3.538264e-04 0.000000e+00 0.000000e+00 -3.286237e-03 -6.150085e-03 4.947777e-03 5.126800e-04 -5.221850e-04 
3.981077e-05 3.028078e-04 0.000000e+00 3.592244e-04 0.000000e+00 0.000000e+00 3.769699e-01 -6.260322e-01 2.446114e+00 1.706720e+00 4.225578e-05 3.207955e-04 0.000000e+00 3.795677e-04 0.000000e+00 0.000000e+00 -3.527033e-03 -6.600725e-03 5.310320e-03 5.502460e-04 -6.013296e-04 
4.418539e-05 3.360109e-04 0.000000e+00 3.984981e-04 0.000000e+00 0.000000e+00 3.766048e-01 -6.267154e-01 2.446663e+00 1.706776e+00 4.525441e-05 3.434172e-04 0.000000e+00 4.060993e-04 0.000000e+00 0.000000e+00 -3.775540e-03 -7.065799e-03 5.684474e-03 5.890153e-04 -6.889139e-04 
4.886469e-05 3.715121e-04 0.000000e+00 4.404656e-04 0.000000e+00 0.000000e+00 3.762145e-01 -6.274458e-01 2.447251e+00 1.706837e+00 4.834853e-05 3.667341e-04 0.000000e+00 4.334049e-04 0.000000e+00 0.000000e+00 -4.031651e-03 -7.545102e-03 6.070077e-03 6.289707e-04 -7.854158e-04 
5.385805e-05 4.093784e-04 0.000000e+00 4.851997e-04 0.000000e+00 0.000000e+00 3.757983e-01 -6.282249e-01 2.447878e+00 1.706902e+00 5.153730e-05 3.907365e-04 0.000000e+00 4.614672e-04 0.000000e+00 0.000000e+00 -4.295253e-03 -8.038425e-03 6.466957e-03 6.700948e-04 -8.912827e-04 
5.917495e-05 4.496786e-04 0.000000e+00 5.327766e-04 0.000000e+00 0.000000e+00 3.753552e-01 -6.290540e-01 2.448545e+00 1.706971e+00 5.481985e-05 4.154143e-04 0.000000e+00 4.902685e-04 0.000000e+00 0.000000e+00 -4.566231e-03 -8.545550e-03 6.874943e-03 7.123695e-04 -1.007065e-03 
6.482476e-05 4.924803e-04 0.000000e+00 5.832706e-04 0.000000e+00 0.000000e+00 3.748848e-01 -6.299344e-01 2.449253e+00 1.707045e+00 5.819529e-05 4.407568e-04 0.000000e+00 5.197903e-04 0.000000e+00 0.000000e+00 -4.844465e-03 -9.066257e-03 7.293854e-03 7.557764e-04 -1.133303e-03 
7.081675e-05 5.378496e-04 0.000000e+00 6.367532e-04 0.000000e+00 0.000000e+00 3.743861e-01 -6.308677e-01 2.450004e+00 1.707123e+00 6.166270e-05 4.667535e-04 0.000000e+00 5.500136e-04 0.000000e+00 0.000000e+00 -5.129834e-03 -9.600315e-03 7.723507e-03 8.002963e-04 -1.270530e-03 
7.716009e-05 5.858516e-04 0.000000e+00 6.932942e-04 0.000000e+00 0.000000e+00 3.738586e-01 -6.318549e-01 2.450798e+00 1.707205e+00 6.522116e-05 4.933932e-04 0.000000e+00 5.809188e-04 0.000000e+00 0.000000e+00 -5.422213e-03 -1.014749e-02 8.163714e-03 8.459097e-04 -1.419269e-03 
8.386385e-05 6.365500e-04 0.000000e+00 7.529606e-04 0.000000e+00 0.000000e+00 3.733014e-01 -6.328976e-01 2.451637e+00 1.707292e+00 6.886973e-05 5.206646e-04 0.000000e+00 6.124855e-04 0.000000e+00 0.000000e+00 -5.721472e-03 -1.070755e-02 8.614280e-03 8.925967e-04 -1.580033e-03 
9.093698e-05 6.900073e-04 0.000000e+00 8.158173e-04 0.000000e+00 0.000000e+00 3.727140e-01 -6.339969e-01 2.452521e+00 1.707383e+00 7.260746e-05 5.485562e-04 0.000000e+00 6.446931e-04 0.000000e+00 0.000000e+00 -6.027482e-03 -1.128023e-02 9.075010e-03 9.403366e-04 -1.753327e-03 
9.838836e-05 7.462848e-04 0.000000e+00 8.819271e-04 0.000000e+00 0.000000e+00 3.720957e-01 -6.351540e-01 2.453452e+00 1.707480e+00 7.643336e-05 5.770561e-04 0.000000e+00 6.775200e-04 0.000000e+00 0.000000e+00 -6.340107e-03 -1.186530e-02 9.545700e-03 9.891087e-04 -1.939644e-03 
1.062267e-04 8.054425e-04 0.000000e+00 9.513501e-04 0.000000e+00 0.000000e+00 3.714458e-01 -6.363703e-01 2.454431e+00 1.707581e+00 8.034645e-05 6.061521e-04 0.000000e+00 7.109441e-04 0.000000e+00 0.000000e+00 -6.659211e-03 -1.246249e-02 1.002614e-02 1.038892e-03 -2.139471e-03 
1.144608e-04 8.675391e-04 0.000000e+00 1.024144e-03 0.000000e+00 0.000000e+00 3.707637e-01 -6.376469e-01 2.455458e+00 1.707688e+00 8.434573e-05 6.358319e-04 0.000000e+00 7.449429e-04 0.000000e+00 0.000000e+00 -6.984653e-03 -1.307155e-02 1.051613e-02 1.089663e-03 -2.353282e-03 
1.230990e-04 9.326320e-04 0.000000e+00 1.100366e-03 0.000000e+00 0.000000e+00 3.700487e-01 -6.389850e-01 2.456534e+00 1.707799e+00 8.843018e-05 6.660826e-04 0.000000e+00 7.794931e-04 0.000000e+00 0.000000e+00 -7.316291e-03 -1.369220e-02 1.101545e-02 1.141401e-03 -2.581546e-03 
1.321499e-04 1.000777e-03 0.000000e+00 1.180068e-03 0.000000e+00 0.000000e+00 3.693002e-01 -6.403857e-01 2.457661e+00 1.707916e+00 9.259877e-05 6.968914e-04 0.000000e+00 8.145709e-04 0.000000e+00 0.000000e+00 -7.653980e-03 -1.432417e-02 1.152387e-02 1.194084e-03 -2.824719e-03 
1.416218e-04 1.072031e-03 0.000000e+00 1.263301e-03 0.000000e+00 0.000000e+00 3.685177e-01 -6.418502e-01 2.458840e+00 1.708038e+00 9.685044e-05 7.282451e-04 0.000000e+00 8.501517e-04 0.000000e+00 0.000000e+00 -7.997570e-03 -1.496719e-02 1.204119e-02 1.247687e-03 -3.083249e-03 
1.515229e-04 1.146445e-03 0.000000e+00 1.350115e-03 0.000000e+00 0.000000e+00 3.677005e-01 -6.433795e-01 2.460070e+00 1.708166e+00 1.011841e-04 7.601299e-04 0.000000e+00 8.862105e-04 0.000000e+00 0.000000e+00 -8.346913e-03 -1.562097e-02 1.256716e-02 1.302187e-03 -3.357575e-03 
1.618615e-04 1.224073e-03 0.000000e+00 1.440557e-03 0.000000e+00 0.000000e+00 3.668481e-01 -6.449748e-01 2.461353e+00 1.708299e+00 1.055988e-04 7.925322e-04 0.000000e+00 9.227218e-04 0.000000e+00 0.000000e+00 -8.701853e-03 -1.628523e-02 1.310156e-02 1.357561e-03 -3.648125e-03 
1.726454e-04 1.304966e-03 0.000000e+00 1.534669e-03 0.000000e+00 0.000000e+00 3.659599e-01 -6.466369e-01 2.462690e+00 1.708437e+00 1.100933e-04 8.254379e-04 0.000000e+00 9.596591e-04 0.000000e+00 0.000000e+00 -9.062237e-03 -1.695968e-02 1.364415e-02 1.413783e-03 -3.955320e-03 
1.838827e-04 1.389173e-03 0.000000e+00 1.632495e-03 0.000000e+00 0.000000e+00 3.650355e-01 -6.483670e-01 2.464082e+00 1.708581e+00 1.146665e-04 8.588326e-04 0.000000e+00 9.969957e-04 0.000000e+00 0.000000e+00 -9.427904e-03 -1.764401e-02 1.419471e-02 1.470830e-03 -4.279570e-03 
1.955813e-04 1.476745e-03 0.000000e+00 1.734073e-03 0.000000e+00 0.000000e+00 3.640742e-01 -6.501661e-01 2.465530e+00 1.708731e+00 1.193173e-04 8.927016e-04 0.000000e+00 1.034704e-03 0.000000e+00 0.000000e+00 -9.798696e-03 -1.833794e-02 1.475297e-02 1.528677e-03 -4.621275e-03 
2.077487e-04 1.567727e-03 0.000000e+00 1.839442e-03 0.000000e+00 0.000000e+00 3.630756e-01 -6.520349e-01 2.467033e+00 1.708887e+00 1.240446e-04 9.270301e-04 0.000000e+00 1.072756e-03 0.000000e+00 0.000000e+00 -1.017445e-02 -1.904115e-02 1.531871e-02 1.587298e-03 -4.980828e-03 
2.203926e-04 1.662164e-03 0.000000e+00 1.948633e-03 0.000000e+00 0.000000e+00 3.620391e-01 -6.539746e-01 2.468594e+00 1.709049e+00 1.288472e-04 9.618029e-04 0.000000e+00 1.111124e-03 0.000000e+00 0.000000e+00 -1.055500e-02 -1.975333e-02 1.589167e-02 1.646667e-03 -5.358529e-03 
2.335203e-04 1.760100e-03 0.000000e+00 2.061674e-03 0.000000e+00 0.000000e+00 3.609644e-01 -6.559859e-01 2.470212e+00 1.709217e+00 1.337237e-04 9.970045e-04 0.000000e+00 1.149780e-03 0.000000e+00 0.000000e+00 -1.094018e-02 -2.047418e-02 1.647160e-02 1.706758e-03 -5.754673e-03 
2.471393e-04 1.861577e-03 0.000000e+00 2.178594e-03 0.000000e+00 0.000000e+00 3.598510e-01 -6.580697e-01 2.471888e+00 1.709390e+00 1.386732e-04 1.032619e-03 0.000000e+00 1.188692e-03 0.000000e+00 0.000000e+00 -1.132982e-02 -2.120338e-02 1.705824e-02 1.767545e-03 -6.169569e-03 
2.612569e-04 1.966635e-03 0.000000e+00 2.299418e-03 0.000000e+00 0.000000e+00 3.586983e-01 -6.602268e-01 2.473624e+00 1.709570e+00 1.436942e-04 1.068631e-03 0.000000e+00 1.227832e-03 0.000000e+00 0.000000e+00 -1.172375e-02 -2.194061e-02 1.765135e-02 1.829001e-03 -6.603500e-03 
2.758802e-04 2.075314e-03 0.000000e+00 2.424166e-03 0.000000e+00 0.000000e+00 3.575061e-01 -6.624581e-01 2.475419e+00 1.709756e+00 1.487856e-04 1.105024e-03 0.000000e+00 1.267169e-03 0.000000e+00 0.000000e+00 -1.212180e-02 -2.268555e-02 1.825065e-02 1.891100e-03 -7.056714e-03 
2.910162e-04 2.187652e-03 0.000000e+00 2.552857e-03 0.000000e+00 0.000000e+00 3.562738e-01 -6.647642e-01 2.477274e+00 1.709948e+00 1.539460e-04 1.141782e-03 0.000000e+00 1.306672e-03 0.000000e+00 0.000000e+00 -1.252379e-02 -2.343786e-02 1.885589e-02 1.953814e-03 -7.529434e-03 
3.066718e-04 2.303683e-03 0.000000e+00 2.685506e-03 0.000000e+00 0.000000e+00 3.550012e-01 -6.671459e-01 2.479190e+00 1.710147e+00 1.591742e-04 1.178887e-03 0.000000e+00 1.346309e-03 0.000000e+00 0.000000e+00 -1.292955e-02 -2.419722e-02 1.946680e-02 2.017115e-03 -8.021849e-03 
3.228535e-04 2.423442e-03 0.000000e+00 2.822125e-03 0.000000e+00 0.000000e+00 3.536878e-01 -6.696039e-01 2.481167e+00 1.710352e+00 1.644687e-04 1.216322e-03 0.000000e+00 1.386050e-03 0.000000e+00 0.000000e+00 -1.333889e-02 -2.496329e-02 2.008311e-02 2.080976e-03 -8.534120e-03 
3.395680e-04 2.546961e-03 0.000000e+00 2.962723e-03 0.000000e+00 0.000000e+00 3.523333e-01 -6.721388e-01 2.483207e+00 1.710563e+00 1.698282e-04 1.254071e-03 0.000000e+00 1.425863e-03 0.000000e+00 0.000000e+00 -1.375164e-02 -2.573575e-02 2.070455e-02 2.145369e-03 -9.066376e-03 
3.568217e-04 2.674270e-03 0.000000e+00 3.107303e-03 0.000000e+00 0.000000e+00 3.509374e-01 -6.747512e-01 2.485309e+00 1.710781e+00 1.752511e-04 1.292116e-03 0.000000e+00 1.465714e-03 0.000000e+00 0.000000e+00 -1.416763e-02 -2.651424e-02 2.133086e-02 2.210266e-03 -9.618717e-03 
3.746208e-04 2.805397e-03 0.000000e+00 3.255870e-03 0.000000e+00 0.000000e+00 3.494997e-01 -6.774418e-01 2.487473e+00 1.711005e+00 1.807361e-04 1.330439e-03 0.000000e+00 1.505572e-03 0.000000e+00 0.000000e+00 -1.458665e-02 -2.729844e-02 2.196174e-02 2.275637e-03 -1.019121e-02 
3.929714e-04 2.940369e-03 0.000000e+00 3.408420e-03 0.000000e+00 0.000000e+00 3.480199e-01 -6.802111e-01 2.489701e+00 1.711236e+00 1.862816e-04 1.369021e-03 0.000000e+00 1.545405e-03 0.000000e+00 0.000000e+00 -1.500854e-02 -2.808798e-02 2.259694e-02 2.341455e-03 -1.078390e-02 
4.118794e-04 3.079211e-03 0.000000e+00 3.564951e-03 0.000000e+00 0.000000e+00 3.464979e-01 -6.830596e-01 2.491993e+00 1.711473e+00 1.918860e-04 1.407845e-03 0.000000e+00 1.585177e-03 0.000000e+00 0.000000e+00 -1.543310e-02 -2.888254e-02 2.323617e-02 2.407691e-03 -1.139679e-02 
4.313507e-04 3.221946e-03 0.000000e+00 3.725453e-03 0.000000e+00 0.000000e+00 3.449332e-01 -6.859877e-01 2.494348e+00 1.711718e+00 1.975478e-04 1.446892e-03 0.000000e+00 1.624857e-03 0.000000e+00 0.000000e+00 -1.586016e-02 -2.968176e-02 2.387914e-02 2.474315e-03 -1.202987e-02 
4.513908e-04 3.368595e-03 0.000000e+00 3.889917e-03 0.000000e+00 0.000000e+00 3.433258e-01 -6.889961e-01 2.496769e+00 1.711968e+00 2.032653e-04 1.486143e-03 0.000000e+00 1.664410e-03 0.000000e+00 0.000000e+00 -1.628951e-02 -3.048528e-02 2.452558e-02 2.541298e-03 -1.268307e-02 
4.720054e-04 3.519179e-03 0.000000e+00 4.058327e-03 0.000000e+00 0.000000e+00 3.416753e-01 -6.920849e-01 2.499254e+00 1.712226e+00 2.090368e-04 1.525579e-03 0.000000e+00 1.703802e-03 0.000000e+00 0.000000e+00 -1.672098e-02 -3.129277e-02 2.517521e-02 2.608611e-03 -1.335633e-02 
4.931997e-04 3.673714e-03 0.000000e+00 4.230667e-03 0.000000e+00 0.000000e+00 3.399815e-01 -6.952547e-01 2.501804e+00 1.712490e+00 2.148608e-04 1.565180e-03 0.000000e+00 1.742998e-03 0.000000e+00 0.000000e+00 -1.715438e-02 -3.210386e-02 2.582773e-02 2.676224e-03 -1.404952e-02 
5.149789e-04 3.832217e-03 0.000000e+00 4.406916e-03 0.000000e+00 0.000000e+00 3.382443e-01 -6.985058e-01 2.504419e+00 1.712761e+00 2.207353e-04 1.604928e-03 0.000000e+00 1.781963e-03 0.000000e+00 0.000000e+00 -1.758951e-02 -3.291819e-02 2.648287e-02 2.744108e-03 -1.476251e-02 
5.373482e-04 3.994702e-03 0.000000e+00 4.587050e-03 0.000000e+00 0.000000e+00 3.364636e-01 -7.018385e-01 2.507100e+00 1.713039e+00 2.266587e-04 1.644801e-03 0.000000e+00 1.820663e-03 0.000000e+00 0.000000e+00 -1.802619e-02 -3.373541e-02 2.714033e-02 2.812233e-03 -1.549512e-02 
5.603117e-04 4.161180e-03 0.000000e+00 4.771041e-03 0.000000e+00 0.000000e+00 3.346390e-01 -7.052530e-01 2.509847e+00 1.713323e+00 2.326290e-04 1.684782e-03 0.000000e+00 1.859064e-03 0.000000e+00 0.000000e+00 -1.846422e-02 -3.455517e-02 2.779983e-02 2.880569e-03 -1.624716e-02 
5.838742e-04 4.331659e-03 0.000000e+00 4.958857e-03 0.000000e+00 0.000000e+00 3.327707e-01 -7.087496e-01 2.512660e+00 1.713615e+00 2.386442e-04 1.724848e-03 0.000000e+00 1.897132e-03 0.000000e+00 0.000000e+00 -1.890340e-02 -3.537710e-02 2.846107e-02 2.949086e-03 -1.701836e-02 
6.080403e-04 4.506149e-03 0.000000e+00 5.150462e-03 0.000000e+00 0.000000e+00 3.308583e-01 -7.123284e-01 2.515540e+00 1.713913e+00 2.447025e-04 1.764980e-03 0.000000e+00 1.934831e-03 0.000000e+00 0.000000e+00 -1.934356e-02 -3.620083e-02 2.912377e-02 3.017754e-03 -1.780840e-02 
6.328145e-04 4.684654e-03 0.000000e+00 5.345817e-03 0.000000e+00 0.000000e+00 3.289019e-01 -7.159898e-01 2.518485e+00 1.714219e+00 2.508019e-04 1.805156e-03 0.000000e+00 1.972123e-03 0.000000e+00 0.000000e+00 -1.978449e-02 -3.702602e-02 2.978764e-02 3.086543e-03 -1.861695e-02 
6.582008e-04 4.867179e-03 0.000000e+00 5.544878e-03 0.000000e+00 0.000000e+00 3.269014e-01 -7.197337e-01 2.521497e+00 1.714531e+00 2.569402e-04 1.845355e-03 0.000000e+00 2.008973e-03 0.000000e+00 0.000000e+00 -2.022600e-02 -3.785230e-02 3.045239e-02 3.155423e-03 -1.944363e-02 
6.842031e-04 5.053724e-03 0.000000e+00 5.747600e-03 0.000000e+00 0.000000e+00 3.248567e-01 -7.235603e-01 2.524576e+00 1.714850e+00 2.631153e-04 1.885556e-03 0.000000e+00 2.045345e-03 0.000000e+00 0.000000e+00 -2.066791e-02 -3.867930e-02 3.111771e-02 3.224363e-03 -2.028806e-02 
7.108250e-04 5.244289e-03 0.000000e+00 5.953932e-03 0.000000e+00 0.000000e+00 3.227678e-01 -7.274696e-01 2.527721e+00 1.715175e+00 2.693251e-04 1.925737e-03 0.000000e+00 2.081205e-03 0.000000e+00 0.000000e+00 -2.111000e-02 -3.950667e-02 3.178333e-02 3.293333e-03 -2.114979e-02 
7.380698e-04 5.438871e-03 0.000000e+00 6.163821e-03 0.000000e+00 0.000000e+00 3.206347e-01 -7.314616e-01 2.530932e+00 1.715508e+00 2.755673e-04 1.965877e-03 0.000000e+00 2.116517e-03 0.000000e+00 0.000000e+00 -2.155209e-02 -4.033403e-02 3.244895e-02 3.362304e-03 -2.202837e-02 
7.659406e-04 5.637465e-03 0.000000e+00 6.377212e-03 0.000000e+00 0.000000e+00 3.184574e-01 -7.355364e-01 2.534211e+00 1.715848e+00 2.818396e-04 2.005953e-03 0.000000e+00 2.151245e-03 0.000000e+00 0.000000e+00 -2.199400e-02 -4.116103e-02 3.311428e-02 3.431244e-03 -2.292331e-02 
7.944403e-04 5.840062e-03 0.000000e+00 6.594044e-03 0.000000e+00 0.000000e+00 3.162359e-01 -7.396938e-01 2.537555e+00 1.716195e+00 2.881394e-04 2.045945e-03 0.000000e+00 2.185356e-03 0.000000e+00 0.000000e+00 -2.243551e-02 -4.198731e-02 3.377903e-02 3.500123e-03 -2.383407e-02 
8.235714e-04 6.046654e-03 0.000000e+00 6.814254e-03 0.000000e+00 0.000000e+00 3.139703e-01 -7.439338e-01 2.540966e+00 1.716548e+00 2.944645e-04 2.085830e-03 0.000000e+00 2.218816e-03 0.000000e+00 0.000000e+00 -2.287644e-02 -4.281250e-02 3.444289e-02 3.568912e-03 -2.476011e-02 
8.533361e-04 6.257228e-03 0.000000e+00 7.037776e-03 0.000000e+00 0.000000e+00 3.116607e-01 -7.482562e-01 2.544444e+00 1.716908e+00 3.008122e-04 2.125585e-03 0.000000e+00 2.251590e-03 0.000000e+00 0.000000e+00 -2.331660e-02 -4.363624e-02 3.510560e-02 3.637580e-03 -2.570083e-02 
8.837367e-04 6.471770e-03 0.000000e+00 7.264539e-03 0.000000e+00 0.000000e+00 3.093070e-01 -7.526610e-01 2.547987e+00 1.717275e+00 3.071800e-04 2.165190e-03 0.000000e+00 2.283644e-03 0.000000e+00 0.000000e+00 -2.375578e-02 -4.445816e-02 3.576684e-02 3.706097e-03 -2.665564e-02 
9.147747e-04 6.690264e-03 0.000000e+00 7.494471e-03 0.000000e+00 0.000000e+00 3.069096e-01 -7.571478e-01 2.551597e+00 1.717650e+00 3.135651e-04 2.204621e-03 0.000000e+00 2.314945e-03 0.000000e+00 0.000000e+00 -2.419381e-02 -4.527792e-02 3.642634e-02 3.774433e-03 -2.762387e-02 
9.464517e-04 6.912691e-03 0.000000e+00 7.727495e-03 0.000000e+00 0.000000e+00 3.044683e-01 -7.617165e-01 2.555273e+00 1.718030e+00 3.199649e-04 2.243855e-03 0.000000e+00 2.345459e-03 0.000000e+00 0.000000e+00 -2.463049e-02 -4.609514e-02 3.708380e-02 3.842558e-03 -2.860486e-02 
9.787691e-04 7.139030e-03 0.000000e+00 7.963530e-03 0.000000e+00 0.000000e+00 3.019835e-01 -7.663667e-01 2.559014e+00 1.718418e+00 3.263765e-04 2.282871e-03 0.000000e+00 2.375155e-03 0.000000e+00 0.000000e+00 -2.506562e-02 -4.690948e-02 3.773894e-02 3.910442e-03 -2.959789e-02 
1.011728e-03 7.369258e-03 0.000000e+00 8.202494e-03 0.000000e+00 0.000000e+00 2.994553e-01 -7.710983e-01 2.562820e+00 1.718812e+00 3.327971e-04 2.321646e-03 0.000000e+00 2.403998e-03 0.000000e+00 0.000000e+00 -2.549902e-02 -4.772056e-02 3.839146e-02 3.978056e-03 -3.060222e-02 
1.045329e-03 7.603350e-03 0.000000e+00 8.444300e-03 0.000000e+00 0.000000e+00 2.968838e-01 -7.759107e-01 2.566692e+00 1.719214e+00 3.392238e-04 2.360156e-03 0.000000e+00 2.431957e-03 0.000000e+00 0.000000e+00 -2.593049e-02 -4.852805e-02 3.904109e-02 4.045369e-03 -3.161710e-02 
1.079572e-03 7.841278e-03 0.000000e+00 8.688857e-03 0.000000e+00 0.000000e+00 2.942692e-01 -7.808037e-01 2.570628e+00 1.719622e+00 3.456534e-04 2.398378e-03 0.000000e+00 2.459000e-03 0.000000e+00 0.000000e+00 -2.635984e-02 -4.933158e-02 3.968753e-02 4.112352e-03 -3.264171e-02 
1.114458e-03 8.083012e-03 0.000000e+00 8.936073e-03 0.000000e+00 0.000000e+00 2.916119e-01 -7.857769e-01 2.574629e+00 1.720036e+00 3.520831e-04 2.436291e-03 0.000000e+00 2.485093e-03 0.000000e+00 0.000000e+00 -2.678690e-02 -5.013079e-02 4.033050e-02 4.178976e-03 -3.367522e-02 
1.149987e-03 8.328521e-03 0.000000e+00 9.185849e-03 0.000000e+00 0.000000e+00 2.889119e-01 -7.908297e-01 2.578694e+00 1.720457e+00 3.585096e-04 2.473869e-03 0.000000e+00 2.510207e-03 0.000000e+00 0.000000e+00 -2.721146e-02 -5.092535e-02 4.096973e-02 4.245211e-03 -3.471678e-02 
1.186158e-03 8.577770e-03 0.000000e+00 9.438086e-03 0.000000e+00 0.000000e+00 2.861697e-01 -7.959618e-01 2.582823e+00 1.720885e+00 3.649297e-04 2.511090e-03 0.000000e+00 2.534309e-03 0.000000e+00 0.000000e+00 -2.763335e-02 -5.171490e-02 4.160492e-02 4.311029e-03 -3.576550e-02 
1.222971e-03 8.830724e-03 0.000000e+00 9.692681e-03 0.000000e+00 0.000000e+00 2.833854e-01 -8.011725e-01 2.587015e+00 1.721319e+00 3.713402e-04 2.547930e-03 0.000000e+00 2.557368e-03 0.000000e+00 0.000000e+00 -2.805237e-02 -5.249909e-02 4.223581e-02 4.376401e-03 -3.682044e-02 
1.260425e-03 9.087343e-03 0.000000e+00 9.949529e-03 0.000000e+00 0.000000e+00 2.805593e-01 -8.064614e-01 2.591270e+00 1.721760e+00 3.777378e-04 2.584367e-03 0.000000e+00 2.579356e-03 0.000000e+00 0.000000e+00 -2.846836e-02 -5.327759e-02 4.286211e-02 4.441297e-03 -3.788072e-02 
1.298518e-03 9.347588e-03 0.000000e+00 1.020853e-02 0.000000e+00 0.000000e+00 2.776918e-01 -8.118279e-01 2.595587e+00 1.722208e+00 3.841193e-04 2.620380e-03 0.000000e+00 2.600248e-03 0.000000e+00 0.000000e+00 -2.888111e-02 -5.405004e-02 4.348356e-02 4.505690e-03 -3.894556e-02 
1.337247e-03 9.611415e-03 0.000000e+00 1.046958e-02 0.000000e+00 0.000000e+00 2.747832e-01 -8.172712e-01 2.599967e+00 1.722661e+00 3.904811e-04 2.655946e-03 0.000000e+00 2.620016e-03 0.000000e+00 0.000000e+00 -2.929045e-02 -5.481612e-02 4.409987e-02 4.569551e-03 -4.001395e-02 
1.376612e-03 9.878776e-03 0.000000e+00 1.073254e-02 0.000000e+00 0.000000e+00 2.718338e-01 -8.227909e-01 2.604407e+00 1.723122e+00 3.968194e-04 2.691040e-03 0.000000e+00 2.638631e-03 0.000000e+00 0.000000e+00 -2.969621e-02 -5.557548e-02 4.471078e-02 4.632853e-03 -4.108486e-02 
1.416610e-03 1.014962e-02 0.000000e+00 1.099731e-02 0.000000e+00 0.000000e+00 2.688441e-01 -8.283861e-01 2.608909e+00 1.723588e+00 4.031307e-04 2.725639e-03 0.000000e+00 2.656066e-03 0.000000e+00 0.000000e+00 -3.009820e-02 -5.632779e-02 4.531602e-02 4.695566e-03 -4.215722e-02 
1.457237e-03 1.042390e-02 0.000000e+00 1.126375e-02 0.000000e+00 0.000000e+00 2.658143e-01 -8.340562e-01 2.613470e+00 1.724061e+00 4.094111e-04 2.759720e-03 0.000000e+00 2.672295e-03 0.000000e+00 0.000000e+00 -3.049625e-02 -5.707272e-02 4.591532e-02 4.757665e-03 -4.323002e-02 
1.498491e-03 1.070155e-02 0.000000e+00 1.153175e-02 0.000000e+00 0.000000e+00 2.627450e-01 -8.398004e-01 2.618092e+00 1.724540e+00 4.156568e-04 2.793260e-03 0.000000e+00 2.687293e-03 0.000000e+00 0.000000e+00 -3.089018e-02 -5.780995e-02 4.650843e-02 4.819122e-03 -4.430220e-02 
1.540368e-03 1.098253e-02 0.000000e+00 1.180118e-02 0.000000e+00 0.000000e+00 2.596364e-01 -8.456179e-01 2.622772e+00 1.725025e+00 4.218640e-04 2.826237e-03 0.000000e+00 2.701036e-03 0.000000e+00 0.000000e+00 -3.127982e-02 -5.853915e-02 4.709507e-02 4.879909e-03 -4.537273e-02 
1.582864e-03 1.126678e-02 0.000000e+00 1.207191e-02 0.000000e+00 0.000000e+00 2.564891e-01 -8.515079e-01 2.627510e+00 1.725516e+00 4.280288e-04 2.858628e-03 0.000000e+00 2.713503e-03 0.000000e+00 0.000000e+00 -3.166500e-02 -5.926000e-02 4.767500e-02 4.940000e-03 -4.644057e-02 
1.625974e-03 1.155423e-02 0.000000e+00 1.234381e-02 0.000000e+00 0.000000e+00 2.533036e-01 -8.574696e-01 2.632307e+00 1.726012e+00 4.341474e-04 2.890413e-03 0.000000e+00 2.724671e-03 0.000000e+00 0.000000e+00 -3.204555e-02 -5.997219e-02 4.824796e-02 4.999369e-03 -4.750468e-02 
1.669693e-03 1.184483e-02 0.000000e+00 1.261676e-02 0.000000e+00 0.000000e+00 2.500802e-01 -8.635021e-01 2.637160e+00 1.726515e+00 4.402158e-04 2.921569e-03 0.000000e+00 2.734522e-03 0.000000e+00 0.000000e+00 -3.242130e-02 -6.067540e-02 4.881369e-02 5.057990e-03 -4.856403e-02 
1.714017e-03 1.213851e-02 0.000000e+00 1.289063e-02 0.000000e+00 0.000000e+00 2.468195e-01 -8.696044e-01 2.642069e+00 1.727024e+00 4.462301e-04 2.952076e-03 0.000000e+00 2.743036e-03 0.000000e+00 0.000000e+00 -3.279210e-02 -6.136932e-02 4.937196e-02 5.115836e-03 -4.961757e-02 
1.758939e-03 1.243521e-02 0.000000e+00 1.316527e-02 0.000000e+00 0.000000e+00 2.435219e-01 -8.757756e-01 2.647034e+00 1.727538e+00 4.521863e-04 2.981913e-03 0.000000e+00 2.750196e-03 0.000000e+00 0.000000e+00 -3.315776e-02 -6.205366e-02 4.992251e-02 5.172883e-03 -5.066428e-02 
1.804453e-03 1.273486e-02 0.000000e+00 1.344056e-02 0.000000e+00 0.000000e+00 2.401881e-01 -8.820148e-01 2.652053e+00 1.728059e+00 4.580804e-04 3.011061e-03 0.000000e+00 2.755985e-03 0.000000e+00 0.000000e+00 -3.351815e-02 -6.272810e-02 5.046511e-02 5.229106e-03 -5.170311e-02 
1.850554e-03 1.303738e-02 0.000000e+00 1.371637e-02 0.000000e+00 0.000000e+00 2.368185e-01 -8.883209e-01 2.657127e+00 1.728584e+00 4.639083e-04 3.039498e-03 0.000000e+00 2.760390e-03 0.000000e+00 0.000000e+00 -3.387309e-02 -6.339236e-02 5.099951e-02 5.284480e-03 -5.273304e-02 
1.897234e-03 1.334271e-02 0.000000e+00 1.399254e-02 0.000000e+00 0.000000e+00 2.334137e-01 -8.946929e-01 2.662253e+00 1.729115e+00 4.696659e-04 3.067207e-03 0.000000e+00 2.763396e-03 0.000000e+00 0.000000e+00 -3.422243e-02 -6.404614e-02 5.152548e-02 5.338980e-03 -5.375302e-02 
1.944485e-03 1.365078e-02 0.000000e+00 1.426896e-02 0.000000e+00 0.000000e+00 2.299742e-01 -9.011297e-01 2.667431e+00 1.729652e+00 4.753492e-04 3.094167e-03 0.000000e+00 2.764990e-03 0.000000e+00 0.000000e+00 -3.456602e-02 -6.468916e-02 5.204279e-02 5.392583e-03 -5.476203e-02 
1.992301e-03 1.396151e-02 0.000000e+00 1.454546e-02 0.000000e+00 0.000000e+00 2.265007e-01 -9.076304e-01 2.672661e+00 1.730194e+00 4.809539e-04 3.120361e-03 0.000000e+00 2.765161e-03 0.000000e+00 0.000000e+00 -3.490371e-02 -6.532114e-02 5.255122e-02 5.445265e-03 -5.575903e-02 
2.040673e-03 1.427482e-02 0.000000e+00 1.482192e-02 0.000000e+00 0.000000e+00 2.229937e-01 -9.141936e-01 2.677941e+00 1.730741e+00 4.864759e-04 3.145770e-03 0.000000e+00 2.763900e-03 0.000000e+00 0.000000e+00 -3.523535e-02 -6.594179e-02 5.305053e-02 5.497003e-03 -5.674299e-02 
2.089593e-03 1.459064e-02 0.000000e+00 1.509819e-02 0.000000e+00 0.000000e+00 2.194538e-01 -9.208183e-01 2.683271e+00 1.731293e+00 4.919109e-04 3.170375e-03 0.000000e+00 2.761197e-03 0.000000e+00 0.000000e+00 -3.556079e-02 -6.655084e-02 5.354052e-02 5.547775e-03 -5.771288e-02 
2.139051e-03 1.490888e-02 0.000000e+00 1.537413e-02 0.000000e+00 0.000000e+00 2.158817e-01 -9.275034e-01 2.688649e+00 1.731851e+00 4.972548e-04 3.194160e-03 0.000000e+00 2.757046e-03 0.000000e+00 0.000000e+00 -3.587989e-02 -6.714803e-02 5.402097e-02 5.597558e-03 -5.866767e-02 
2.189039e-03 1.522945e-02 0.000000e+00 1.564958e-02 0.000000e+00 0.000000e+00 2.122780e-01 -9.342475e-01 2.694075e+00 1.732413e+00 5.025032e-04 3.217108e-03 0.000000e+00 2.751439e-03 0.000000e+00 0.000000e+00 -3.619252e-02 -6.773310e-02 5.449166e-02 5.646330e-03 -5.960632e-02 
2.239547e-03 1.555228e-02 0.000000e+00 1.592440e-02 0.000000e+00 0.000000e+00 2.086434e-01 -9.410496e-01 2.699547e+00 1.732980e+00 5.076518e-04 3.239200e-03 0.000000e+00 2.744371e-03 0.000000e+00 0.000000e+00 -3.649853e-02 -6.830579e-02 5.495239e-02 5.694070e-03 -6.052782e-02 
2.290564e-03 1.587727e-02 0.000000e+00 1.619845e-02 0.000000e+00 0.000000e+00 2.049786e-01 -9.479083e-01 2.705065e+00 1.733552e+00 5.126962e-04 3.260422e-03 0.000000e+00 2.735839e-03 0.000000e+00 0.000000e+00 -3.679779e-02 -6.886584e-02 5.540295e-02 5.740757e-03 -6.143112e-02 
2.342080e-03 1.620435e-02 0.000000e+00 1.647157e-02 0.000000e+00 0.000000e+00 2.012841e-01 -9.548223e-01 2.710627e+00 1.734128e+00 5.176322e-04 3.280757e-03 0.000000e+00 2.725840e-03 0.000000e+00 0.000000e+00 -3.709017e-02 -6.941302e-02 5.584316e-02 5.786370e-03 -6.231520e-02 
2.394085e-03 1.653340e-02 0.000000e+00 1.674360e-02 0.000000e+00 0.000000e+00 1.975608e-01 -9.617904e-01 2.716233e+00 1.734709e+00 5.224552e-04 3.300189e-03 0.000000e+00 2.714373e-03 0.000000e+00 0.000000e+00 -3.737553e-02 -6.994708e-02 5.627281e-02 5.830890e-03 -6.317904e-02 
2.446567e-03 1.686436e-02 0.000000e+00 1.701441e-02 0.000000e+00 0.000000e+00 1.938092e-01 -9.688113e-01 2.721882e+00 1.735294e+00 5.271612e-04 3.318705e-03 0.000000e+00 2.701438e-03 0.000000e+00 0.000000e+00 -3.765377e-02 -7.046778e-02 5.669172e-02 5.874297e-03 -6.402169e-02 
2.499515e-03 1.719712e-02 0.000000e+00 1.728385e-02 0.000000e+00 0.000000e+00 1.900303e-01 -9.758835e-01 2.727571e+00 1.735884e+00 5.317464e-04 3.336292e-03 0.000000e+00 2.687041e-03 0.000000e+00 0.000000e+00 -3.792475e-02 -7.097491e-02 5.709971e-02 5.916572e-03 -6.484240e-02 
2.552914e-03 1.753160e-02 0.000000e+00 1.755179e-02 0.000000e+00 0.000000e+00 1.862245e-01 -9.830058e-01 2.733301e+00 1.736477e+00 5.362067e-04 3.352940e-03 0.000000e+00 2.671187e-03 0.000000e+00 0.000000e+00 -3.818835e-02 -7.146823e-02 5.749659e-02 5.957696e-03 -6.564024e-02 
2.606753e-03 1.786769e-02 0.000000e+00 1.781807e-02 0.000000e+00 0.000000e+00 1.823928e-01 -9.901767e-01 2.739070e+00 1.737075e+00 5.405378e-04 3.368635e-03 0.000000e+00 2.653883e-03 0.000000e+00 0.000000e+00 -3.844446e-02 -7.194753e-02 5.788219e-02 5.997651e-03 -6.641432e-02 
2.661019e-03 1.820530e-02 0.000000e+00 1.808254e-02 0.000000e+00 0.000000e+00 1.785359e-01 -9.973948e-01 2.744877e+00 1.737677e+00 5.447354e-04 3.383366e-03 0.000000e+00 2.635135e-03 0.000000e+00 0.000000e+00 -3.869297e-02 -7.241261e-02 5.825635e-02 6.036421e-03 -6.716378e-02 
2.715697e-03 1.854434e-02 0.000000e+00 1.834506e-02 0.000000e+00 0.000000e+00 1.746545e-01 -1.004659e+00 2.750721e+00 1.738282e+00 5.487955e-04 3.397123e-03 0.000000e+00 2.614955e-03 0.000000e+00 0.000000e+00 -3.893376e-02 -7.286325e-02 5.861889e-02 6.073987e-03 -6.788779e-02 
2.770774e-03 1.888470e-02 0.000000e+00 1.860548e-02 0.000000e+00 0.000000e+00 1.707494e-01 -1.011967e+00 2.756601e+00 1.738892e+00 5.527142e-04 3.409897e-03 0.000000e+00 2.593353e-03 0.000000e+00 0.000000e+00 -3.916674e-02 -7.329926e-02 5.896966e-02 6.110333e-03 -6.858554e-02 
2.826235e-03 1.922628e-02 0.000000e+00 1.886367e-02 0.000000e+00 0.000000e+00 1.668214e-01 -1.019318e+00 2.762515e+00 1.739504e+00 5.564877e-04 3.421679e-03 0.000000e+00 2.570342e-03 0.000000e+00 0.000000e+00 -3.939180e-02 -7.372044e-02 5.930851e-02 6.145444e-03 -6.925630e-02 
2.882065e-03 1.956899e-02 0.000000e+00 1.911948e-02 0.000000e+00 0.000000e+00 1.628713e-01 -1.026711e+00 2.768462e+00 1.740121e+00 5.601121e-04 3.432460e-03 0.000000e+00 2.545937e-03 0.000000e+00 0.000000e+00 -3.960883e-02 -7.412662e-02 5.963528e-02 6.179303e-03 -6.989932e-02 
2.938250e-03 1.991272e-02 0.000000e+00 1.937278e-02 0.000000e+00 0.000000e+00 1.588999e-01 -1.034143e+00 2.774441e+00 1.740740e+00 5.635839e-04 3.442234e-03 0.000000e+00 2.520153e-03 0.000000e+00 0.000000e+00 -3.981776e-02 -7.451762e-02 5.994984e-02 6.211897e-03 -7.051391e-02 
2.994775e-03 2.025739e-02 0.000000e+00 1.962344e-02 0.000000e+00 0.000000e+00 1.549080e-01 -1.041614e+00 2.780451e+00 1.741363e+00 5.668994e-04 3.450996e-03 0.000000e+00 2.493008e-03 0.000000e+00 0.000000e+00 -4.001848e-02 -7.489325e-02 6.025204e-02 6.243211e-03 -7.109943e-02 
3.051623e-03 2.060287e-02 0.000000e+00 1.987131e-02 0.000000e+00 0.000000e+00 1.508965e-01 -1.049121e+00 2.786491e+00 1.741989e+00 5.700554e-04 3.458739e-03 0.000000e+00 2.464520e-03 0.000000e+00 0.000000e+00 -4.021090e-02 -7.525337e-02 6.054175e-02 6.273230e-03 -7.165523e-02 
3.108778e-03 2.094908e-02 0.000000e+00 2.011627e-02 0.000000e+00 0.000000e+00 1.468661e-01 -1.056664e+00 2.792559e+00 1.742618e+00 5.730483e-04 3.465460e-03 0.000000e+00 2.434712e-03 0.000000e+00 0.000000e+00 -4.039494e-02 -7.559780e-02 6.081885e-02 6.301943e-03 -7.218074e-02 
3.166225e-03 2.129592e-02 0.000000e+00 2.035818e-02 0.000000e+00 0.000000e+00 1.428178e-01 -1.064240e+00 2.798655e+00 1.743249e+00 5.758750e-04 3.471154e-03 0.000000e+00 2.403604e-03 0.000000e+00 0.000000e+00 -4.057053e-02 -7.592641e-02 6.108322e-02 6.329336e-03 -7.267540e-02 
3.223946e-03 2.164327e-02 0.000000e+00 2.059693e-02 0.000000e+00 0.000000e+00 1.387523e-01 -1.071849e+00 2.804776e+00 1.743883e+00 5.785324e-04 3.475820e-03 0.000000e+00 2.371221e-03 0.000000e+00 0.000000e+00 -4.073758e-02 -7.623904e-02 6.133473e-02 6.355397e-03 -7.313869e-02 
3.281925e-03 2.199104e-02 0.000000e+00 2.083238e-02 0.000000e+00 0.000000e+00 1.346706e-01 -1.079487e+00 2.810921e+00 1.744520e+00 5.810174e-04 3.479455e-03 0.000000e+00 2.337588e-03 0.000000e+00 0.000000e+00 -4.089602e-02 -7.653555e-02 6.157328e-02 6.380115e-03 -7.357011e-02 
3.340144e-03 2.233913e-02 0.000000e+00 2.106441e-02 0.000000e+00 0.000000e+00 1.305734e-01 -1.087155e+00 2.817090e+00 1.745159e+00 5.833272e-04 3.482058e-03 0.000000e+00 2.302732e-03 0.000000e+00 0.000000e+00 -4.104579e-02 -7.681583e-02 6.179876e-02 6.403480e-03 -7.396921e-02 
3.398585e-03 2.268743e-02 0.000000e+00 2.129290e-02 0.000000e+00 0.000000e+00 1.264617e-01 -1.094850e+00 2.823280e+00 1.745801e+00 5.854588e-04 3.483630e-03 0.000000e+00 2.266682e-03 0.000000e+00 0.000000e+00 -4.118680e-02 -7.707974e-02 6.201108e-02 6.425479e-03 -7.433559e-02 
3.457231e-03 2.303583e-02 0.000000e+00 2.151773e-02 0.000000e+00 0.000000e+00 1.223363e-01 -1.102570e+00 2.829492e+00 1.746444e+00 5.874095e-04 3.484171e-03 0.000000e+00 2.229467e-03 0.000000e+00 0.000000e+00 -4.131901e-02 -7.732717e-02 6.221014e-02 6.446106e-03 -7.466884e-02 
3.516062e-03 2.338424e-02 0.000000e+00 2.173878e-02 0.000000e+00 0.000000e+00 1.181982e-01 -1.110315e+00 2.835722e+00 1.747090e+00 5.891769e-04 3.483683e-03 0.000000e+00 2.191120e-03 0.000000e+00 0.000000e+00 -4.144236e-02 -7.755801e-02 6.239585e-02 6.465349e-03 -7.496862e-02 
3.575061e-03 2.373255e-02 0.000000e+00 2.195594e-02 0.000000e+00 0.000000e+00 1.140482e-01 -1.118082e+00 2.841970e+00 1.747737e+00 5.907582e-04 3.482169e-03 0.000000e+00 2.151673e-03 0.000000e+00 0.000000e+00 -4.155679e-02 -7.777216e-02 6.256813e-02 6.483201e-03 -7.523460e-02 
3.634209e-03 2.408065e-02 0.000000e+00 2.216909e-02 0.000000e+00 0.000000e+00 1.098871e-01 -1.125869e+00 2.848235e+00 1.748387e+00 5.921513e-04 3.479631e-03 0.000000e+00 2.111161e-03 0.000000e+00 0.000000e+00 -4.166225e-02 -7.796952e-02 6.272692e-02 6.499653e-03 -7.546652e-02 
3.693487e-03 2.442844e-02 0.000000e+00 2.237814e-02 0.000000e+00 0.000000e+00 1.057160e-01 -1.133675e+00 2.854515e+00 1.749037e+00 5.933544e-04 3.476073e-03 0.000000e+00 2.069616e-03 0.000000e+00 0.000000e+00 -4.175870e-02 -7.815002e-02 6.287212e-02 6.514699e-03 -7.566417e-02 
3.752876e-03 2.477584e-02 0.000000e+00 2.258299e-02 0.000000e+00 0.000000e+00 1.015357e-01 -1.141498e+00 2.860809e+00 1.749690e+00 5.943657e-04 3.471502e-03 0.000000e+00 2.027075e-03 0.000000e+00 0.000000e+00 -4.184608e-02 -7.831356e-02 6.300370e-02 6.528333e-03 -7.582738e-02 
3.812357e-03 2.512272e-02 0.000000e+00 2.278354e-02 0.000000e+00 0.000000e+00 9.734709e-02 -1.149337e+00 2.867115e+00 1.750343e+00 5.951834e-04 3.465924e-03 0.000000e+00 1.983580e-03 0.000000e+00 0.000000e+00 -4.192438e-02 -7.846008e-02 6.312157e-02 6.540547e-03 -7.595604e-02 
3.871909e-03 2.546900e-02 0.000000e+00 2.297969e-02 0.000000e+00 0.000000e+00 9.315112e-02 -1.157190e+00 2.873433e+00 1.750998e+00 5.958060e-04 3.459346e-03 0.000000e+00 1.939169e-03 0.000000e+00 0.000000e+00 -4.199354e-02 -7.858952e-02 6.322571e-02 6.551337e-03 -7.605006e-02 
3.931514e-03 2.581457e-02 0.000000e+00 2.317135e-02 0.000000e+00 0.000000e+00 8.894869e-02 -1.165054e+00 2.879760e+00 1.751653e+00 5.962321e-04 3.451777e-03 0.000000e+00 1.893884e-03 0.000000e+00 0.000000e+00 -4.205354e-02 -7.870181e-02 6.331605e-02 6.560698e-03 -7.610939e-02 
3.991150e-03 2.615932e-02 0.000000e+00 2.335844e-02 0.000000e+00 0.000000e+00 8.474072e-02 -1.172929e+00 2.886096e+00 1.752310e+00 5.964607e-04 3.443226e-03 0.000000e+00 1.847767e-03 0.000000e+00 0.000000e+00 -4.210436e-02 -7.879691e-02 6.339255e-02 6.568625e-03 -7.613403e-02 
4.050798e-03 2.650318e-02 0.000000e+00 2.354087e-02 0.000000e+00 0.000000e+00 8.052813e-02 -1.180813e+00 2.892438e+00 1.752967e+00 5.964907e-04 3.433702e-03 0.000000e+00 1.800860e-03 0.000000e+00 0.000000e+00 -4.214596e-02 -7.887478e-02 6.345520e-02 6.575116e-03 -7.612401e-02 
4.110439e-03 2.684602e-02 0.000000e+00 2.371857e-02 0.000000e+00 0.000000e+00 7.631183e-02 -1.188704e+00 2.898786e+00 1.753625e+00 5.963215e-04 3.423216e-03 0.000000e+00 1.753207e-03 0.000000e+00 0.000000e+00 -4.217834e-02 -7.893538e-02 6.350395e-02 6.580168e-03 -7.607940e-02 
4.170053e-03 2.718778e-02 0.000000e+00 2.389148e-02 0.000000e+00 0.000000e+00 7.209277e-02 -1.196600e+00 2.905139e+00 1.754283e+00 5.959526e-04 3.411779e-03 0.000000e+00 1.704851e-03 0.000000e+00 0.000000e+00 -4.220148e-02 -7.897868e-02 6.353879e-02 6.583778e-03 -7.600031e-02 
4.229619e-03 2.752833e-02 0.000000e+00 2.405951e-02 0.000000e+00 0.000000e+00 6.787185e-02 -1.204499e+00 2.911494e+00 1.754941e+00 5.953837e-04 3.399402e-03 0.000000e+00 1.655838e-03 0.000000e+00 0.000000e+00 -4.221537e-02 -7.900467e-02 6.355970e-02 6.585944e-03 -7.588689e-02 
4.289118e-03 2.786761e-02 0.000000e+00 2.422261e-02 0.000000e+00 0.000000e+00 6.365000e-02 -1.212400e+00 2.917850e+00 1.755600e+00 5.946146e-04 3.386099e-03 0.000000e+00 1.606211e-03 0.000000e+00 0.000000e+00 -4.222000e-02 -7.901333e-02 6.356667e-02 6.586667e-03 -7.573932e-02 
4.348531e-03 2.820551e-02 0.000000e+00 2.438072e-02 0.000000e+00 0.000000e+00 5.942815e-02 -1.220301e+00 2.924206e+00 1.756259e+00 5.936456e-04 3.371882e-03 0.000000e+00 1.556018e-03 0.000000e+00 0.000000e+00 -4.221537e-02 -7.900467e-02 6.355970e-02 6.585944e-03 -7.555784e-02 
4.407837e-03 2.854194e-02 0.000000e+00 2.453378e-02 0.000000e+00 0.000000e+00 5.520723e-02 -1.228200e+00 2.930561e+00 1.756917e+00 5.924769e-04 3.356765e-03 0.000000e+00 1.505305e-03 0.000000e+00 0.000000e+00 -4.220148e-02 -7.897868e-02 6.353879e-02 6.583778e-03 -7.534270e-02 
4.467017e-03 2.887682e-02 0.000000e+00 2.468175e-02 0.000000e+00 0.000000e+00 5.098817e-02 -1.236096e+00 2.936914e+00 1.757575e+00 5.911091e-04 3.340764e-03 0.000000e+00 1.454119e-03 0.000000e+00 0.000000e+00 -4.217834e-02 -7.893538e-02 6.350395e-02 6.580168e-03 -7.509422e-02 
4.526050e-03 2.921006e-02 0.000000e+00 2.482459e-02 0.000000e+00 0.000000e+00 4.677187e-02 -1.243987e+00 2.943262e+00 1.758233e+00 5.895429e-04 3.323893e-03 0.000000e+00 1.402509e-03 0.000000e+00 0.000000e+00 -4.214596e-02 -7.887478e-02 6.345520e-02 6.575116e-03 -7.481273e-02 
4.584918e-03 2.954157e-02 0.000000e+00 2.496224e-02 0.000000e+00 0.000000e+00 4.255928e-02 -1.251871e+00 2.949604e+00 1.758890e+00 5.877793e-04 3.306169e-03 0.000000e+00 1.350522e-03 0.000000e+00 0.000000e+00 -4.210436e-02 -7.879691e-02 6.339255e-02 6.568625e-03 -7.449862e-02 
4.643601e-03 2.987127e-02 0.000000e+00 2.509469e-02 0.000000e+00 0.000000e+00 3.835131e-02 -1.259746e+00 2.955940e+00 1.759547e+00 5.858195e-04 3.287609e-03 0.000000e+00 1.298209e-03 0.000000e+00 0.000000e+00 -4.205354e-02 -7.870181e-02 6.331605e-02 6.560698e-03 -7.415230e-02 
4.702079e-03 3.019908e-02 0.000000e+00 2.522189e-02 0.000000e+00 0.000000e+00 3.414888e-02 -1.267610e+00 2.962267e+00 1.760202e+00 5.836648e-04 3.268231e-03 0.000000e+00 1.245619e-03 0.000000e+00 0.000000e+00 -4.199354e-02 -7.858952e-02 6.322571e-02 6.551337e-03 -7.377425e-02 
4.760331e-03 3.052490e-02 0.000000e+00 2.534382e-02 0.000000e+00 0.000000e+00 2.995291e-02 -1.275463e+00 2.968585e+00 1.760857e+00 5.813168e-04 3.248052e-03 0.000000e+00 1.192804e-03 0.000000e+00 0.000000e+00 -4.192438e-02 -7.846008e-02 6.312157e-02 6.540547e-03 -7.336495e-02 
4.818339e-03 3.084867e-02 0.000000e+00 2.546045e-02 0.000000e+00 0.000000e+00 2.576431e-02 -1.283302e+00 2.974891e+00 1.761510e+00 5.787773e-04 3.227092e-03 0.000000e+00 1.139815e-03 0.000000e+00 0.000000e+00 -4.184608e-02 -7.831356e-02 6.300370e-02 6.528333e-03 -7.292495e-02 
4.876083e-03 3.117030e-02 0.000000e+00 2.557178e-02 0.000000e+00 0.000000e+00 2.158399e-02 -1.291125e+00 2.981185e+00 1.762163e+00 5.760484e-04 3.205371e-03 0.000000e+00 1.086703e-03 0.000000e+00 0.000000e+00 -4.175870e-02 -7.815002e-02 6.287212e-02 6.514699e-03 -7.245481e-02 
4.933544e-03 3.148972e-02 0.000000e+00 2.567779e-02 0.000000e+00 0.000000e+00 1.741287e-02 -1.298931e+00 2.987465e+00 1.762813e+00 5.731316e-04 3.182905e-03 0.000000e+00 1.033515e-03 0.000000e+00 0.000000e+00 -4.166225e-02 -7.796952e-02 6.272692e-02 6.499653e-03 -7.195504e-02 
4.990705e-03 3.180686e-02 0.000000e+00 2.577846e-02 0.000000e+00 0.000000e+00 1.325184e-02 -1.306718e+00 2.993730e+00 1.763463e+00 5.700295e-04 3.159714e-03 0.000000e+00 9.802966e-04 0.000000e+00 0.000000e+00 -4.155679e-02 -7.777216e-02 6.256813e-02 6.483201e-03 -7.142619e-02 
5.047548e-03 3.212164e-02 0.000000e+00 2.587381e-02 0.000000e+00 0.000000e+00 9.101811e-03 -1.314485e+00 2.999978e+00 1.764110e+00 5.667448e-04 3.135819e-03 0.000000e+00 9.271009e-04 0.000000e+00 0.000000e+00 -4.144236e-02 -7.755801e-02 6.239585e-02 6.465349e-03 -7.086897e-02 
5.104052e-03 3.243400e-02 0.000000e+00 2.596385e-02 0.000000e+00 0.000000e+00 4.963669e-03 -1.322230e+00 3.006208e+00 1.764756e+00 5.632808e-04 3.111242e-03 0.000000e+00 8.739803e-04 0.000000e+00 0.000000e+00 -4.131901e-02 -7.732717e-02 6.221014e-02 6.446106e-03 -7.028412e-02 
5.160202e-03 3.274387e-02 0.000000e+00 2.604858e-02 0.000000e+00 0.000000e+00 8.383040e-04 -1.329950e+00 3.012420e+00 1.765399e+00 5.596407e-04 3.086006e-03 0.000000e+00 8.209863e-04 0.000000e+00 0.000000e+00 -4.118680e-02 -7.707974e-02 6.201108e-02 6.425479e-03 -6.967239e-02 
5.215978e-03 3.305118e-02 0.000000e+00 2.612802e-02 0.000000e+00 0.000000e+00 -3.273399e-03 -1.337645e+00 3.018610e+00 1.766041e+00 5.558279e-04 3.060132e-03 0.000000e+00 7.681693e-04 0.000000e+00 0.000000e+00 -4.104579e-02 -7.681583e-02 6.179876e-02 6.403480e-03 -6.903454e-02 
5.271363e-03 3.335587e-02 0.000000e+00 2.620220e-02 0.000000e+00 0.000000e+00 -7.370562e-03 -1.345313e+00 3.024779e+00 1.766680e+00 5.518460e-04 3.033643e-03 0.000000e+00 7.155788e-04 0.000000e+00 0.000000e+00 -4.089602e-02 -7.653555e-02 6.157328e-02 6.380115e-03 -6.837133e-02 
5.326341e-03 3.365789e-02 0.000000e+00 2.627114e-02 0.000000e+00 0.000000e+00 -1.145231e-02 -1.352951e+00 3.030924e+00 1.767317e+00 5.476986e-04 3.006561e-03 0.000000e+00 6.632634e-04 0.000000e+00 0.000000e+00 -4.073758e-02 -7.623904e-02 6.133473e-02 6.355397e-03 -6.768355e-02 
5.380895e-03 3.395717e-02 0.000000e+00 2.633487e-02 0.000000e+00 0.000000e+00 -1.551779e-02 -1.360560e+00 3.037045e+00 1.767951e+00 5.433894e-04 2.978907e-03 0.000000e+00 6.112706e-04 0.000000e+00 0.000000e+00 -4.057053e-02 -7.592641e-02 6.108322e-02 6.329336e-03 -6.697201e-02 
5.435010e-03 3.425365e-02 0.000000e+00 2.639343e-02 0.000000e+00 0.000000e+00 -1.956614e-02 -1.368136e+00 3.043141e+00 1.768582e+00 5.389225e-04 2.950705e-03 0.000000e+00 5.596469e-04 0.000000e+00 0.000000e+00 -4.039494e-02 -7.559780e-02 6.081885e-02 6.301943e-03 -6.623750e-02 
5.488670e-03 3.454729e-02 0.000000e+00 2.644685e-02 0.000000e+00 0.000000e+00 -2.359650e-02 -1.375679e+00 3.049209e+00 1.769211e+00 5.343017e-04 2.921977e-03 0.000000e+00 5.084381e-04 0.000000e+00 0.000000e+00 -4.021090e-02 -7.525337e-02 6.054175e-02 6.273230e-03 -6.548086e-02 
5.541860e-03 3.483803e-02 0.000000e+00 2.649517e-02 0.000000e+00 0.000000e+00 -2.760804e-02 -1.383186e+00 3.055249e+00 1.769837e+00 5.295314e-04 2.892743e-03 0.000000e+00 4.576888e-04 0.000000e+00 0.000000e+00 -4.001848e-02 -7.489325e-02 6.025204e-02 6.243211e-03 -6.470291e-02 
5.594565e-03 3.512582e-02 0.000000e+00 2.653845e-02 0.000000e+00 0.000000e+00 -3.159992e-02 -1.390657e+00 3.061259e+00 1.770460e+00 5.246158e-04 2.863028e-03 0.000000e+00 4.074426e-04 0.000000e+00 0.000000e+00 -3.981776e-02 -7.451762e-02 5.994984e-02 6.211897e-03 -6.390451e-02 
5.646772e-03 3.541062e-02 0.000000e+00 2.657673e-02 0.000000e+00 0.000000e+00 -3.557131e-02 -1.398089e+00 3.067238e+00 1.771079e+00 5.195592e-04 2.832853e-03 0.000000e+00 3.577423e-04 0.000000e+00 0.000000e+00 -3.960883e-02 -7.412662e-02 5.963528e-02 6.179303e-03 -6.308651e-02 
5.698466e-03 3.569238e-02 0.000000e+00 2.661006e-02 0.000000e+00 0.000000e+00 -3.952141e-02 -1.405482e+00 3.073185e+00 1.771696e+00 5.143664e-04 2.802240e-03 0.000000e+00 3.086297e-04 0.000000e+00 0.000000e+00 -3.939180e-02 -7.372044e-02 5.930851e-02 6.145444e-03 -6.224980e-02 
5.749635e-03 3.597105e-02 0.000000e+00 2.663852e-02 0.000000e+00 0.000000e+00 -4.344941e-02 -1.412833e+00 3.079099e+00 1.772308e+00 5.090419e-04 2.771212e-03 0.000000e+00 2.601455e-04 0.000000e+00 0.000000e+00 -3.916674e-02 -7.329926e-02 5.896966e-02 6.110333e-03 -6.139525e-02 
5.800266e-03 3.624661e-02 0.000000e+00 2.666215e-02 0.000000e+00 0.000000e+00 -4.735450e-02 -1.420141e+00 3.084979e+00 1.772918e+00 5.035906e-04 2.739791e-03 0.000000e+00 2.123296e-04 0.000000e+00 0.000000e+00 -3.893376e-02 -7.286325e-02 5.861889e-02 6.073987e-03 -6.052377e-02 
5.850347e-03 3.651900e-02 0.000000e+00 2.668103e-02 0.000000e+00 0.000000e+00 -5.123590e-02 -1.427405e+00 3.090823e+00 1.773523e+00 4.980174e-04 2.707999e-03 0.000000e+00 1.652207e-04 0.000000e+00 0.000000e+00 -3.869297e-02 -7.241261e-02 5.825635e-02 6.036421e-03 -5.963627e-02 
5.899865e-03 3.678819e-02 0.000000e+00 2.669523e-02 0.000000e+00 0.000000e+00 -5.509283e-02 -1.434623e+00 3.096630e+00 1.774125e+00 4.923274e-04 2.675858e-03 0.000000e+00 1.188569e-04 0.000000e+00 0.000000e+00 -3.844446e-02 -7.194753e-02 5.788219e-02 5.997651e-03 -5.873367e-02 
5.948809e-03 3.705416e-02 0.000000e+00 2.670483e-02 0.000000e+00 0.000000e+00 -5.892454e-02 -1.441794e+00 3.102399e+00 1.774723e+00 4.865258e-04 2.643392e-03 0.000000e+00 7.327503e-05 0.000000e+00 0.000000e+00 -3.818835e-02 -7.146823e-02 5.749659e-02 5.957696e-03 -5.781691e-02 
5.997169e-03 3.731686e-02 0.000000e+00 2.670990e-02 0.000000e+00 0.000000e+00 -6.273025e-02 -1.448916e+00 3.108129e+00 1.775316e+00 4.806179e-04 2.610622e-03 0.000000e+00 2.851102e-05 0.000000e+00 0.000000e+00 -3.792475e-02 -7.097491e-02 5.709971e-02 5.916572e-03 -5.688694e-02 
6.044934e-03 3.757628e-02 0.000000e+00 2.671054e-02 0.000000e+00 0.000000e+00 -6.650924e-02 -1.455989e+00 3.113818e+00 1.775906e+00 4.746092e-04 2.577570e-03 0.000000e+00 -1.540011e-05 0.000000e+00 0.000000e+00 -3.765377e-02 -7.046778e-02 5.669172e-02 5.874297e-03 -5.594472e-02 
6.092093e-03 3.783237e-02 0.000000e+00 2.670682e-02 0.000000e+00 0.000000e+00 -7.026076e-02 -1.463010e+00 3.119467e+00 1.776491e+00 4.685053e-04 2.544260e-03 0.000000e+00 -5.842434e-05 0.000000e+00 0.000000e+00 -3.737553e-02 -6.994708e-02 5.627281e-02 5.830890e-03 -5.499124e-02 
6.138637e-03 3.808512e-02 0.000000e+00 2.669885e-02 0.000000e+00 0.000000e+00 -7.398411e-02 -1.469978e+00 3.125073e+00 1.777072e+00 4.623118e-04 2.510713e-03 0.000000e+00 -1.005286e-04 0.000000e+00 0.000000e+00 -3.709017e-02 -6.941302e-02 5.584316e-02 5.786370e-03 -5.402747e-02 
6.184558e-03 3.833451e-02 0.000000e+00 2.668671e-02 0.000000e+00 0.000000e+00 -7.767856e-02 -1.476892e+00 3.130635e+00 1.777648e+00 4.560347e-04 2.476953e-03 0.000000e+00 -1.416809e-04 0.000000e+00 0.000000e+00 -3.679779e-02 -6.886584e-02 5.540295e-02 5.740757e-03 -5.305442e-02 
6.229846e-03 3.858051e-02 0.000000e+00 2.667052e-02 0.000000e+00 0.000000e+00 -8.134344e-02 -1.483750e+00 3.136153e+00 1.778220e+00 4.496799e-04 2.443001e-03 0.000000e+00 -1.818499e-04 0.000000e+00 0.000000e+00 -3.649853e-02 -6.830579e-02 5.495239e-02 5.694070e-03 -5.207310e-02 
6.274493e-03 3.882310e-02 0.000000e+00 2.665036e-02 0.000000e+00 0.000000e+00 -8.497804e-02 -1.490552e+00 3.141625e+00 1.778787e+00 4.432530e-04 2.408878e-03 0.000000e+00 -2.210076e-04 0.000000e+00 0.000000e+00 -3.619252e-02 -6.773310e-02 5.449166e-02 5.646330e-03 -5.108446e-02 
6.318493e-03 3.906227e-02 0.000000e+00 2.662633e-02 0.000000e+00 0.000000e+00 -8.858172e-02 -1.497297e+00 3.147051e+00 1.779349e+00 4.367584e-04 2.374603e-03 0.000000e+00 -2.591321e-04 0.000000e+00 0.000000e+00 -3.587989e-02 -6.714803e-02 5.402097e-02 5.597558e-03 -5.008928e-02 
6.361840e-03 3.929801e-02 0.000000e+00 2.659853e-02 0.000000e+00 0.000000e+00 -9.215381e-02 -1.503982e+00 3.152429e+00 1.779907e+00 4.302021e-04 2.340196e-03 0.000000e+00 -2.961999e-04 0.000000e+00 0.000000e+00 -3.556079e-02 -6.655084e-02 5.354052e-02 5.547775e-03 -4.908852e-02 
6.404528e-03 3.953029e-02 0.000000e+00 2.656708e-02 0.000000e+00 0.000000e+00 -9.569367e-02 -1.510606e+00 3.157759e+00 1.780459e+00 4.235900e-04 2.305677e-03 0.000000e+00 -3.321886e-04 0.000000e+00 0.000000e+00 -3.523535e-02 -6.594179e-02 5.305053e-02 5.497003e-03 -4.808314e-02 
6.446553e-03 3.975913e-02 0.000000e+00 2.653209e-02 0.000000e+00 0.000000e+00 -9.920067e-02 -1.517170e+00 3.163039e+00 1.781006e+00 4.169279e-04 2.271066e-03 0.000000e+00 -3.670775e-04 0.000000e+00 0.000000e+00 -3.490371e-02 -6.532114e-02 5.255122e-02 5.445265e-03 -4.707409e-02 
6.487910e-03 3.998450e-02 0.000000e+00 2.649367e-02 0.000000e+00 0.000000e+00 -1.026742e-01 -1.523670e+00 3.168269e+00 1.781548e+00 4.102215e-04 2.236382e-03 0.000000e+00 -4.008476e-04 0.000000e+00 0.000000e+00 -3.456602e-02 -6.468916e-02 5.204279e-02 5.392583e-03 -4.606229e-02 
6.528595e-03 4.020640e-02 0.000000e+00 2.645194e-02 0.000000e+00 0.000000e+00 -1.061137e-01 -1.530107e+00 3.173447e+00 1.782085e+00 4.034764e-04 2.201643e-03 0.000000e+00 -4.334814e-04 0.000000e+00 0.000000e+00 -3.422243e-02 -6.404614e-02 5.152548e-02 5.338980e-03 -4.504864e-02 
6.568604e-03 4.042482e-02 0.000000e+00 2.640701e-02 0.000000e+00 0.000000e+00 -1.095185e-01 -1.536479e+00 3.178573e+00 1.782616e+00 3.966983e-04 2.166868e-03 0.000000e+00 -4.649630e-04 0.000000e+00 0.000000e+00 -3.387309e-02 -6.339236e-02 5.099951e-02 5.284480e-03 -4.403405e-02 
6.607935e-03 4.063977e-02 0.000000e+00 2.635901e-02 0.000000e+00 0.000000e+00 -1.128881e-01 -1.542785e+00 3.183647e+00 1.783141e+00 3.898925e-04 2.132075e-03 0.000000e+00 -4.952782e-04 0.000000e+00 0.000000e+00 -3.351815e-02 -6.272810e-02 5.046511e-02 5.229106e-03 -4.301937e-02 
6.646584e-03 4.085125e-02 0.000000e+00 2.630803e-02 0.000000e+00 0.000000e+00 -1.162219e-01 -1.549024e+00 3.188666e+00 1.783662e+00 3.830644e-04 2.097282e-03 0.000000e+00 -5.244143e-04 0.000000e+00 0.000000e+00 -3.315776e-02 -6.205366e-02 4.992251e-02 5.172883e-03 -4.200546e-02 
6.684549e-03 4.105924e-02 0.000000e+00 2.625421e-02 0.000000e+00 0.000000e+00 -1.195195e-01 -1.555196e+00 3.193631e+00 1.784176e+00 3.762193e-04 2.062505e-03 0.000000e+00 -5.523604e-04 0.000000e+00 0.000000e+00 -3.279210e-02 -6.136932e-02 4.937196e-02 5.115836e-03 -4.099317e-02 
6.721830e-03 4.126376e-02 0.000000e+00 2.619765e-02 0.000000e+00 0.000000e+00 -1.227802e-01 -1.561298e+00 3.198540e+00 1.784685e+00 3.693623e-04 2.027760e-03 0.000000e+00 -5.791069e-04 0.000000e+00 0.000000e+00 -3.242130e-02 -6.067540e-02 4.881369e-02 5.057990e-03 -3.998330e-02 
6.758425e-03 4.146481e-02 0.000000e+00 2.613849e-02 0.000000e+00 0.000000e+00 -1.260036e-01 -1.567330e+00 3.203393e+00 1.785188e+00 3.624984e-04 1.993064e-03 0.000000e+00 -6.046462e-04 0.000000e+00 0.000000e+00 -3.204555e-02 -5.997219e-02 4.824796e-02 4.999369e-03 -3.897666e-02 
6.794333e-03 4.166240e-02 0.000000e+00 2.607682e-02 0.000000e+00 0.000000e+00 -1.291891e-01 -1.573292e+00 3.208190e+00 1.785684e+00 3.556328e-04 1.958433e-03 0.000000e+00 -6.289720e-04 0.000000e+00 0.000000e+00 -3.166500e-02 -5.926000e-02 4.767500e-02 4.940000e-03 -3.797402e-02 
6.829555e-03 4.185652e-02 0.000000e+00 2.601279e-02 0.000000e+00 0.000000e+00 -1.323364e-01 -1.579182e+00 3.212928e+00 1.786175e+00 3.487701e-04 1.923881e-03 0.000000e+00 -6.520797e-04 0.000000e+00 0.000000e+00 -3.127982e-02 -5.853915e-02 4.709507e-02 4.879909e-03 -3.697616e-02 
6.864090e-03 4.204719e-02 0.000000e+00 2.594649e-02 0.000000e+00 0.000000e+00 -1.354450e-01 -1.585000e+00 3.217608e+00 1.786660e+00 3.419153e-04 1.889422e-03 0.000000e+00 -6.739664e-04 0.000000e+00 0.000000e+00 -3.089018e-02 -5.780995e-02 4.650843e-02 4.819122e-03 -3.598383e-02 
6.897940e-03 4.223442e-02 0.000000e+00 2.587807e-02 0.000000e+00 0.000000e+00 -1.385143e-01 -1.590744e+00 3.222230e+00 1.787139e+00 3.350730e-04 1.855073e-03 0.000000e+00 -6.946307e-04 0.000000e+00 0.000000e+00 -3.049625e-02 -5.707272e-02 4.591532e-02 4.757665e-03 -3.499774e-02 
6.931107e-03 4.241821e-02 0.000000e+00 2.580762e-02 0.000000e+00 0.000000e+00 -1.415441e-01 -1.596414e+00 3.226791e+00 1.787612e+00 3.282478e-04 1.820845e-03 0.000000e+00 -7.140728e-04 0.000000e+00 0.000000e+00 -3.009820e-02 -5.632779e-02 4.531602e-02 4.695566e-03 -3.401862e-02 
6.963591e-03 4.259859e-02 0.000000e+00 2.573529e-02 0.000000e+00 0.000000e+00 -1.445338e-01 -1.602009e+00 3.231293e+00 1.788078e+00 3.214442e-04 1.786752e-03 0.000000e+00 -7.322947e-04 0.000000e+00 0.000000e+00 -2.969621e-02 -5.557548e-02 4.471078e-02 4.632853e-03 -3.304715e-02 
6.995396e-03 4.277556e-02 0.000000e+00 2.566119e-02 0.000000e+00 0.000000e+00 -1.474832e-01 -1.607529e+00 3.235733e+00 1.788539e+00 3.146667e-04 1.752808e-03 0.000000e+00 -7.492998e-04 0.000000e+00 0.000000e+00 -2.929045e-02 -5.481612e-02 4.409987e-02 4.569551e-03 -3.208401e-02 
7.026524e-03 4.294915e-02 0.000000e+00 2.558544e-02 0.000000e+00 0.000000e+00 -1.503918e-01 -1.612972e+00 3.240113e+00 1.788992e+00 3.079195e-04 1.719024e-03 0.000000e+00 -7.650932e-04 0.000000e+00 0.000000e+00 -2.888111e-02 -5.405004e-02 4.348356e-02 4.505690e-03 -3.112986e-02 
7.056978e-03 4.311936e-02 0.000000e+00 2.550816e-02 0.000000e+00 0.000000e+00 -1.532593e-01 -1.618339e+00 3.244430e+00 1.789440e+00 3.012068e-04 1.685413e-03 0.000000e+00 -7.796815e-04 0.000000e+00 0.000000e+00 -2.846836e-02 -5.327759e-02 4.286211e-02 4.441297e-03 -3.018535e-02 
7.086764e-03 4.328622e-02 0.000000e+00 2.542949e-02 0.000000e+00 0.000000e+00 -1.560854e-01 -1.623627e+00 3.248685e+00 1.789881e+00 2.945329e-04 1.651985e-03 0.000000e+00 -7.930732e-04 0.000000e+00 0.000000e+00 -2.805237e-02 -5.249909e-02 4.223581e-02 4.376401e-03 -2.925108e-02 
7.115884e-03 4.344975e-02 0.000000e+00 2.534955e-02 0.000000e+00 0.000000e+00 -1.588697e-01 -1.628838e+00 3.252877e+00 1.790315e+00 2.879017e-04 1.618752e-03 0.000000e+00 -8.052780e-04 0.000000e+00 0.000000e+00 -2.763335e-02 -5.171490e-02 4.160492e-02 4.311029e-03 -2.832767e-02 
7.144344e-03 4.360997e-02 0.000000e+00 2.526845e-02 0.000000e+00 0.000000e+00 -1.616119e-01 -1.633970e+00 3.257006e+00 1.790743e+00 2.813171e-04 1.585725e-03 0.000000e+00 -8.163075e-04 0.000000e+00 0.000000e+00 -2.721146e-02 -5.092535e-02 4.096973e-02 4.245211e-03 -2.741570e-02 
7.172148e-03 4.376690e-02 0.000000e+00 2.518632e-02 0.000000e+00 0.000000e+00 -1.643119e-01 -1.639023e+00 3.261071e+00 1.791164e+00 2.747826e-04 1.552914e-03 0.000000e+00 -8.261705e-04 0.000000e+00 0.000000e+00 -2.678690e-02 -5.013079e-02 4.033050e-02 4.178976e-03 -2.651568e-02 
7.199301e-03 4.392056e-02 0.000000e+00 2.510325e-02 0.000000e+00 0.000000e+00 -1.669692e-01 -1.643996e+00 3.265072e+00 1.791578e+00 2.683013e-04 1.520328e-03 0.000000e+00 -8.348804e-04 0.000000e+00 0.000000e+00 -2.635984e-02 -4.933158e-02 3.968753e-02 4.112352e-03 -2.562809e-02 
7.225808e-03 4.407097e-02 0.000000e+00 2.501936e-02 0.000000e+00 0.000000e+00 -1.695838e-01 -1.648889e+00 3.269008e+00 1.791986e+00 2.618763e-04 1.487977e-03 0.000000e+00 -8.424533e-04 0.000000e+00 0.000000e+00 -2.593049e-02 -4.852805e-02 3.904109e-02 4.045369e-03 -2.475343e-02 
7.251675e-03 4.421816e-02 0.000000e+00 2.493478e-02 0.000000e+00 0.000000e+00 -1.721553e-01 -1.653702e+00 3.272880e+00 1.792388e+00 2.555107e-04 1.455868e-03 0.000000e+00 -8.489064e-04 0.000000e+00 0.000000e+00 -2.549902e-02 -4.772056e-02 3.839146e-02 3.978056e-03 -2.389214e-02 
7.276910e-03 4.436215e-02 0.000000e+00 2.484961e-02 0.000000e+00 0.000000e+00 -1.746835e-01 -1.658433e+00 3.276686e+00 1.792782e+00 2.492073e-04 1.424010e-03 0.000000e+00 -8.542573e-04 0.000000e+00 0.000000e+00 -2.506562e-02 -4.690948e-02 3.773894e-02 3.910442e-03 -2.304465e-02 
7.301518e-03 4.450296e-02 0.000000e+00 2.476396e-02 0.000000e+00 0.000000e+00 -1.771683e-01 -1.663084e+00 3.280427e+00 1.793170e+00 2.429690e-04 1.392410e-03 0.000000e+00 -8.585249e-04 0.000000e+00 0.000000e+00 -2.463049e-02 -4.609514e-02 3.708380e-02 3.842558e-03 -2.221138e-02 
7.325506e-03 4.464064e-02 0.000000e+00 2.467794e-02 0.000000e+00 0.000000e+00 -1.796096e-01 -1.667652e+00 3.284103e+00 1.793550e+00 2.367982e-04 1.361076e-03 0.000000e+00 -8.617285e-04 0.000000e+00 0.000000e+00 -2.419381e-02 -4.527792e-02 3.642634e-02 3.774433e-03 -2.139270e-02 
7.348881e-03 4.477519e-02 0.000000e+00 2.459166e-02 0.000000e+00 0.000000e+00 -1.820070e-01 -1.672139e+00 3.287713e+00 1.793925e+00 2.306973e-04 1.330016e-03 0.000000e+00 -8.638885e-04 0.000000e+00 0.000000e+00 -2.375578e-02 -4.445816e-02 3.576684e-02 3.706097e-03 -2.058897e-02 
7.371650e-03 4.490666e-02 0.000000e+00 2.450521e-02 0.000000e+00 0.000000e+00 -1.843607e-01 -1.676544e+00 3.291256e+00 1.794292e+00 2.246687e-04 1.299235e-03 0.000000e+00 -8.650258e-04 0.000000e+00 0.000000e+00 -2.331660e-02 -4.363624e-02 3.510560e-02 3.637580e-03 -1.980052e-02 
7.393821e-03 4.503506e-02 0.000000e+00 2.441870e-02 0.000000e+00 0.000000e+00 -1.866703e-01 -1.680866e+00 3.294734e+00 1.794652e+00 2.187144e-04 1.268741e-03 0.000000e+00 -8.651623e-04 0.000000e+00 0.000000e+00 -2.287644e-02 -4.281250e-02 3.444289e-02 3.568912e-03 -1.902767e-02 
7.415399e-03 4.516042e-02 0.000000e+00 2.433223e-02 0.000000e+00 0.000000e+00 -1.889359e-01 -1.685106e+00 3.298145e+00 1.795005e+00 2.128365e-04 1.238539e-03 0.000000e+00 -8.643208e-04 0.000000e+00 0.000000e+00 -2.243551e-02 -4.198731e-02 3.377903e-02 3.500123e-03 -1.827068e-02 
7.436394e-03 4.528278e-02 0.000000e+00 2.424589e-02 0.000000e+00 0.000000e+00 -1.911574e-01 -1.689264e+00 3.301489e+00 1.795352e+00 2.070367e-04 1.208636e-03 0.000000e+00 -8.625247e-04 0.000000e+00 0.000000e+00 -2.199400e-02 -4.116103e-02 3.311428e-02 3.431244e-03 -1.752982e-02 
7.456813e-03 4.540217e-02 0.000000e+00 2.415977e-02 0.000000e+00 0.000000e+00 -1.933347e-01 -1.693338e+00 3.304768e+00 1.795692e+00 2.013167e-04 1.179037e-03 0.000000e+00 -8.597982e-04 0.000000e+00 0.000000e+00 -2.155209e-02 -4.033403e-02 3.244895e-02 3.362304e-03 -1.680533e-02 
7.476663e-03 4.551861e-02 0.000000e+00 2.407398e-02 0.000000e+00 0.000000e+00 -1.954678e-01 -1.697330e+00 3.307979e+00 1.796025e+00 1.956781e-04 1.149746e-03 0.000000e+00 -8.561666e-04 0.000000e+00 0.000000e+00 -2.111000e-02 -3.950667e-02 3.178333e-02 3.293333e-03 -1.609739e-02 
7.495953e-03 4.563213e-02 0.000000e+00 2.398858e-02 0.000000e+00 0.000000e+00 -1.975567e-01 -1.701240e+00 3.311124e+00 1.796350e+00 1.901221e-04 1.120770e-03 0.000000e+00 -8.516556e-04 0.000000e+00 0.000000e+00 -2.066791e-02 -3.867930e-02 3.111771e-02 3.224363e-03 -1.540621e-02 
7.514691e-03 4.574277e-02 0.000000e+00 2.390368e-02 0.000000e+00 0.000000e+00 -1.996014e-01 -1.705066e+00 3.314203e+00 1.796669e+00 1.846501e-04 1.092112e-03 0.000000e+00 -8.462919e-04 0.000000e+00 0.000000e+00 -2.022600e-02 -3.785230e-02 3.045239e-02 3.155423e-03 -1.473193e-02 
7.532886e-03 4.585056e-02 0.000000e+00 2.381935e-02 0.000000e+00 0.000000e+00 -2.016019e-01 -1.708810e+00 3.317215e+00 1.796981e+00 1.792631e-04 1.063776e-03 0.000000e+00 -8.401031e-04 0.000000e+00 0.000000e+00 -1.978449e-02 -3.702602e-02 2.978764e-02 3.086543e-03 -1.407468e-02 
7.550545e-03 4.595554e-02 0.000000e+00 2.373567e-02 0.000000e+00 0.000000e+00 -2.035583e-01 -1.712472e+00 3.320160e+00 1.797287e+00 1.739621e-04 1.035767e-03 0.000000e+00 -8.331175e-04 0.000000e+00 0.000000e+00 -1.934356e-02 -3.620083e-02 2.912377e-02 3.017754e-03 -1.343459e-02 
7.567679e-03 4.605772e-02 0.000000e+00 2.365274e-02 0.000000e+00 0.000000e+00 -2.054707e-01 -1.716050e+00 3.323040e+00 1.797585e+00 1.687477e-04 1.008088e-03 0.000000e+00 -8.253642e-04 0.000000e+00 0.000000e+00 -1.890340e-02 -3.537710e-02 2.846107e-02 2.949086e-03 -1.281171e-02 
7.584295e-03 4.615716e-02 0.000000e+00 2.357061e-02 0.000000e+00 0.000000e+00 -2.073390e-01 -1.719547e+00 3.325853e+00 1.797877e+00 1.636206e-04 9.807416e-04 0.000000e+00 -8.168731e-04 0.000000e+00 0.000000e+00 -1.846422e-02 -3.455517e-02 2.779983e-02 2.880569e-03 -1.220612e-02 
7.600403e-03 4.625388e-02 0.000000e+00 2.348937e-02 0.000000e+00 0.000000e+00 -2.091636e-01 -1.722962e+00 3.328600e+00 1.798161e+00 1.585813e-04 9.537315e-04 0.000000e+00 -8.076748e-04 0.000000e+00 0.000000e+00 -1.802619e-02 -3.373541e-02 2.714033e-02 2.812233e-03 -1.161785e-02 
7.616012e-03 4.634791e-02 0.000000e+00 2.340909e-02 0.000000e+00 0.000000e+00 -2.109443e-01 -1.726294e+00 3.331281e+00 1.798439e+00 1.536302e-04 9.270600e-04 0.000000e+00 -7.978011e-04 0.000000e+00 0.000000e+00 -1.758951e-02 -3.291819e-02 2.648287e-02 2.744108e-03 -1.104689e-02 
7.631131e-03 4.643930e-02 0.000000e+00 2.332983e-02 0.000000e+00 0.000000e+00 -2.126815e-01 -1.729545e+00 3.333896e+00 1.798710e+00 1.487678e-04 9.007304e-04 0.000000e+00 -7.872793e-04 0.000000e+00 0.000000e+00 -1.715438e-02 -3.210386e-02 2.582773e-02 2.676224e-03 -1.049329e-02 
7.645768e-03 4.652807e-02 0.000000e+00 2.325166e-02 0.000000e+00 0.000000e+00 -2.143753e-01 -1.732715e+00 3.336446e+00 1.798974e+00 1.439946e-04 8.747462e-04 0.000000e+00 -7.761373e-04 0.000000e+00 0.000000e+00 -1.672098e-02 -3.129277e-02 2.517521e-02 2.608611e-03 -9.957041e-03 
7.659932e-03 4.661426e-02 0.000000e+00 2.317463e-02 0.000000e+00 0.000000e+00 -2.160258e-01 -1.735804e+00 3.338931e+00 1.799232e+00 1.393104e-04 8.491091e-04 0.000000e+00 -7.644077e-04 0.000000e+00 0.000000e+00 -1.628951e-02 -3.048528e-02 2.452558e-02 2.541298e-03 -9.438055e-03 
7.673632e-03 4.669790e-02 0.000000e+00 2.309880e-02 0.000000e+00 0.000000e+00 -2.176332e-01 -1.738812e+00 3.341352e+00 1.799482e+00 1.347151e-04 8.238211e-04 0.000000e+00 -7.521227e-04 0.000000e+00 0.000000e+00 -1.586016e-02 -2.968176e-02 2.387914e-02 2.474315e-03 -8.936238e-03 
7.686877e-03 4.677903e-02 0.000000e+00 2.302423e-02 0.000000e+00 0.000000e+00 -2.191979e-01 -1.741740e+00 3.343707e+00 1.799727e+00 1.302083e-04 7.988840e-04 0.000000e+00 -7.393144e-04 0.000000e+00 0.000000e+00 -1.543310e-02 -2.888254e-02 2.323617e-02 2.407691e-03 -8.451481e-03 
7.699676e-03 4.685769e-02 0.000000e+00 2.295096e-02 0.000000e+00 0.000000e+00 -2.207199e-01 -1.744589e+00 3.345999e+00 1.799964e+00 1.257899e-04 7.742995e-04 0.000000e+00 -7.260146e-04 0.000000e+00 0.000000e+00 -1.500854e-02 -2.808798e-02 2.259694e-02 2.341455e-03 -7.983658e-03 
7.712038e-03 4.693390e-02 0.000000e+00 2.287905e-02 0.000000e+00 0.000000e+00 -2.221997e-01 -1.747358e+00 3.348227e+00 1.800195e+00 1.214594e-04 7.500695e-04 0.000000e+00 -7.122546e-04 0.000000e+00 0.000000e+00 -1.458665e-02 -2.729844e-02 2.196174e-02 2.275637e-03 -7.532632e-03 
7.723971e-03 4.700771e-02 0.000000e+00 2.280853e-02 0.000000e+00 0.000000e+00 -2.236374e-01 -1.750049e+00 3.350391e+00 1.800419e+00 1.172166e-04 7.261955e-04 0.000000e+00 -6.980659e-04 0.000000e+00 0.000000e+00 -1.416763e-02 -2.651424e-02 2.133086e-02 2.210266e-03 -7.098249e-03 
7.735485e-03 4.707915e-02 0.000000e+00 2.273945e-02 0.000000e+00 0.000000e+00 -2.250333e-01 -1.752661e+00 3.352493e+00 1.800637e+00 1.130610e-04 7.026793e-04 0.000000e+00 -6.834793e-04 0.000000e+00 0.000000e+00 -1.375164e-02 -2.573575e-02 2.070455e-02 2.145369e-03 -6.680340e-03 
7.746587e-03 4.714826e-02 0.000000e+00 2.267184e-02 0.000000e+00 0.000000e+00 -2.263878e-01 -1.755196e+00 3.354533e+00 1.800848e+00 1.089921e-04 6.795224e-04 0.000000e+00 -6.685255e-04 0.000000e+00 0.000000e+00 -1.333889e-02 -2.496329e-02 2.008311e-02 2.080976e-03 -6.278725e-03 
7.757287e-03 4.721507e-02 0.000000e+00 2.260575e-02 0.000000e+00 0.000000e+00 -2.277012e-01 -1.757654e+00 3.356510e+00 1.801053e+00 1.050095e-04 6.567263e-04 0.000000e+00 -6.532351e-04 0.000000e+00 0.000000e+00 -1.292955e-02 -2.419722e-02 1.946680e-02 2.017115e-03 -5.893207e-03 
7.767594e-03 4.727962e-02 0.000000e+00 2.254119e-02 0.000000e+00 0.000000e+00 -2.289738e-01 -1.760036e+00 3.358426e+00 1.801252e+00 1.011127e-04 6.342927e-04 0.000000e+00 -6.376381e-04 0.000000e+00 0.000000e+00 -1.252379e-02 -2.343786e-02 1.885589e-02 1.953814e-03 -5.523576e-03 
7.777514e-03 4.734195e-02 0.000000e+00 2.247822e-02 0.000000e+00 0.000000e+00 -2.302061e-01 -1.762342e+00 3.360281e+00 1.801444e+00 9.730115e-05 6.122230e-04 0.000000e+00 -6.217644e-04 0.000000e+00 0.000000e+00 -1.212180e-02 -2.268555e-02 1.825065e-02 1.891100e-03 -5.169606e-03 
7.787058e-03 4.740208e-02 0.000000e+00 2.241684e-02 0.000000e+00 0.000000e+00 -2.313983e-01 -1.764573e+00 3.362076e+00 1.801630e+00 9.357416e-05 5.905185e-04 0.000000e+00 -6.056438e-04 0.000000e+00 0.000000e+00 -1.172375e-02 -2.194061e-02 1.765135e-02 1.829001e-03 -4.831059e-03 
7.796234e-03 4.746006e-02 0.000000e+00 2.235708e-02 0.000000e+00 0.000000e+00 -2.325510e-01 -1.766730e+00 3.363812e+00 1.801810e+00 8.993115e-05 5.691807e-04 0.000000e+00 -5.893056e-04 0.000000e+00 0.000000e+00 -1.132982e-02 -2.120338e-02 1.705824e-02 1.767545e-03 -4.507681e-03 
7.805048e-03 4.751593e-02 0.000000e+00 2.229897e-02 0.000000e+00 0.000000e+00 -2.336644e-01 -1.768814e+00 3.365488e+00 1.801983e+00 8.637143e-05 5.482109e-04 0.000000e+00 -5.727789e-04 0.000000e+00 0.000000e+00 -1.094018e-02 -2.047418e-02 1.647160e-02 1.706758e-03 -4.199204e-03 
7.813511e-03 4.756972e-02 0.000000e+00 2.224253e-02 0.000000e+00 0.000000e+00 -2.347391e-01 -1.770825e+00 3.367106e+00 1.802151e+00 8.289429e-05 5.276104e-04 0.000000e+00 -5.560925e-04 0.000000e+00 0.000000e+00 -1.055500e-02 -1.975333e-02 1.589167e-02 1.646667e-03 -3.905346e-03 
7.821630e-03 4.762147e-02 0.000000e+00 2.218775e-02 0.000000e+00 0.000000e+00 -2.357756e-01 -1.772765e+00 3.368667e+00 1.802313e+00 7.949897e-05 5.073803e-04 0.000000e+00 -5.392751e-04 0.000000e+00 0.000000e+00 -1.017445e-02 -1.904115e-02 1.531871e-02 1.587298e-03 -3.625811e-03 
7.829414e-03 4.767121e-02 0.000000e+00 2.213467e-02 0.000000e+00 0.000000e+00 -2.367742e-01 -1.774634e+00 3.370170e+00 1.802469e+00 7.618469e-05 4.875220e-04 0.000000e+00 -5.223549e-04 0.000000e+00 0.000000e+00 -9.798696e-03 -1.833794e-02 1.475297e-02 1.528677e-03 -3.360288e-03 
7.836869e-03 4.771898e-02 0.000000e+00 2.208329e-02 0.000000e+00 0.000000e+00 -2.377355e-01 -1.776433e+00 3.371618e+00 1.802619e+00 7.295060e-05 4.680365e-04 0.000000e+00 -5.053601e-04 0.000000e+00 0.000000e+00 -9.427904e-03 -1.764401e-02 1.419471e-02 1.470830e-03 -3.108452e-03 
7.844005e-03 4.776483e-02 0.000000e+00 2.203361e-02 0.000000e+00 0.000000e+00 -2.386599e-01 -1.778163e+00 3.373010e+00 1.802763e+00 6.979584e-05 4.489251e-04 0.000000e+00 -4.883183e-04 0.000000e+00 0.000000e+00 -9.062237e-03 -1.695968e-02 1.364415e-02 1.413783e-03 -2.869964e-03 
7.850830e-03 4.780878e-02 0.000000e+00 2.198563e-02 0.000000e+00 0.000000e+00 -2.395481e-01 -1.779825e+00 3.374347e+00 1.802901e+00 6.671949e-05 4.301886e-04 0.000000e+00 -4.712572e-04 0.000000e+00 0.000000e+00 -8.701853e-03 -1.628523e-02 1.310156e-02 1.357561e-03 -2.644469e-03 
7.857350e-03 4.785087e-02 0.000000e+00 2.193936e-02 0.000000e+00 0.000000e+00 -2.404005e-01 -1.781420e+00 3.375630e+00 1.803034e+00 6.372061e-05 4.118282e-04 0.000000e+00 -4.542039e-04 0.000000e+00 0.000000e+00 -8.346913e-03 -1.562097e-02 1.256716e-02 1.302187e-03 -2.431600e-03 
7.863575e-03 4.789115e-02 0.000000e+00 2.189480e-02 0.000000e+00 0.000000e+00 -2.412177e-01 -1.782950e+00 3.376860e+00 1.803162e+00 6.079820e-05 3.938448e-04 0.000000e+00 -4.371855e-04 0.000000e+00 0.000000e+00 -7.997570e-03 -1.496719e-02 1.204119e-02 1.247687e-03 -2.230975e-03 
7.869511e-03 4.792965e-02 0.000000e+00 2.185193e-02 0.000000e+00 0.000000e+00 -2.420002e-01 -1.784414e+00 3.378039e+00 1.803284e+00 5.795123e-05 3.762393e-04 0.000000e+00 -4.202287e-04 0.000000e+00 0.000000e+00 -7.653980e-03 -1.432417e-02 1.152387e-02 1.194084e-03 -2.042196e-03 
7.875167e-03 4.796641e-02 0.000000e+00 2.181075e-02 0.000000e+00 0.000000e+00 -2.427487e-01 -1.785815e+00 3.379166e+00 1.803401e+00 5.517882e-05 3.590129e-04 0.000000e+00 -4.033588e-04 0.000000e+00 0.000000e+00 -7.316291e-03 -1.369220e-02 1.101545e-02 1.141401e-03 -1.864890e-03 
7.880550e-03 4.800147e-02 0.000000e+00 2.177126e-02 0.000000e+00 0.000000e+00 -2.434637e-01 -1.787153e+00 3.380242e+00 1.803512e+00 5.248058e-05 3.421674e-04 0.000000e+00 -3.865977e-04 0.000000e+00 0.000000e+00 -6.984653e-03 -1.307155e-02 1.051613e-02 1.089663e-03 -1.698757e-03 
7.885667e-03 4.803486e-02 0.000000e+00 2.173344e-02 0.000000e+00 0.000000e+00 -2.441458e-01 -1.788430e+00 3.381269e+00 1.803619e+00 4.985570e-05 3.257042e-04 0.000000e+00 -3.699688e-04 0.000000e+00 0.000000e+00 -6.659211e-03 -1.246249e-02 1.002614e-02 1.038892e-03 -1.543392e-03 
7.890524e-03 4.806662e-02 0.000000e+00 2.169727e-02 0.000000e+00 0.000000e+00 -2.447957e-01 -1.789646e+00 3.382248e+00 1.803720e+00 4.730342e-05 3.096247e-04 0.000000e+00 -3.534955e-04 0.000000e+00 0.000000e+00 -6.340107e-03 -1.186530e-02 9.545700e-03 9.891087e-04 -1.398388e-03 
7.895130e-03 4.809680e-02 0.000000e+00 2.166274e-02 0.000000e+00 0.000000e+00 -2.454140e-01 -1.790803e+00 3.383179e+00 1.803817e+00 4.482299e-05 2.939305e-04 0.000000e+00 -3.371999e-04 0.000000e+00 0.000000e+00 -6.027482e-03 -1.128023e-02 9.075010e-03 9.403366e-04 -1.263340e-03 
7.899491e-03 4.812542e-02 0.000000e+00 2.162983e-02 0.000000e+00 0.000000e+00 -2.460014e-01 -1.791902e+00 3.384063e+00 1.803908e+00 4.241370e-05 2.786230e-04 0.000000e+00 -3.211037e-04 0.000000e+00 0.000000e+00 -5.721472e-03 -1.070755e-02 8.614280e-03 8.925967e-04 -1.137847e-03 
7.903615e-03 4.815254e-02 0.000000e+00 2.159852e-02 0.000000e+00 0.000000e+00 -2.465586e-01 -1.792945e+00 3.384902e+00 1.803995e+00 4.007488e-05 2.637037e-04 0.000000e+00 -3.052280e-04 0.000000e+00 0.000000e+00 -5.422213e-03 -1.014749e-02 8.163714e-03 8.459097e-04 -1.021512e-03 
7.907509e-03 4.817818e-02 0.000000e+00 2.156877e-02 0.000000e+00 0.000000e+00 -2.470861e-01 -1.793932e+00 3.385696e+00 1.804077e+00 3.780591e-05 2.491744e-04 0.000000e+00 -2.895930e-04 0.000000e+00 0.000000e+00 -5.129834e-03 -9.600315e-03 7.723507e-03 8.002963e-04 -9.139388e-04 
7.911178e-03 4.820238e-02 0.000000e+00 2.154058e-02 0.000000e+00 0.000000e+00 -2.475848e-01 -1.794866e+00 3.386447e+00 1.804155e+00 3.560617e-05 2.350365e-04 0.000000e+00 -2.742182e-04 0.000000e+00 0.000000e+00 -4.844465e-03 -9.066257e-03 7.293854e-03 7.557764e-04 -8.147378e-04 
7.914632e-03 4.822520e-02 0.000000e+00 2.151391e-02 0.000000e+00 0.000000e+00 -2.480552e-01 -1.795746e+00 3.387155e+00 1.804229e+00 3.347512e-05 2.212917e-04 0.000000e+00 -2.591224e-04 0.000000e+00 0.000000e+00 -4.566231e-03 -8.545550e-03 6.874943e-03 7.123695e-04 -7.235209e-04 
7.917875e-03 4.824665e-02 0.000000e+00 2.148873e-02 0.000000e+00 0.000000e+00 -2.484983e-01 -1.796575e+00 3.387822e+00 1.804298e+00 3.141223e-05 2.079417e-04 0.000000e+00 -2.443239e-04 0.000000e+00 0.000000e+00 -4.295253e-03 -8.038425e-03 6.466957e-03 6.700948e-04 -6.399040e-04 
7.920915e-03 4.826680e-02 0.000000e+00 2.146502e-02 0.000000e+00 0.000000e+00 -2.489145e-01 -1.797354e+00 3.388449e+00 1.804363e+00 2.941701e-05 1.949883e-04 0.000000e+00 -2.298400e-04 0.000000e+00 0.000000e+00 -4.031651e-03 -7.545102e-03 6.070077e-03 6.289707e-04 -5.635061e-04 
7.923760e-03 4.828566e-02 0.000000e+00 2.144274e-02 0.000000e+00 0.000000e+00 -2.493048e-01 -1.798085e+00 3.389037e+00 1.804424e+00 2.748901e-05 1.824331e-04 0.000000e+00 -2.156874e-04 0.000000e+00 0.000000e+00 -3.775540e-03 -7.065799e-03 5.684474e-03 5.890153e-04 -4.939499e-04 
7.926415e-03 4.830330e-02 0.000000e+00 2.142186e-02 0.000000e+00 0.000000e+00 -2.496699e-01 -1.798768e+00 3.389586e+00 1.804480e+00 2.562782e-05 1.702781e-04 0.000000e+00 -2.018821e-04 0.000000e+00 0.000000e+00 -3.527033e-03 -6.600725e-03 5.310320e-03 5.502460e-04 -4.308611e-04 
7.928887e-03 4.831973e-02 0.000000e+00 2.140234e-02 0.000000e+00 0.000000e+00 -2.500105e-01 -1.799405e+00 3.390099e+00 1.804534e+00 2.383306e-05 1.585250e-04 0.000000e+00 -1.884395e-04 0.000000e+00 0.000000e+00 -3.286237e-03 -6.150085e-03 4.947777e-03 5.126800e-04 -3.738690e-04 
7.931183e-03 4.833501e-02 0.000000e+00 2.138415e-02 0.000000e+00 0.000000e+00 -2.503274e-01 -1.799998e+00 3.390576e+00 1.804583e+00 2.210439e-05 1.471757e-04 0.000000e+00 -1.753741e-04 0.000000e+00 0.000000e+00 -3.053260e-03 -5.714076e-03 4.597006e-03 4.763337e-04 -3.226063e-04 
7.933310e-03 4.834918e-02 0.000000e+00 2.136725e-02 0.000000e+00 0.000000e+00 -2.506214e-01 -1.800549e+00 3.391019e+00 1.804629e+00 2.044151e-05 1.362321e-04 0.000000e+00 -1.626998e-04 0.000000e+00 0.000000e+00 -2.828204e-03 -5.292890e-03 4.258159e-03 4.412230e-04 -2.767090e-04 
7.935274e-03 4.836228e-02 0.000000e+00 2.135160e-02 0.000000e+00 0.000000e+00 -2.508933e-01 -1.801057e+00 3.391428e+00 1.804671e+00 1.884414e-05 1.256962e-04 0.000000e+00 -1.504299e-04 0.000000e+00 0.000000e+00 -2.611166e-03 -4.886711e-03 3.931386e-03 4.073633e-04 -2.358165e-04 
7.937082e-03 4.837434e-02 0.000000e+00 2.133716e-02 0.000000e+00 0.000000e+00 -2.511439e-01 -1.801526e+00 3.391805e+00 1.804710e+00 1.731207e-05 1.155699e-04 0.000000e+00 -1.385766e-04 0.000000e+00 0.000000e+00 -2.402242e-03 -4.495717e-03 3.616830e-03 3.747695e-04 -1.995716e-04 
7.938739e-03 4.838540e-02 0.000000e+00 2.132389e-02 0.000000e+00 0.000000e+00 -2.513740e-01 -1.801957e+00 3.392152e+00 1.804746e+00 1.584510e-05 1.058553e-04 0.000000e+00 -1.271519e-04 0.000000e+00 0.000000e+00 -2.201525e-03 -4.120081e-03 3.314628e-03 3.434559e-04 -1.676203e-04 
7.940253e-03 4.839552e-02 0.000000e+00 2.131173e-02 0.000000e+00 0.000000e+00 -2.515845e-01 -1.802351e+00 3.392469e+00 1.804779e+00 1.444306e-05 9.655435e-05 0.000000e+00 -1.161667e-04 0.000000e+00 0.000000e+00 -2.009101e-03 -3.759966e-03 3.024914e-03 3.134362e-04 -1.396124e-04 
7.941630e-03 4.840473e-02 0.000000e+00 2.130064e-02 0.000000e+00 0.000000e+00 -2.517761e-01 -1.802710e+00 3.392757e+00 1.804809e+00 1.310584e-05 8.766922e-05 0.000000e+00 -1.056314e-04 0.000000e+00 0.000000e+00 -1.825055e-03 -3.415531e-03 2.747814e-03 2.847236e-04 -1.152010e-04 
7.942877e-03 4.841307e-02 0.000000e+00 2.129059e-02 0.000000e+00 0.000000e+00 -2.519498e-01 -1.803035e+00 3.393019e+00 1.804836e+00 1.183326e-05 7.920152e-05 0.000000e+00 -9.555645e-05 0.000000e+00 0.000000e+00 -1.649469e-03 -3.086926e-03 2.483449e-03 2.573307e-04 -9.409806e-05 
7.943999e-03 4.842058e-02 0.000000e+00 2.128152e-02 0.000000e+00 0.000000e+00 -2.521063e-01 -1.803327e+00 3.393254e+00 1.804861e+00 1.062525e-05 7.115311e-05 0.000000e+00 -8.595088e-05 0.000000e+00 0.000000e+00 -1.482418e-03 -2.774297e-03 2.231937e-03 2.312694e-04 -7.602027e-05 
7.945004e-03 4.842731e-02 0.000000e+00 2.127339e-02 0.000000e+00 0.000000e+00 -2.522466e-01 -1.803590e+00 3.393466e+00 1.804882e+00 9.481868e-06 6.352619e-05 0.000000e+00 -7.682258e-05 0.000000e+00 0.000000e+00 -1.323977e-03 -2.477780e-03 1.993387e-03 2.065513e-04 -6.066552e-05 
7.945898e-03 4.843330e-02 0.000000e+00 2.126615e-02 0.000000e+00 0.000000e+00 -2.523714e-01 -1.803824e+00 3.393654e+00 1.804902e+00 8.403167e-06 5.632284e-05 0.000000e+00 -6.817898e-05 0.000000e+00 0.000000e+00 -1.174215e-03 -2.197504e-03 1.767904e-03 1.831872e-04 -4.774751e-05 
7.946687e-03 4.843859e-02 0.000000e+00 2.125974e-02 0.000000e+00 0.000000e+00 -2.524817e-01 -1.804030e+00 3.393820e+00 1.804919e+00 7.389201e-06 4.954504e-05 0.000000e+00 -6.002700e-05 0.000000e+00 0.000000e+00 -1.033197e-03 -1.933594e-03 1.555587e-03 1.611872e-04 -3.699571e-05 
7.947378e-03 4.844322e-02 0.000000e+00 2.125413e-02 0.000000e+00 0.000000e+00 -2.525783e-01 -1.804211e+00 3.393965e+00 1.804934e+00 6.440034e-06 4.319470e-05 0.000000e+00 -5.237310e-05 0.000000e+00 0.000000e+00 -9.009854e-04 -1.686164e-03 1.356529e-03 1.405611e-04 -2.815535e-05 
7.947977e-03 4.844724e-02 0.000000e+00 2.124925e-02 0.000000e+00 0.000000e+00 -2.526622e-01 -1.804368e+00 3.394091e+00 1.804947e+00 5.555731e-06 3.727360e-05 0.000000e+00 -4.522326e-05 0.000000e+00 0.000000e+00 -7.776382e-04 -1.455324e-03 1.170816e-03 1.213179e-04 -2.098747e-05 
7.948491e-03 4.845069e-02 0.000000e+00 2.124506e-02 0.000000e+00 0.000000e+00 -2.527342e-01 -1.804502e+00 3.394200e+00 1.804959e+00 4.736362e-06 3.178345e-05 0.000000e+00 -3.858299e-05 0.000000e+00 0.000000e+00 -6.632095e-04 -1.241175e-03 9.985319e-04 1.034661e-04 -1.526886e-05 
7.948926e-03 4.845362e-02 0.000000e+00 2.124151e-02 0.000000e+00 0.000000e+00 -2.527951e-01 -1.804617e+00 3.394292e+00 1.804968e+00 3.982002e-06 2.672584e-05 0.000000e+00 -3.245732e-05 0.000000e+00 0.000000e+00 -5.577494e-04 -1.043809e-03 8.397505e-04 8.701348e-05 -1.079210e-05 
7.949290e-03 4.845605e-02 0.000000e+00 2.123854e-02 0.000000e+00 0.000000e+00 -2.528460e-01 -1.804712e+00 3.394368e+00 1.804976e+00 3.292729e-06 2.210227e-05 0.000000e+00 -2.685080e-05 0.000000e+00 0.000000e+00 -4.613041e-04 -8.633155e-04 6.945421e-04 7.196723e-05 -7.365555e-06 
7.949587e-03 4.845805e-02 0.000000e+00 2.123611e-02 0.000000e+00 0.000000e+00 -2.528877e-01 -1.804790e+00 3.394431e+00 1.804982e+00 2.668627e-06 1.791415e-05 0.000000e+00 -2.176752e-05 0.000000e+00 0.000000e+00 -3.739161e-04 -6.997717e-04 5.629702e-04 5.833399e-05 -4.813362e-06 
7.949825e-03 4.845965e-02 0.000000e+00 2.123417e-02 0.000000e+00 0.000000e+00 -2.529211e-01 -1.804852e+00 3.394481e+00 1.804988e+00 2.109784e-06 1.416278e-05 0.000000e+00 -1.721107e-05 0.000000e+00 0.000000e+00 -2.956237e-04 -5.532499e-04 4.450926e-04 4.611972e-05 -2.975434e-06 
7.950011e-03 4.846090e-02 0.000000e+00 2.123265e-02 0.000000e+00 0.000000e+00 -2.529471e-01 -1.804901e+00 3.394520e+00 1.804992e+00 1.616291e-06 1.084938e-05 0.000000e+00 -1.318459e-05 0.000000e+00 0.000000e+00 -2.264611e-04 -4.238144e-04 3.409610e-04 3.532978e-05 -1.707465e-06 
7.950151e-03 4.846184e-02 0.000000e+00 2.123151e-02 0.000000e+00 0.000000e+00 -2.529667e-01 -1.804938e+00 3.394550e+00 1.804995e+00 1.188245e-06 7.975054e-06 0.000000e+00 -9.690728e-06 0.000000e+00 0.000000e+00 -1.664587e-04 -3.115219e-04 2.506211e-04 2.596892e-05 -8.809261e-07 
7.950251e-03 4.846251e-02 0.000000e+00 2.123069e-02 0.000000e+00 0.000000e+00 -2.529807e-01 -1.804964e+00 3.394571e+00 1.804997e+00 8.257469e-07 5.540816e-06 0.000000e+00 -6.731660e-06 0.000000e+00 0.000000e+00 -1.156428e-04 -2.164217e-04 1.741124e-04 1.804122e-05 -3.830684e-07 
7.950318e-03 4.846296e-02 0.000000e+00 2.123014e-02 0.000000e+00 0.000000e+00 -2.529901e-01 -1.804982e+00 3.394585e+00 1.804998e+00 5.289008e-07 3.547583e-06 0.000000e+00 -4.309089e-06 0.000000e+00 0.000000e+00 -7.403574e-05 -1.385554e-04 1.114686e-04 1.155018e-05 -1.169200e-07 
7.950359e-03 4.846323e-02 0.000000e+00 2.122981e-02 0.000000e+00 0.000000e+00 -2.529958e-01 -1.804992e+00 3.394594e+00 1.804999e+00 2.978165e-07 1.996174e-06 0.000000e+00 -2.424239e-06 0.000000e+00 0.000000e+00 -4.165576e-05 -7.795738e-05 6.271715e-05 6.498641e-06 -1.287559e-09 
7.950380e-03 4.846337e-02 0.000000e+00 2.122965e-02 0.000000e+00 0.000000e+00 -2.529988e-01 -1.804998e+00 3.394598e+00 1.805000e+00 1.326075e-07 8.873107e-07 0.000000e+00 -1.077862e-06 0.000000e+00 0.000000e+00 -1.851706e-05 -3.465406e-05 2.787938e-05 2.888813e-06 2.924394e-08 
7.950388e-03 4.846343e-02 0.000000e+00 2.122959e-02 0.000000e+00 0.000000e+00 -2.529998e-01 -1.805000e+00 3.394600e+00 1.805000e+00 3.339202e-08 2.216167e-07 0.000000e+00 -2.702302e-07 0.000000e+00 0.000000e+00 -4.629772e-06 -8.664465e-06 6.970610e-06 7.222824e-07 2.431118e-08 
7.950389e-03 4.846343e-02 0.000000e+00 2.122958e-02 0.000000e+00 0.000000e+00 -2.530000e-01 -1.805000e+00 3.394600e+00 1.805000e+00 2.922678e-10 -3.820348e-10 0.000000e+00 -1.143738e-09 0.000000e+00 0.000000e+00 -0.000000e+00 -0.000000e+00 0.000000e+00 0.000000e+00 1.777255e-08 
