3.924000e+01 1.628523e+00 0.000000e+00 4.086852e+01 0.000000e+00 
3.917764e+01 1.519576e+00 1.570350e-01 4.086849e+01 1.423530e-02 
3.911486e+01 1.404700e+00 3.129062e-01 4.086848e+01 3.602269e-02 
3.905669e+01 1.296172e+00 4.574982e-01 4.086849e+01 5.812622e-02 
3.900315e+01 1.201845e+00 5.836319e-01 4.086849e+01 7.985460e-02 
3.895399e+01 1.121244e+00 6.920247e-01 4.086849e+01 1.012263e-01 
3.890896e+01 1.053273e+00 7.839791e-01 4.086848e+01 1.222743e-01 
3.886784e+01 9.968231e-01 8.607842e-01 4.086848e+01 1.430298e-01 
3.883047e+01 9.508167e-01 9.236688e-01 4.086848e+01 1.635215e-01 
3.879669e+01 9.142178e-01 9.737584e-01 4.086844e+01 1.837741e-01 
3.876641e+01 8.860247e-01 1.012168e+00 4.086842e+01 2.038118e-01 
3.873954e+01 8.652824e-01 1.039899e+00 4.086838e+01 2.236542e-01 
3.871604e+01 8.510832e-01 1.057885e+00 4.086833e+01 2.433190e-01 
3.869589e+01 8.425718e-01 1.067014e+00 4.086830e+01 2.628218e-01 
3.867911e+01 8.389612e-01 1.068012e+00 4.086826e+01 2.821731e-01 
3.866571e+01 8.395231e-01 1.061601e+00 4.086822e+01 3.013836e-01 
3.865575e+01 8.436009e-01 1.048400e+00 4.086821e+01 3.204608e-01 
3.864926e+01 8.506090e-01 1.028921e+00 4.086820e+01 3.394102e-01 
3.864631e+01 8.600219e-01 1.003632e+00 4.086820e+01 3.582351e-01 
3.864696e+01 8.713788e-01 9.729470e-01 4.086823e+01 3.769386e-01 
3.865127e+01 8.842729e-01 9.371997e-01 4.086826e+01 3.955217e-01 
3.865929e+01 8.983455e-01 8.966761e-01 4.086830e+01 4.139840e-01 
3.867108e+01 9.132791e-01 8.516750e-01 4.086836e+01 4.323263e-01 
3.868666e+01 9.287926e-01 8.023763e-01 4.086838e+01 4.505460e-01 
3.870608e+01 9.446296e-01 7.490695e-01 4.086843e+01 4.686431e-01 
3.872937e+01 9.605580e-01 6.919099e-01 4.086846e+01 4.866149e-01 
3.875654e+01 9.763647e-01 6.311163e-01 4.086848e+01 5.044591e-01 
3.878758e+01 9.918392e-01 5.669177e-01 4.086851e+01 5.221735e-01 
3.882248e+01 1.006785e+00 4.995212e-01 4.086854e+01 5.397552e-01 
3.886120e+01 1.021013e+00 4.291561e-01 4.086857e+01 5.572008e-01 
3.890368e+01 1.034327e+00 3.560561e-01 4.086857e+01 5.745070e-01 
3.894990e+01 1.046542e+00 2.805098e-01 4.086862e+01 5.916693e-01 
3.899972e+01 1.057459e+00 2.027563e-01 4.086862e+01 6.086843e-01 
3.905305e+01 1.066892e+00 1.231323e-01 4.086862e+01 6.255462e-01 
3.910977e+01 1.074646e+00 4.195444e-02 4.086862e+01 6.422499e-01 
3.916970e+01 1.080533e+00 -4.040481e-02 4.086862e+01 6.587888e-01 
3.923266e+01 1.084362e+00 -1.235630e-01 4.086861e+01 6.751563e-01 
3.929844e+01 1.085959e+00 -2.071177e-01 4.086862e+01 6.913453e-01 
3.936677e+01 1.085157e+00 -2.906474e-01 4.086862e+01 7.073480e-01 
3.943737e+01 1.081808e+00 -3.737101e-01 4.086862e+01 7.231566e-01 
3.950993e+01 1.075793e+00 -4.558537e-01 4.086863e+01 7.387626e-01 
3.958410e+01 1.067018e+00 -5.366308e-01 4.086864e+01 7.541579e-01 
3.965945e+01 1.055433e+00 -6.155882e-01 4.086863e+01 7.693340e-01 
3.973558e+01 1.041031e+00 -6.922831e-01 4.086861e+01 7.842834e-01 
3.981203e+01 1.023855e+00 -7.662891e-01 4.086860e+01 7.989995e-01 
3.988830e+01 1.004003e+00 -8.372031e-01 4.086857e+01 8.134759e-01 
3.996387e+01 9.816370e-01 -9.046539e-01 4.086856e+01 8.277074e-01 
4.003818e+01 9.569738e-01 -9.683293e-01 4.086852e+01 8.416910e-01 
4.011070e+01 9.302908e-01 -1.027909e+00 4.086851e+01 8.554234e-01 
4.018083e+01 9.019233e-01 -1.083207e+00 4.086846e+01 8.689068e-01 
4.024803e+01 8.722486e-01 -1.133972e+00 4.086844e+01 8.821405e-01 
4.031170e+01 8.416910e-01 -1.180109e+00 4.086841e+01 8.951308e-01 
4.037130e+01 8.106961e-01 -1.221462e+00 4.086842e+01 9.078814e-01 
4.042628e+01 7.797298e-01 -1.258000e+00 4.086841e+01 9.204016e-01 
4.047615e+01 7.492625e-01 -1.289699e+00 4.086842e+01 9.327021e-01 
4.052042e+01 7.197503e-01 -1.316552e+00 4.086841e+01 9.447944e-01 
4.055867e+01 6.916274e-01 -1.338573e+00 4.086841e+01 9.566917e-01 
4.059050e+01 6.652983e-01 -1.355789e+00 4.086842e+01 9.684085e-01 
4.061557e+01 6.411230e-01 -1.368242e+00 4.086841e+01 9.799603e-01 
4.063362e+01 6.194116e-01 -1.375968e+00 4.086842e+01 9.913624e-01 
4.064438e+01 6.004269e-01 -1.379019e+00 4.086842e+01 1.002631e+00 
4.064771e+01 5.843753e-01 -1.377440e+00 4.086843e+01 1.013783e+00 
4.064345e+01 5.714140e-01 -1.371281e+00 4.086842e+01 1.024833e+00 
4.063156e+01 5.616513e-01 -1.360595e+00 4.086841e+01 1.035797e+00 
4.061201e+01 5.551536e-01 -1.345437e+00 4.086841e+01 1.046691e+00 
4.058481e+01 5.519505e-01 -1.325879e+00 4.086841e+01 1.057526e+00 
4.055003e+01 5.520466e-01 -1.301996e+00 4.086840e+01 1.068317e+00 
4.050779e+01 5.554241e-01 -1.273897e+00 4.086839e+01 1.079075e+00 
4.045821e+01 5.620563e-01 -1.241696e+00 4.086838e+01 1.089810e+00 
4.040148e+01 5.719128e-01 -1.205555e+00 4.086837e+01 1.100533e+00 
4.033780e+01 5.849696e-01 -1.165648e+00 4.086837e+01 1.111251e+00 
4.026737e+01 6.012150e-01 -1.122198e+00 4.086836e+01 1.121973e+00 
4.019045e+01 6.206602e-01 -1.075451e+00 4.086836e+01 1.132704e+00 
4.010726e+01 6.433418e-01 -1.025709e+00 4.086834e+01 1.143451e+00 
4.001809e+01 6.693304e-01 -9.732979e-01 4.086834e+01 1.154218e+00 
3.992320e+01 6.987372e-01 -9.186040e-01 4.086834e+01 1.165009e+00 
3.982284e+01 7.317160e-01 -8.620445e-01 4.086833e+01 1.175828e+00 
3.971728e+01 7.684728e-01 -8.040935e-01 4.086834e+01 1.186677e+00 
3.960677e+01 8.092653e-01 -7.452622e-01 4.086833e+01 1.197558e+00 
3.949157e+01 8.544123e-01 -6.861139e-01 4.086834e+01 1.208472e+00 
3.937188e+01 9.042935e-01 -6.272533e-01 4.086833e+01 1.219419e+00 
3.924791e+01 9.593570e-01 -5.693298e-01 4.086833e+01 1.230399e+00 
3.911986e+01 1.020118e+00 -5.130388e-01 4.086834e+01 1.241410e+00 
3.898784e+01 1.087166e+00 -4.591127e-01 4.086834e+01 1.252451e+00 
3.902033e+01 3.875846e-01 -1.060185e+00 4.086833e+01 2.520597e+00 
3.908079e+01 3.576950e-01 -1.180826e+00 4.086834e+01 2.610673e+00 
3.912447e+01 3.611483e-01 -1.289992e+00 4.086833e+01 2.672709e+00 
3.914316e+01 3.814307e-01 -1.402543e+00 4.086834e+01 2.746287e+00 
3.913514e+01 4.224028e-01 -1.516352e+00 4.086835e+01 2.827150e+00 
3.909953e+01 4.876343e-01 -1.629044e+00 4.086837e+01 2.910245e+00 
3.904298e+01 5.981822e-01 -1.742695e+00 4.086836e+01 2.969896e+00 
3.898395e+01 6.899623e-01 -1.799901e+00 4.086837e+01 2.994355e+00 
3.893076e+01 6.376108e-01 -1.893141e+00 4.086839e+01 3.193162e+00 
3.900023e+01 5.548779e-01 -2.010649e+00 4.086839e+01 3.323930e+00 
3.907049e+01 5.652287e-01 -2.093186e+00 4.086839e+01 3.325858e+00 
3.912110e+01 6.420779e-01 -2.229865e+00 4.086840e+01 3.335085e+00 
3.915069e+01 7.442989e-01 -2.378311e+00 4.086840e+01 3.351726e+00 
3.915862e+01 8.699956e-01 -2.532700e+00 4.086841e+01 3.372488e+00 
3.914447e+01 1.022207e+00 -2.693576e+00 4.086840e+01 3.395298e+00 
3.910853e+01 1.215977e+00 -2.876305e+00 4.086840e+01 3.420204e+00 
3.905694e+01 1.495733e+00 -3.129715e+00 4.086840e+01 3.445443e+00 
3.899615e+01 1.501849e+00 -3.089561e+00 4.086841e+01 3.459977e+00 
3.893530e+01 1.391188e+00 -2.937283e+00 4.086841e+01 3.479206e+00 
3.887899e+01 1.283630e+00 -2.793080e+00 4.086841e+01 3.498873e+00 
3.882697e+01 1.190651e+00 -2.667719e+00 4.086840e+01 3.518498e+00 
3.877887e+01 1.111909e+00 -2.560419e+00 4.086841e+01 3.538047e+00 
3.873451e+01 1.045515e+00 -2.469273e+00 4.086841e+01 3.557658e+00 
3.869405e+01 9.896945e-01 -2.392415e+00 4.086842e+01 3.577091e+00 
3.865737e+01 9.441749e-01 -2.329357e+00 4.086846e+01 3.596273e+00 
3.862432e+01 9.080098e-01 -2.279022e+00 4.086854e+01 3.615228e+00 
3.859480e+01 8.802199e-01 -2.240335e+00 4.086866e+01 3.633979e+00 
3.856871e+01 8.598587e-01 -2.212355e+00 4.086876e+01 3.652543e+00 
3.854604e+01 8.460158e-01 -2.194145e+00 4.086885e+01 3.670938e+00 
3.852672e+01 8.378425e-01 -2.184901e+00 4.086884e+01 3.689177e+00 
3.851080e+01 8.345401e-01 -2.183782e+00 4.086883e+01 3.707273e+00 
3.849829e+01 8.353902e-01 -2.190133e+00 4.086878e+01 3.725235e+00 
3.848923e+01 8.397343e-01 -2.203295e+00 4.086874e+01 3.743072e+00 
3.848367e+01 8.469869e-01 -2.222722e+00 4.086872e+01 3.760788e+00 
3.848164e+01 8.566317e-01 -2.248008e+00 4.086866e+01 3.778387e+00 
3.848326e+01 8.682020e-01 -2.278681e+00 4.086866e+01 3.795873e+00 
3.848853e+01 8.812954e-01 -2.314444e+00 4.086863e+01 3.813245e+00 
3.849754e+01 8.955514e-01 -2.354954e+00 4.086865e+01 3.830506e+00 
3.851033e+01 9.106554e-01 -2.399978e+00 4.086866e+01 3.847653e+00 
3.852693e+01 9.263252e-01 -2.449268e+00 4.086868e+01 3.864687e+00 
3.854739e+01 9.423060e-01 -2.502600e+00 4.086870e+01 3.881606e+00 
3.857173e+01 9.583652e-01 -2.559782e+00 4.086872e+01 3.898408e+00 
3.859996e+01 9.742871e-01 -2.620587e+00 4.086875e+01 3.915091e+00 
3.863208e+01 9.898663e-01 -2.684831e+00 4.086876e+01 3.931652e+00 
3.866806e+01 1.004905e+00 -2.752273e+00 4.086878e+01 3.948089e+00 
3.870788e+01 1.019211e+00 -2.822707e+00 4.086878e+01 3.964399e+00 
3.875149e+01 1.032590e+00 -2.895869e+00 4.086879e+01 3.980578e+00 
3.879883e+01 1.044855e+00 -2.971513e+00 4.086880e+01 3.996622e+00 
3.884981e+01 1.055811e+00 -3.049341e+00 4.086880e+01 4.012526e+00 
3.890431e+01 1.065265e+00 -3.129057e+00 4.086881e+01 4.028287e+00 
3.896220e+01 1.073023e+00 -3.210309e+00 4.086881e+01 4.043898e+00 
3.902334e+01 1.078895e+00 -3.292758e+00 4.086883e+01 4.059354e+00 
3.908753e+01 1.082695e+00 -3.376034e+00 4.086884e+01 4.074648e+00 
3.915454e+01 1.084239e+00 -3.459718e+00 4.086883e+01 4.089774e+00 
3.922413e+01 1.083363e+00 -3.543397e+00 4.086882e+01 4.104723e+00 
3.929603e+01 1.079921e+00 -3.626626e+00 4.086882e+01 4.119489e+00 
3.936989e+01 1.073787e+00 -3.708968e+00 4.086877e+01 4.134063e+00 
3.944539e+01 1.064867e+00 -3.789951e+00 4.086874e+01 4.148438e+00 
3.952211e+01 1.053109e+00 -3.869108e+00 4.086872e+01 4.162604e+00 
3.959964e+01 1.038503e+00 -3.946039e+00 4.086866e+01 4.176556e+00 
3.967752e+01 1.021089e+00 -4.020260e+00 4.086863e+01 4.190286e+00 
3.975524e+01 1.000966e+00 -4.091410e+00 4.086859e+01 4.203788e+00 
3.983230e+01 9.782898e-01 -4.159115e+00 4.086854e+01 4.217057e+00 
3.990816e+01 9.532750e-01 -4.223000e+00 4.086853e+01 4.230088e+00 
3.998226e+01 9.261977e-01 -4.282827e+00 4.086851e+01 4.242882e+00 
4.005402e+01 8.973871e-01 -4.338336e+00 4.086851e+01 4.255436e+00 
4.012289e+01 8.672218e-01 -4.389389e+00 4.086848e+01 4.267756e+00 
4.018829e+01 8.361148e-01 -4.435755e+00 4.086849e+01 4.279841e+00 
4.024967e+01 8.045150e-01 -4.477397e+00 4.086849e+01 4.291700e+00 
4.030650e+01 7.728797e-01 -4.514220e+00 4.086850e+01 4.303340e+00 
4.035827e+01 7.416759e-01 -4.546218e+00 4.086849e+01 4.314771e+00 
4.040452e+01 7.113544e-01 -4.573382e+00 4.086850e+01 4.326005e+00 
4.044482e+01 6.823440e-01 -4.595725e+00 4.086850e+01 4.337055e+00 
4.047879e+01 6.550433e-01 -4.613274e+00 4.086850e+01 4.347934e+00 
4.050610e+01 6.298051e-01 -4.626065e+00 4.086850e+01 4.358658e+00 
4.052647e+01 6.069336e-01 -4.634139e+00 4.086851e+01 4.369242e+00 
4.053967e+01 5.866829e-01 -4.637546e+00 4.086851e+01 4.379701e+00 
4.054554e+01 5.692508e-01 -4.636327e+00 4.086852e+01 4.390051e+00 
4.054396e+01 5.547856e-01 -4.630537e+00 4.086852e+01 4.400309e+00 
4.053486e+01 5.433853e-01 -4.620224e+00 4.086851e+01 4.410489e+00 
4.051824e+01 5.351049e-01 -4.605446e+00 4.086850e+01 4.420606e+00 
4.049413e+01 5.299633e-01 -4.586271e+00 4.086849e+01 4.430672e+00 
4.046262e+01 5.279503e-01 -4.562779e+00 4.086849e+01 4.440701e+00 
4.042382e+01 5.290357e-01 -4.535071e+00 4.086849e+01 4.450704e+00 
4.037788e+01 5.331761e-01 -4.503272e+00 4.086848e+01 4.460692e+00 
4.032500e+01 5.403252e-01 -4.467528e+00 4.086847e+01 4.470674e+00 
4.026539e+01 5.504418e-01 -4.428025e+00 4.086847e+01 4.480660e+00 
4.019930e+01 5.634947e-01 -4.384978e+00 4.086847e+01 4.490656e+00 
4.012696e+01 5.794732e-01 -4.338640e+00 4.086847e+01 4.500670e+00 
4.004868e+01 5.983923e-01 -4.289305e+00 4.086847e+01 4.510707e+00 
3.996472e+01 6.202976e-01 -4.237313e+00 4.086848e+01 4.520772e+00 
3.987538e+01 6.452746e-01 -4.183037e+00 4.086849e+01 4.530870e+00 
3.978094e+01 6.734488e-01 -4.126908e+00 4.086849e+01 4.541005e+00 
3.968171e+01 7.049943e-01 -4.069395e+00 4.086849e+01 4.551178e+00 
3.957797e+01 7.401386e-01 -4.011012e+00 4.086849e+01 4.561393e+00 
3.947000e+01 7.791631e-01 -3.952327e+00 4.086849e+01 4.571651e+00 
3.935807e+01 8.224117e-01 -3.893942e+00 4.086850e+01 4.581954e+00 
3.924242e+01 8.702904e-01 -3.836516e+00 4.086850e+01 4.592301e+00 
3.912327e+01 9.232733e-01 -3.780738e+00 4.086850e+01 4.602692e+00 
3.900083e+01 9.819019e-01 -3.727345e+00 4.086851e+01 4.613126e+00 
3.887523e+01 1.046788e+00 -3.677114e+00 4.086851e+01 4.623600e+00 
3.879712e+01 4.983341e-01 -4.030230e+00 4.086849e+01 5.603271e+00 
3.885341e+01 3.990402e-01 -4.138899e+00 4.086850e+01 5.754950e+00 
3.890260e+01 4.027996e-01 -4.232546e+00 4.086851e+01 5.795659e+00 
3.893011e+01 4.243331e-01 -4.329048e+00 4.086850e+01 5.843104e+00 
3.893321e+01 4.639128e-01 -4.429644e+00 4.086850e+01 5.901020e+00 
3.891073e+01 5.250864e-01 -4.531945e+00 4.086853e+01 5.964656e+00 
3.886299e+01 6.171440e-01 -4.638754e+00 4.086853e+01 6.027146e+00 
3.891761e+01 4.728195e-01 -4.884375e+00 4.086852e+01 6.362469e+00 
3.900325e+01 4.616906e-01 -4.966278e+00 4.086851e+01 6.369854e+00 
3.907092e+01 5.103656e-01 -5.089997e+00 4.086852e+01 6.377237e+00 
3.911818e+01 5.905611e-01 -5.232495e+00 4.086852e+01 6.392273e+00 
3.914439e+01 6.937652e-01 -5.381204e+00 4.086852e+01 6.411570e+00 
3.914904e+01 8.220994e-01 -5.535742e+00 4.086852e+01 6.433130e+00 
3.913188e+01 9.789847e-01 -5.698240e+00 4.086853e+01 6.455901e+00 
3.909647e+01 1.211941e+00 -5.924180e+00 4.086853e+01 6.484292e+00 
3.904614e+01 1.494127e+00 -6.180870e+00 4.086853e+01 6.509129e+00 
3.898560e+01 1.502233e+00 -6.142973e+00 4.086854e+01 6.523679e+00 
3.892518e+01 1.393329e+00 -5.992844e+00 4.086853e+01 6.542869e+00 
3.886946e+01 1.288193e+00 -5.851610e+00 4.086853e+01 6.562490e+00 
3.881813e+01 1.197272e+00 -5.729013e+00 4.086853e+01 6.582139e+00 
3.877077e+01 1.120215e+00 -5.624195e+00 4.086853e+01 6.601748e+00 
3.872705e+01 1.054065e+00 -5.533859e+00 4.086853e+01 6.621275e+00 
3.868717e+01 9.977618e-01 -5.457041e+00 4.086854e+01 6.640647e+00 
3.865101e+01 9.517924e-01 -5.394041e+00 4.086853e+01 6.659769e+00 
3.861845e+01 9.152065e-01 -5.343703e+00 4.086862e+01 6.678667e+00 
3.858937e+01 8.870277e-01 -5.305028e+00 4.086873e+01 6.697361e+00 
3.856369e+01 8.663039e-01 -5.277055e+00 4.086881e+01 6.715869e+00 
3.854137e+01 8.521280e-01 -5.258887e+00 4.086882e+01 6.734208e+00 
3.852240e+01 8.436377e-01 -5.249613e+00 4.086882e+01 6.752393e+00 
3.850677e+01 8.400429e-01 -5.248458e+00 4.086879e+01 6.770436e+00 
3.849452e+01 8.406221e-01 -5.254741e+00 4.086874e+01 6.788345e+00 
3.848568e+01 8.447164e-01 -5.267813e+00 4.086872e+01 6.806130e+00 
3.848032e+01 8.517402e-01 -5.287152e+00 4.086871e+01 6.823795e+00 
3.847849e+01 8.611725e-01 -5.312319e+00 4.086868e+01 6.841343e+00 
3.848023e+01 8.725533e-01 -5.342939e+00 4.086862e+01 6.858777e+00 
3.848563e+01 8.854720e-01 -5.378644e+00 4.086855e+01 6.876097e+00 
3.849471e+01 8.995647e-01 -5.419075e+00 4.086850e+01 6.893306e+00 
3.850755e+01 9.145271e-01 -5.464050e+00 4.086843e+01 6.910402e+00 
3.852418e+01 9.300600e-01 -5.513204e+00 4.086842e+01 6.927385e+00 
3.854464e+01 9.459295e-01 -5.566437e+00 4.086839e+01 6.944253e+00 
3.856896e+01 9.618854e-01 -5.623450e+00 4.086840e+01 6.961004e+00 
3.859713e+01 9.777249e-01 -5.684076e+00 4.086841e+01 6.977637e+00 
3.862915e+01 9.932359e-01 -5.748107e+00 4.086842e+01 6.994148e+00 
3.866502e+01 1.008222e+00 -5.815318e+00 4.086846e+01 7.010536e+00 
3.870469e+01 1.022495e+00 -5.885490e+00 4.086849e+01 7.026796e+00 
3.874813e+01 1.035857e+00 -5.958387e+00 4.086853e+01 7.042925e+00 
3.879525e+01 1.048131e+00 -6.033695e+00 4.086861e+01 7.058918e+00 
3.884599e+01 1.059108e+00 -6.111204e+00 4.086866e+01 7.074772e+00 
3.890021e+01 1.068605e+00 -6.190575e+00 4.086872e+01 7.090483e+00 
3.895778e+01 1.076434e+00 -6.271442e+00 4.086882e+01 7.106043e+00 
3.901856e+01 1.082394e+00 -6.353553e+00 4.086885e+01 7.121449e+00 
3.908234e+01 1.086309e+00 -6.436416e+00 4.086892e+01 7.136692e+00 
3.914891e+01 1.088001e+00 -6.519675e+00 4.086901e+01 7.151766e+00 
3.921802e+01 1.087299e+00 -6.602985e+00 4.086900e+01 7.166665e+00 
3.928936e+01 1.084065e+00 -6.685798e+00 4.086901e+01 7.181379e+00 
3.936264e+01 1.078174e+00 -6.767728e+00 4.086899e+01 7.195902e+00 
3.943750e+01 1.069539e+00 -6.848279e+00 4.086898e+01 7.210225e+00 
3.951352e+01 1.058106e+00 -6.927004e+00 4.086896e+01 7.224339e+00 
3.959029e+01 1.043872e+00 -7.003462e+00 4.086894e+01 7.238238e+00 
3.966734e+01 1.026879e+00 -7.077209e+00 4.086892e+01 7.251914e+00 
3.974416e+01 1.007231e+00 -7.147875e+00 4.086887e+01 7.265362e+00 
3.982026e+01 9.850876e-01 -7.215054e+00 4.086887e+01 7.278576e+00 
3.989507e+01 9.606701e-01 -7.278463e+00 4.086883e+01 7.291554e+00 
3.996802e+01 9.342579e-01 -7.337772e+00 4.086880e+01 7.304292e+00 
4.003857e+01 9.061878e-01 -7.392781e+00 4.086877e+01 7.316791e+00 
4.010612e+01 8.768419e-01 -7.443269e+00 4.086874e+01 7.329053e+00 
4.017010e+01 8.466451e-01 -7.489105e+00 4.086872e+01 7.341082e+00 
4.022995e+01 8.160511e-01 -7.530189e+00 4.086870e+01 7.352883e+00 
4.028513e+01 7.855252e-01 -7.566436e+00 4.086869e+01 7.364464e+00 
4.033514e+01 7.555458e-01 -7.597858e+00 4.086866e+01 7.375836e+00 
4.037949e+01 7.265676e-01 -7.624402e+00 4.086866e+01 7.387008e+00 
4.041774e+01 6.990377e-01 -7.646124e+00 4.086865e+01 7.397994e+00 
4.044951e+01 6.733591e-01 -7.663025e+00 4.086866e+01 7.408808e+00 
4.047444e+01 6.499020e-01 -7.675164e+00 4.086864e+01 7.419465e+00 
4.049227e+01 6.289793e-01 -7.682568e+00 4.086866e+01 7.429979e+00 
4.050273e+01 6.108632e-01 -7.685293e+00 4.086867e+01 7.440366e+00 
4.050564e+01 5.957670e-01 -7.683391e+00 4.086866e+01 7.450643e+00 
4.050088e+01 5.838539e-01 -7.676903e+00 4.086866e+01 7.460823e+00 
4.048838e+01 5.752433e-01 -7.665888e+00 4.086866e+01 7.470924e+00 
4.046808e+01 5.700082e-01 -7.650403e+00 4.086864e+01 7.480956e+00 
4.044002e+01 5.681909e-01 -7.630511e+00 4.086864e+01 7.490936e+00 
4.040425e+01 5.698032e-01 -7.606304e+00 4.086862e+01 7.500874e+00 
4.036085e+01 5.748417e-01 -7.577867e+00 4.086860e+01 7.510783e+00 
4.030998e+01 5.832890e-01 -7.545343e+00 4.086859e+01 7.520671e+00 
4.025177e+01 5.951296e-01 -7.508863e+00 4.086858e+01 7.530549e+00 
4.018641e+01 6.103525e-01 -7.468625e+00 4.086856e+01 7.540424e+00 
4.011413e+01 6.289612e-01 -7.424833e+00 4.086856e+01 7.550304e+00 
4.003513e+01 6.509818e-01 -7.377743e+00 4.086856e+01 7.560195e+00 
3.994964e+01 6.764690e-01 -7.327653e+00 4.086856e+01 7.570102e+00 
3.985791e+01 7.055106e-01 -7.274895e+00 4.086855e+01 7.580031e+00 
3.976018e+01 7.382378e-01 -7.219846e+00 4.086856e+01 7.589984e+00 
3.965671e+01 7.748250e-01 -7.162935e+00 4.086856e+01 7.599965e+00 
3.954772e+01 8.155012e-01 -7.104624e+00 4.086857e+01 7.609975e+00 
3.943344e+01 8.605494e-01 -7.045429e+00 4.086857e+01 7.620017e+00 
3.931408e+01 9.103146e-01 -6.985912e+00 4.086858e+01 7.630090e+00 
3.918985e+01 9.652058e-01 -6.926671e+00 4.086858e+01 7.640195e+00 
3.906091e+01 1.025701e+00 -6.868359e+00 4.086858e+01 7.650331e+00 
3.896323e+01 4.914597e-01 -7.385875e+00 4.086856e+01 8.799751e+00 
3.903458e+01 3.557019e-01 -7.596173e+00 4.086857e+01 9.074457e+00 
3.910149e+01 3.391645e-01 -7.714555e+00 4.086856e+01 9.142460e+00 
3.914781e+01 3.401497e-01 -7.828103e+00 4.086856e+01 9.208703e+00 
3.916904e+01 3.573289e-01 -7.946635e+00 4.086857e+01 9.288835e+00 
3.916360e+01 3.948883e-01 -8.066643e+00 4.086858e+01 9.376736e+00 
3.913057e+01 4.563409e-01 -8.185298e+00 4.086860e+01 9.466986e+00 
3.907498e+01 5.576835e-01 -8.300605e+00 4.086860e+01 9.536544e+00 
3.901558e+01 6.472750e-01 -8.356808e+00 4.086859e+01 9.562539e+00 
3.895750e+01 7.001887e-01 -8.373029e+00 4.086859e+01 9.583931e+00 
3.891740e+01 5.921781e-01 -8.502167e+00 4.086857e+01 9.861158e+00 
3.899617e+01 5.532079e-01 -8.598053e+00 4.086857e+01 9.917244e+00 
3.906748e+01 5.748448e-01 -8.690110e+00 4.086858e+01 9.916364e+00 
3.911900e+01 6.549619e-01 -8.829950e+00 4.086857e+01 9.924566e+00 
3.914954e+01 7.581646e-01 -8.979669e+00 4.086858e+01 9.940546e+00 
3.915839e+01 8.837703e-01 -9.134668e+00 4.086858e+01 9.961088e+00 
3.914511e+01 1.035054e+00 -9.295515e+00 4.086858e+01 9.983934e+00 
3.910963e+01 1.220198e+00 -9.469459e+00 4.086859e+01 1.000822e+01 
3.905756e+01 1.496882e+00 -9.719535e+00 4.086856e+01 1.003365e+01 
3.899672e+01 1.501792e+00 -9.678088e+00 4.086857e+01 1.004814e+01 
3.893581e+01 1.390513e+00 -9.525084e+00 4.086858e+01 1.006734e+01 
3.887937e+01 1.282242e+00 -9.380007e+00 4.086858e+01 1.008697e+01 
3.882721e+01 1.188669e+00 -9.253839e+00 4.086857e+01 1.010653e+01 
3.877894e+01 1.109437e+00 -9.145845e+00 4.086858e+01 1.012604e+01 
3.873444e+01 1.043209e+00 -9.054711e+00 4.086857e+01 1.014563e+01 
3.869385e+01 9.875470e-01 -8.977885e+00 4.086858e+01 1.016507e+01 
3.865704e+01 9.421613e-01 -8.914844e+00 4.086861e+01 1.018425e+01 
3.862389e+01 9.061239e-01 -8.864572e+00 4.086864e+01 1.020320e+01 
3.859426e+01 8.784546e-01 -8.826019e+00 4.086865e+01 1.022195e+01 
3.856809e+01 8.581982e-01 -8.798162e+00 4.086864e+01 1.024051e+01 
3.854532e+01 8.444492e-01 -8.780053e+00 4.086862e+01 1.025890e+01 
3.852595e+01 8.363573e-01 -8.770834e+00 4.086861e+01 1.027714e+01 
3.850996e+01 8.331349e-01 -8.769737e+00 4.086860e+01 1.029524e+01 
3.849740e+01 8.340642e-01 -8.776160e+00 4.086850e+01 1.031320e+01 
3.848829e+01 8.384786e-01 -8.789352e+00 4.086846e+01 1.033104e+01 
3.848269e+01 8.458044e-01 -8.808921e+00 4.086833e+01 1.034875e+01 
3.848064e+01 8.555069e-01 -8.834244e+00 4.086826e+01 1.036635e+01 
3.848224e+01 8.671359e-01 -8.865028e+00 4.086817e+01 1.038383e+01 
3.848750e+01 8.802797e-01 -8.900855e+00 4.086813e+01 1.040120e+01 
3.849650e+01 8.945843e-01 -8.941452e+00 4.086809e+01 1.041846e+01 
3.850929e+01 9.097325e-01 -8.986558e+00 4.086807e+01 1.043561e+01 
3.852591e+01 9.254412e-01 -9.035912e+00 4.086808e+01 1.045264e+01 
3.854638e+01 9.414591e-01 -9.089329e+00 4.086807e+01 1.046956e+01 
3.857075e+01 9.575512e-01 -9.146574e+00 4.086808e+01 1.048636e+01 
3.859900e+01 9.735082e-01 -9.207466e+00 4.086809e+01 1.050305e+01 
3.863115e+01 9.891063e-01 -9.271763e+00 4.086810e+01 1.051961e+01 
3.866718e+01 1.004165e+00 -9.339251e+00 4.086814e+01 1.053604e+01 
3.870706e+01 1.018489e+00 -9.409716e+00 4.086818e+01 1.055235e+01 
3.875074e+01 1.031870e+00 -9.482935e+00 4.086820e+01 1.056853e+01 
3.879815e+01 1.044145e+00 -9.558575e+00 4.086829e+01 1.058457e+01 
3.884920e+01 1.055103e+00 -9.636428e+00 4.086835e+01 1.060048e+01 
3.890379e+01 1.064548e+00 -9.716197e+00 4.086838e+01 1.061624e+01 
3.896178e+01 1.072302e+00 -9.797452e+00 4.086848e+01 1.063185e+01 
3.902302e+01 1.078158e+00 -9.879954e+00 4.086853e+01 1.064731e+01 
3.908732e+01 1.081933e+00 -9.963279e+00 4.086857e+01 1.066260e+01 
3.915446e+01 1.083452e+00 -1.004698e+01 4.086866e+01 1.067773e+01 
3.922419e+01 1.082539e+00 -1.013074e+01 4.086867e+01 1.069268e+01 
3.929624e+01 1.079051e+00 -1.021404e+01 4.086870e+01 1.070745e+01 
3.937026e+01 1.072864e+00 -1.029646e+01 4.086869e+01 1.072203e+01 
3.944593e+01 1.063883e+00 -1.037754e+01 4.086868e+01 1.073641e+01 
3.952284e+01 1.052054e+00 -1.045681e+01 4.086866e+01 1.075058e+01 
3.960056e+01 1.037366e+00 -1.053384e+01 4.086861e+01 1.076453e+01 
3.967865e+01 1.019860e+00 -1.060820e+01 4.086858e+01 1.077827e+01 
3.975660e+01 9.996300e-01 -1.067945e+01 4.086855e+01 1.079177e+01 
3.983392e+01 9.768357e-01 -1.074732e+01 4.086848e+01 1.080505e+01 
3.991003e+01 9.516865e-01 -1.081137e+01 4.086844e+01 1.081809e+01 
3.998442e+01 9.244602e-01 -1.087140e+01 4.086837e+01 1.083089e+01 
4.005648e+01 8.954831e-01 -1.092712e+01 4.086830e+01 1.084345e+01 
4.012567e+01 8.651297e-01 -1.097833e+01 4.086825e+01 1.085578e+01 
4.019142e+01 8.338197e-01 -1.102494e+01 4.086817e+01 1.086787e+01 
4.025317e+01 8.019886e-01 -1.106672e+01 4.086818e+01 1.087974e+01 
4.031040e+01 7.701003e-01 -1.110371e+01 4.086817e+01 1.089138e+01 
4.036261e+01 7.386169e-01 -1.113585e+01 4.086820e+01 1.090282e+01 
4.040934e+01 7.079874e-01 -1.116318e+01 4.086820e+01 1.091406e+01 
4.045013e+01 6.786388e-01 -1.118569e+01 4.086820e+01 1.092512e+01 
4.048464e+01 6.509654e-01 -1.120341e+01 4.086821e+01 1.093601e+01 
4.051252e+01 6.253180e-01 -1.121637e+01 4.086821e+01 1.094674e+01 
4.053350e+01 6.019980e-01 -1.122463e+01 4.086821e+01 1.095734e+01 
4.054736e+01 5.812553e-01 -1.122821e+01 4.086821e+01 1.096781e+01 
4.055394e+01 5.632850e-01 -1.122718e+01 4.086821e+01 1.097817e+01 
4.055312e+01 5.482303e-01 -1.122157e+01 4.086822e+01 1.098844e+01 
4.054483e+01 5.361853e-01 -1.121145e+01 4.086820e+01 1.099863e+01 
4.052910e+01 5.272003e-01 -1.119686e+01 4.086820e+01 1.100876e+01 
4.050593e+01 5.212894e-01 -1.117787e+01 4.086819e+01 1.101884e+01 
4.047543e+01 5.184366e-01 -1.115457e+01 4.086819e+01 1.102889e+01 
4.043772e+01 5.186050e-01 -1.112706e+01 4.086818e+01 1.103891e+01 
4.039297e+01 5.217463e-01 -1.109545e+01 4.086817e+01 1.104891e+01 
4.034135e+01 5.278065e-01 -1.105991e+01 4.086816e+01 1.105891e+01 
4.028311e+01 5.367366e-01 -1.102060e+01 4.086817e+01 1.106892e+01 
4.021848e+01 5.484981e-01 -1.097776e+01 4.086816e+01 1.107894e+01 
4.014774e+01 5.630710e-01 -1.093162e+01 4.086816e+01 1.108897e+01 
4.007117e+01 5.804613e-01 -1.088249e+01 4.086817e+01 1.109903e+01 
3.998904e+01 6.007049e-01 -1.083070e+01 4.086818e+01 1.110913e+01 
3.990168e+01 6.238749e-01 -1.077664e+01 4.086817e+01 1.111925e+01 
3.980940e+01 6.500868e-01 -1.072072e+01 4.086818e+01 1.112942e+01 
3.971248e+01 6.795019e-01 -1.066343e+01 4.086818e+01 1.113962e+01 
3.961124e+01 7.123333e-01 -1.060527e+01 4.086817e+01 1.114987e+01 
3.950597e+01 7.488491e-01 -1.054681e+01 4.086818e+01 1.116017e+01 
3.939695e+01 7.893767e-01 -1.048866e+01 4.086818e+01 1.117052e+01 
3.928445e+01 8.343062e-01 -1.043147e+01 4.086820e+01 1.118091e+01 
3.916870e+01 8.840929e-01 -1.037594e+01 4.086820e+01 1.119135e+01 
3.904993e+01 9.392590e-01 -1.032282e+01 4.086820e+01 1.120183e+01 
3.892831e+01 1.000395e+00 -1.027287e+01 4.086819e+01 1.121236e+01 
3.880399e+01 1.068160e+00 -1.022689e+01 4.086819e+01 1.122293e+01 
3.875126e+01 4.838619e-01 -1.054249e+01 4.086820e+01 1.217556e+01 
3.880366e+01 4.212406e-01 -1.063079e+01 4.086821e+01 1.227410e+01 
3.884561e+01 4.341960e-01 -1.071977e+01 4.086820e+01 1.230816e+01 
3.886527e+01 4.644862e-01 -1.081358e+01 4.086820e+01 1.235202e+01 
3.886056e+01 5.137828e-01 -1.091115e+01 4.086820e+01 1.240501e+01 
3.884020e+01 4.715352e-01 -1.110806e+01 4.086820e+01 1.266452e+01 
3.892697e+01 4.315654e-01 -1.124868e+01 4.086821e+01 1.275835e+01 
3.900915e+01 4.173360e-01 -1.132855e+01 4.086820e+01 1.277026e+01 
3.907340e+01 4.662577e-01 -1.145161e+01 4.086821e+01 1.278016e+01 
3.911761e+01 5.502743e-01 -1.159588e+01 4.086821e+01 1.279621e+01 
3.914122e+01 6.594268e-01 -1.174816e+01 4.086821e+01 1.281572e+01 
3.914386e+01 7.951148e-01 -1.190823e+01 4.086821e+01 1.283747e+01 
3.912557e+01 9.670019e-01 -1.208681e+01 4.086821e+01 1.286245e+01 
3.909156e+01 1.211704e+00 -1.232748e+01 4.086822e+01 1.289243e+01 
3.904168e+01 1.493588e+00 -1.258454e+01 4.086821e+01 1.291748e+01 
3.898166e+01 1.504412e+00 -1.254994e+01 4.086821e+01 1.293208e+01 
3.892219e+01 1.401682e+00 -1.240686e+01 4.086821e+01 1.295120e+01 
3.886781e+01 1.303264e+00 -1.227343e+01 4.086820e+01 1.297056e+01 
3.881805e+01 1.218067e+00 -1.215786e+01 4.086820e+01 1.298994e+01 
3.877241e+01 1.144983e+00 -1.205856e+01 4.086821e+01 1.300937e+01 
3.873057e+01 1.080417e+00 -1.197156e+01 4.086821e+01 1.302878e+01 
3.869222e+01 1.023473e+00 -1.189559e+01 4.086820e+01 1.304810e+01 
3.865744e+01 9.761992e-01 -1.183267e+01 4.086820e+01 1.306723e+01 
3.862611e+01 9.383948e-01 -1.178244e+01 4.086820e+01 1.308614e+01 
3.859814e+01 9.090854e-01 -1.174387e+01 4.086820e+01 1.310485e+01 
3.857346e+01 8.873121e-01 -1.171594e+01 4.086820e+01 1.312337e+01 
3.855202e+01 8.721609e-01 -1.169771e+01 4.086820e+01 1.314173e+01 
3.853381e+01 8.627760e-01 -1.168833e+01 4.086819e+01 1.315993e+01 
3.851885e+01 8.583613e-01 -1.168704e+01 4.086817e+01 1.317800e+01 
3.850717e+01 8.581885e-01 -1.169314e+01 4.086815e+01 1.319593e+01 
3.849880e+01 8.615971e-01 -1.170601e+01 4.086812e+01 1.321373e+01 
3.849381e+01 8.679969e-01 -1.172512e+01 4.086811e+01 1.323142e+01 
3.849227e+01 8.768631e-01 -1.175001e+01 4.086811e+01 1.324899e+01 
3.849420e+01 8.877324e-01 -1.178028e+01 4.086809e+01 1.326644e+01 
3.849968e+01 9.001998e-01 -1.181562e+01 4.086804e+01 1.328378e+01 
3.850878e+01 9.138977e-01 -1.185566e+01 4.086803e+01 1.330101e+01 
3.852154e+01 9.285171e-01 -1.190019e+01 4.086800e+01 1.331813e+01 
3.853800e+01 9.437678e-01 -1.194891e+01 4.086799e+01 1.333513e+01 
3.855819e+01 9.594039e-01 -1.200164e+01 4.086797e+01 1.335202e+01 
3.858213e+01 9.751876e-01 -1.205813e+01 4.086798e+01 1.336879e+01 
3.860984e+01 9.909095e-01 -1.211821e+01 4.086798e+01 1.338544e+01 
3.864132e+01 1.006362e+00 -1.218165e+01 4.086800e+01 1.340197e+01 
3.867652e+01 1.021354e+00 -1.224823e+01 4.086801e+01 1.341837e+01 
3.871544e+01 1.035697e+00 -1.231773e+01 4.086804e+01 1.343464e+01 
3.875799e+01 1.049200e+00 -1.238990e+01 4.086807e+01 1.345078e+01 
3.880413e+01 1.061675e+00 -1.246450e+01 4.086810e+01 1.346679e+01 
3.885375e+01 1.072943e+00 -1.254119e+01 4.086816e+01 1.348265e+01 
3.890674e+01 1.082807e+00 -1.261975e+01 4.086817e+01 1.349837e+01 
3.896295e+01 1.091091e+00 -1.269975e+01 4.086824e+01 1.351394e+01 
3.902224e+01 1.097604e+00 -1.278092e+01 4.086827e+01 1.352935e+01 
3.908437e+01 1.102172e+00 -1.286283e+01 4.086830e+01 1.354459e+01 
3.914914e+01 1.104625e+00 -1.294509e+01 4.086833e+01 1.355966e+01 
3.921628e+01 1.104804e+00 -1.302731e+01 4.086833e+01 1.357456e+01 
3.928549e+01 1.102578e+00 -1.310902e+01 4.086832e+01 1.358927e+01 
3.935645e+01 1.097834e+00 -1.318976e+01 4.086831e+01 1.360378e+01 
3.942879e+01 1.090494e+00 -1.326907e+01 4.086830e+01 1.361809e+01 
3.950208e+01 1.080519e+00 -1.334649e+01 4.086830e+01 1.363219e+01 
3.957590e+01 1.067919e+00 -1.342160e+01 4.086828e+01 1.364607e+01 
3.964976e+01 1.052751e+00 -1.349395e+01 4.086828e+01 1.365972e+01 
3.972315e+01 1.035133e+00 -1.356315e+01 4.086828e+01 1.367314e+01 
3.979554e+01 1.015245e+00 -1.362884e+01 4.086826e+01 1.368632e+01 
3.986636e+01 9.933254e-01 -1.369068e+01 4.086827e+01 1.369927e+01 
3.993501e+01 9.696770e-01 -1.374844e+01 4.086822e+01 1.371197e+01 
4.000092e+01 9.446543e-01 -1.380180e+01 4.086819e+01 1.372442e+01 
4.006347e+01 9.186698e-01 -1.385065e+01 4.086813e+01 1.373664e+01 
4.012209e+01 8.921688e-01 -1.389476e+01 4.086811e+01 1.374861e+01 
4.017617e+01 8.656387e-01 -1.393410e+01 4.086806e+01 1.376035e+01 
4.022515e+01 8.395724e-01 -1.396854e+01 4.086806e+01 1.377187e+01 
4.026849e+01 8.144834e-01 -1.399811e+01 4.086803e+01 1.378317e+01 
4.030566e+01 7.908639e-01 -1.402277e+01 4.086802e+01 1.379426e+01 
4.033622e+01 7.691982e-01 -1.404257e+01 4.086802e+01 1.380517e+01 
4.035971e+01 7.499329e-01 -1.405750e+01 4.086803e+01 1.381589e+01 
4.037574e+01 7.334856e-01 -1.406764e+01 4.086804e+01 1.382645e+01 
4.038399e+01 7.202221e-01 -1.407303e+01 4.086803e+01 1.383685e+01 
4.038415e+01 7.104658e-01 -1.407370e+01 4.086804e+01 1.384712e+01 
4.037600e+01 7.044917e-01 -1.406973e+01 4.086803e+01 1.385727e+01 
4.035934e+01 7.025263e-01 -1.406116e+01 4.086802e+01 1.386731e+01 
4.033404e+01 7.047594e-01 -1.404804e+01 4.086802e+01 1.387726e+01 
4.029997e+01 7.113378e-01 -1.403043e+01 4.086800e+01 1.388713e+01 
4.025709e+01 7.223866e-01 -1.400841e+01 4.086800e+01 1.389694e+01 
4.020536e+01 7.380013e-01 -1.398207e+01 4.086798e+01 1.390668e+01 
4.014480e+01 7.582731e-01 -1.395149e+01 4.086797e+01 1.391639e+01 
4.007543e+01 7.832853e-01 -1.391683e+01 4.086794e+01 1.392605e+01 
3.999731e+01 8.131318e-01 -1.387821e+01 4.086792e+01 1.393569e+01 
3.991053e+01 8.479187e-01 -1.383583e+01 4.086792e+01 1.394530e+01 
3.981513e+01 8.877776e-01 -1.378991e+01 4.086789e+01 1.395489e+01 
3.971124e+01 9.328698e-01 -1.374070e+01 4.086788e+01 1.396447e+01 
3.959892e+01 9.833951e-01 -1.368850e+01 4.086785e+01 1.397404e+01 
3.947829e+01 1.039601e+00 -1.363363e+01 4.086787e+01 1.398361e+01 
3.934940e+01 1.101783e+00 -1.357647e+01 4.086787e+01 1.399316e+01 
3.930396e+01 4.438480e-01 -1.475480e+01 4.086781e+01 1.587480e+01 
3.942050e+01 3.581991e-01 -1.504140e+01 4.086781e+01 1.613051e+01 
3.952338e+01 3.166640e-01 -1.523278e+01 4.086781e+01 1.626055e+01 
3.960462e+01 2.872076e-01 -1.541354e+01 4.086781e+01 1.638952e+01 
3.965870e+01 2.726950e-01 -1.560287e+01 4.086782e+01 1.653929e+01 
3.968343e+01 2.792067e-01 -1.579571e+01 4.086781e+01 1.670088e+01 
3.967781e+01 3.127999e-01 -1.598547e+01 4.086782e+01 1.686268e+01 
3.964223e+01 3.752997e-01 -1.616607e+01 4.086781e+01 1.701635e+01 
3.957655e+01 4.665490e-01 -1.633632e+01 4.086782e+01 1.716104e+01 
3.948035e+01 5.758467e-01 -1.649357e+01 4.086780e+01 1.730518e+01 
3.941930e+01 6.226862e-01 -1.656232e+01 4.086782e+01 1.738815e+01 
3.936921e+01 6.547623e-01 -1.656685e+01 4.086781e+01 1.741069e+01 
3.931893e+01 6.688221e-01 -1.654887e+01 4.086782e+01 1.742894e+01 
3.926874e+01 6.842731e-01 -1.653178e+01 4.086782e+01 1.744659e+01 
3.921926e+01 7.061717e-01 -1.652197e+01 4.086781e+01 1.746435e+01 
3.917086e+01 7.360150e-01 -1.652125e+01 4.086781e+01 1.748218e+01 
3.912983e+01 6.421653e-01 -1.662613e+01 4.086785e+01 1.772199e+01 
3.917329e+01 6.799563e-01 -1.677506e+01 4.086792e+01 1.778973e+01 
3.918747e+01 7.359829e-01 -1.691608e+01 4.086791e+01 1.786054e+01 
3.918113e+01 7.979848e-01 -1.704403e+01 4.086792e+01 1.793284e+01 
3.920180e+01 7.607207e-01 -1.707177e+01 4.086790e+01 1.797715e+01 
3.920942e+01 8.790238e-01 -1.721267e+01 4.086790e+01 1.799213e+01 
3.919576e+01 1.035096e+00 -1.737543e+01 4.086791e+01 1.801249e+01 
3.916063e+01 1.224637e+00 -1.755338e+01 4.086791e+01 1.803602e+01 
3.910874e+01 1.500002e+00 -1.780261e+01 4.086791e+01 1.806178e+01 
