-1.794062e-16 -3.686102e-01 9.472527e-03 -1.191296e-16 1.762147e+00 1.690832e-01 -6.330534e-17 1.771025e+00 2.844706e-01 -1.518094e-16 -6.792694e-01 4.497551e-02 
-1.545207e-01 -4.173433e+00 5.325564e+00 -1.621645e-01 1.740711e+00 -4.891638e-01 -7.828878e-02 1.372030e+00 -8.677937e-01 -1.161403e-01 -3.425469e+00 4.967267e+00 
-6.771745e-01 -3.067759e+00 6.598034e+00 5.143127e-02 9.705421e-01 -9.337841e-01 5.512228e-02 9.573643e-01 -9.999176e-01 -4.893110e-01 -2.396385e+00 6.098938e+00 
-6.391747e-01 -2.913532e+00 6.696069e+00 4.992610e-02 9.352223e-01 -9.305975e-01 4.895379e-02 9.159088e-01 -9.958637e-01 -4.554884e-01 -2.310204e+00 6.198404e+00 
-6.201210e-01 -2.854379e+00 6.745451e+00 4.785137e-02 9.173721e-01 -9.247026e-01 4.725616e-02 8.945791e-01 -9.901363e-01 -4.497031e-01 -2.284709e+00 6.236640e+00 
-6.038797e-01 -2.793316e+00 6.794681e+00 4.656262e-02 8.990716e-01 -9.210757e-01 4.614922e-02 8.733375e-01 -9.862766e-01 -4.448281e-01 -2.256424e+00 6.275523e+00 
-5.845913e-01 -2.720389e+00 6.847887e+00 4.504799e-02 8.782260e-01 -9.200431e-01 4.480199e-02 8.501848e-01 -9.846875e-01 -4.371262e-01 -2.217732e+00 6.322759e+00 
-5.613636e-01 -2.634344e+00 6.905882e+00 4.310777e-02 8.544183e-01 -9.216590e-01 4.305920e-02 8.247299e-01 -9.854434e-01 -4.259384e-01 -2.167277e+00 6.379956e+00 
-5.343934e-01 -2.536030e+00 6.968528e+00 4.073248e-02 8.278367e-01 -9.258530e-01 4.092759e-02 7.971622e-01 -9.884798e-01 -4.113284e-01 -2.105373e+00 6.447068e+00 
-5.038634e-01 -2.426179e+00 7.035571e+00 3.792361e-02 7.988749e-01 -9.324986e-01 3.839572e-02 7.678533e-01 -9.936649e-01 -3.932794e-01 -2.032401e+00 6.523899e+00 
-4.699925e-01 -2.306754e+00 7.106093e+00 3.468866e-02 7.684225e-01 -9.413373e-01 3.546638e-02 7.376328e-01 -1.000792e+00 -3.718460e-01 -1.949858e+00 6.609483e+00 
-4.330515e-01 -2.179037e+00 7.179353e+00 3.103558e-02 7.373092e-01 -9.521243e-01 3.214540e-02 7.072915e-01 -1.009604e+00 -3.471515e-01 -1.858727e+00 6.702945e+00 
-3.933128e-01 -2.044708e+00 7.254355e+00 2.698678e-02 7.065663e-01 -9.645532e-01 2.844845e-02 6.777995e-01 -1.019803e+00 -3.193216e-01 -1.760405e+00 6.803130e+00 
-3.510475e-01 -1.905892e+00 7.329861e+00 2.256406e-02 6.773753e-01 -9.782665e-01 2.439552e-02 6.502591e-01 -1.031068e+00 -2.885117e-01 -1.656714e+00 6.908582e+00 
-3.065370e-01 -1.763684e+00 7.405064e+00 1.779538e-02 6.506275e-01 -9.929715e-01 2.000152e-02 6.255026e-01 -1.043080e+00 -2.548633e-01 -1.548644e+00 7.018273e+00 
-2.600421e-01 -1.620170e+00 7.478752e+00 1.270408e-02 6.274191e-01 -1.008305e+00 1.528749e-02 6.045346e-01 -1.055521e+00 -2.185479e-01 -1.438041e+00 7.130713e+00 
-2.118259e-01 -1.476957e+00 7.549943e+00 7.315713e-03 6.086297e-01 -1.023946e+00 1.027418e-02 5.881523e-01 -1.068095e+00 -1.797420e-01 -1.326359e+00 7.244631e+00 
-1.621434e-01 -1.334772e+00 7.618119e+00 1.660116e-03 5.947959e-01 -1.039654e+00 4.982124e-03 5.768272e-01 -1.080541e+00 -1.386100e-01 -1.214300e+00 7.359238e+00 
-1.112440e-01 -1.194881e+00 7.682527e+00 -4.236918e-03 5.864850e-01 -1.055158e+00 -5.660670e-04 5.710452e-01 -1.092613e+00 -9.534105e-02 -1.103029e+00 7.473467e+00 
-5.930672e-02 -1.058024e+00 7.742728e+00 -1.035047e-02 5.840204e-01 -1.070245e+00 -6.350645e-03 5.710550e-01 -1.104116e+00 -5.006335e-02 -9.932499e-01 7.586648e+00 
-6.501513e-03 -9.246120e-01 7.798468e+00 -1.665590e-02 5.875302e-01 -1.084743e+00 -1.235271e-02 5.769161e-01 -1.114881e+00 -2.900258e-03 -8.853760e-01 7.698307e+00 
4.700771e-02 -7.948712e-01 7.849607e+00 -2.313178e-02 5.969940e-01 -1.098512e+00 -1.855568e-02 5.885429e-01 -1.124774e+00 4.602287e-02 -7.796509e-01 7.808077e+00 
1.011128e-01 -6.690836e-01 7.896027e+00 -2.976683e-02 6.123248e-01 -1.111422e+00 -2.494903e-02 6.057835e-01 -1.133687e+00 9.661354e-02 -6.763531e-01 7.915646e+00 
1.556997e-01 -5.468468e-01 7.937940e+00 -3.654309e-02 6.331875e-01 -1.123411e+00 -3.152149e-02 6.282464e-01 -1.141545e+00 1.487937e-01 -5.751638e-01 8.021064e+00 
2.106595e-01 -4.283883e-01 7.975254e+00 -4.344438e-02 6.593489e-01 -1.134379e+00 -3.825344e-02 6.556419e-01 -1.148280e+00 2.024522e-01 -4.762898e-01 8.124054e+00 
2.659126e-01 -3.130738e-01 8.008306e+00 -5.045680e-02 6.903117e-01 -1.144301e+00 -4.513636e-02 6.874210e-01 -1.153853e+00 2.575365e-01 -3.791920e-01 8.224833e+00 
3.213847e-01 -2.002125e-01 8.037433e+00 -5.756505e-02 7.255306e-01 -1.153164e+00 -5.215817e-02 7.229859e-01 -1.158237e+00 3.139914e-01 -2.832677e-01 8.323633e+00 
3.770148e-01 -9.011159e-02 8.062526e+00 -6.475923e-02 7.646806e-01 -1.160887e+00 -5.930464e-02 7.619680e-01 -1.161413e+00 3.717477e-01 -1.887746e-01 8.420203e+00 
4.327268e-01 1.776117e-02 8.083863e+00 -7.202969e-02 8.071959e-01 -1.167463e+00 -6.656553e-02 8.037619e-01 -1.163373e+00 4.307366e-01 -9.524099e-02 8.514685e+00 
4.884298e-01 1.246426e-01 8.102014e+00 -7.936496e-02 8.523225e-01 -1.172935e+00 -7.393208e-02 8.475616e-01 -1.164114e+00 4.908885e-01 -1.579239e-03 8.607531e+00 
5.440632e-01 2.299560e-01 8.116727e+00 -8.675517e-02 8.997431e-01 -1.177219e+00 -8.138870e-02 8.930308e-01 -1.163638e+00 5.521316e-01 9.172261e-02 8.698332e+00 
5.995276e-01 3.353203e-01 8.128700e+00 -9.417678e-02 9.486006e-01 -1.180390e+00 -8.891584e-02 9.392519e-01 -1.161946e+00 6.143920e-01 1.861040e-01 8.787720e+00 
6.547511e-01 4.396875e-01 8.137429e+00 -1.016205e-01 9.986671e-01 -1.182329e+00 -9.650104e-02 9.860082e-01 -1.159046e+00 6.775978e-01 2.806530e-01 8.874992e+00 
7.095882e-01 5.446094e-01 8.143604e+00 -1.090680e-01 1.049085e+00 -1.183120e+00 -1.041223e-01 1.032383e+00 -1.154940e+00 7.416008e-01 3.767448e-01 8.960669e+00 
7.639336e-01 6.499928e-01 8.147126e+00 -1.164993e-01 1.099397e+00 -1.182718e+00 -1.117591e-01 1.077914e+00 -1.149636e+00 8.063025e-01 4.743073e-01 9.044480e+00 
8.176692e-01 7.560510e-01 8.148058e+00 -1.238922e-01 1.149080e+00 -1.181111e+00 -1.193851e-01 1.122068e+00 -1.143146e+00 8.715746e-01 5.735434e-01 9.126317e+00 
8.706254e-01 8.626086e-01 8.146310e+00 -1.312262e-01 1.197693e+00 -1.178264e+00 -1.269765e-01 1.164418e+00 -1.135480e+00 9.372388e-01 6.742838e-01 9.205799e+00 
9.225546e-01 9.695847e-01 8.141917e+00 -1.384677e-01 1.244792e+00 -1.174172e+00 -1.345009e-01 1.204526e+00 -1.126655e+00 1.003046e+00 7.764165e-01 9.282583e+00 
9.732948e-01 1.076655e+00 8.134619e+00 -1.455815e-01 1.289986e+00 -1.168787e+00 -1.419032e-01 1.242048e+00 -1.116672e+00 1.068737e+00 8.796856e-01 9.356168e+00 
1.022502e+00 1.183566e+00 8.124592e+00 -1.525284e-01 1.332929e+00 -1.162137e+00 -1.491502e-01 1.276650e+00 -1.105573e+00 1.133964e+00 9.837631e-01 9.426176e+00 
1.070014e+00 1.289779e+00 8.111608e+00 -1.592655e-01 1.373357e+00 -1.154196e+00 -1.561812e-01 1.308142e+00 -1.093383e+00 1.198448e+00 1.088190e+00 9.492141e+00 
1.115564e+00 1.394326e+00 8.095289e+00 -1.657438e-01 1.411128e+00 -1.144914e+00 -1.629565e-01 1.336479e+00 -1.080129e+00 1.261906e+00 1.192031e+00 9.553266e+00 
1.158878e+00 1.496815e+00 8.075973e+00 -1.719365e-01 1.446077e+00 -1.134374e+00 -1.694240e-01 1.361548e+00 -1.065892e+00 1.323891e+00 1.294856e+00 9.609350e+00 
1.199622e+00 1.596051e+00 8.053362e+00 -1.777844e-01 1.478239e+00 -1.122557e+00 -1.755443e-01 1.383495e+00 -1.050721e+00 1.384065e+00 1.395461e+00 9.659570e+00 
1.237397e+00 1.691535e+00 8.028031e+00 -1.832187e-01 1.507675e+00 -1.109601e+00 -1.812502e-01 1.402402e+00 -1.034732e+00 1.441907e+00 1.493255e+00 9.703906e+00 
1.272040e+00 1.782025e+00 7.999651e+00 -1.881968e-01 1.534571e+00 -1.095505e+00 -1.864915e-01 1.418604e+00 -1.017988e+00 1.497103e+00 1.587067e+00 9.741721e+00 
1.303509e+00 1.866434e+00 7.968004e+00 -1.926849e-01 1.559159e+00 -1.080299e+00 -1.912037e-01 1.432494e+00 -1.000565e+00 1.549339e+00 1.675947e+00 9.772668e+00 
1.331593e+00 1.944204e+00 7.933776e+00 -1.966618e-01 1.581777e+00 -1.064154e+00 -1.953649e-01 1.444449e+00 -9.826130e-01 1.598262e+00 1.759212e+00 9.796963e+00 
1.356104e+00 2.014297e+00 7.897155e+00 -2.000962e-01 1.602875e+00 -1.047166e+00 -1.989532e-01 1.455016e+00 -9.642398e-01 1.643570e+00 1.835762e+00 9.814399e+00 
1.377083e+00 2.076570e+00 7.858761e+00 -2.029537e-01 1.622887e+00 -1.029514e+00 -2.019228e-01 1.464648e+00 -9.455857e-01 1.685082e+00 1.905479e+00 9.825714e+00 
1.394433e+00 2.129997e+00 7.818663e+00 -2.052072e-01 1.642384e+00 -1.011274e+00 -2.042644e-01 1.474007e+00 -9.267449e-01 1.722614e+00 1.967306e+00 9.830775e+00 
1.408393e+00 2.174879e+00 7.777724e+00 -2.068829e-01 1.661856e+00 -9.926555e-01 -2.059793e-01 1.483560e+00 -9.078663e-01 1.756171e+00 2.021517e+00 9.830699e+00 
1.419017e+00 2.210680e+00 7.736197e+00 -2.079728e-01 1.681899e+00 -9.737581e-01 -2.070713e-01 1.493944e+00 -8.890409e-01 1.785717e+00 2.067564e+00 9.825795e+00 
1.426614e+00 2.238024e+00 7.694947e+00 -2.085087e-01 1.703013e+00 -9.547767e-01 -2.075579e-01 1.505579e+00 -8.703954e-01 1.811394e+00 2.106048e+00 9.817362e+00 
1.431481e+00 2.257367e+00 7.654550e+00 -2.085179e-01 1.725687e+00 -9.358483e-01 -2.074664e-01 1.518894e+00 -8.520226e-01 1.833418e+00 2.137423e+00 9.806434e+00 
1.433913e+00 2.269201e+00 7.615533e+00 -2.080313e-01 1.750382e+00 -9.170893e-01 -2.068270e-01 1.534276e+00 -8.339971e-01 1.852017e+00 2.162184e+00 9.793999e+00 
1.434236e+00 2.274186e+00 7.578389e+00 -2.070840e-01 1.777488e+00 -8.985993e-01 -2.056741e-01 1.552026e+00 -8.163765e-01 1.867468e+00 2.181007e+00 9.781070e+00 
1.432796e+00 2.273216e+00 7.543612e+00 -2.057147e-01 1.807308e+00 -8.804673e-01 -2.040422e-01 1.572325e+00 -7.992049e-01 1.880083e+00 2.194815e+00 9.768718e+00 
1.429953e+00 2.267320e+00 7.511719e+00 -2.039647e-01 1.840084e+00 -8.627724e-01 -2.019676e-01 1.595275e+00 -7.825181e-01 1.890200e+00 2.204667e+00 9.758065e+00 
1.426021e+00 2.257245e+00 7.482949e+00 -2.018666e-01 1.875998e+00 -8.455371e-01 -1.994804e-01 1.620965e+00 -7.663196e-01 1.898136e+00 2.211384e+00 9.749905e+00 
1.421334e+00 2.244083e+00 7.457637e+00 -1.994586e-01 1.915116e+00 -8.287925e-01 -1.966109e-01 1.649321e+00 -7.506116e-01 1.904228e+00 2.216123e+00 9.745159e+00 
1.416138e+00 2.228655e+00 7.435909e+00 -1.967665e-01 1.957443e+00 -8.125273e-01 -1.933790e-01 1.680240e+00 -7.353703e-01 1.908727e+00 2.219784e+00 9.744402e+00 
1.410637e+00 2.211780e+00 7.417754e+00 -1.938092e-01 2.002881e+00 -7.967075e-01 -1.898011e-01 1.713524e+00 -7.205578e-01 1.911873e+00 2.223262e+00 9.748030e+00 
1.405006e+00 2.194102e+00 7.403258e+00 -1.906018e-01 2.051366e+00 -7.813007e-01 -1.858778e-01 1.749016e+00 -7.061393e-01 1.913810e+00 2.227312e+00 9.756465e+00 
1.399344e+00 2.176181e+00 7.392253e+00 -1.871453e-01 2.102713e+00 -7.662411e-01 -1.816083e-01 1.786466e+00 -6.920599e-01 1.914670e+00 2.232590e+00 9.769798e+00 
1.393745e+00 2.158452e+00 7.384699e+00 -1.834454e-01 2.156778e+00 -7.514739e-01 -1.769777e-01 1.825665e+00 -6.782725e-01 1.914490e+00 2.239651e+00 9.788174e+00 
1.388206e+00 2.141190e+00 7.380292e+00 -1.794876e-01 2.213321e+00 -7.369143e-01 -1.719684e-01 1.866342e+00 -6.647127e-01 1.913281e+00 2.248871e+00 9.811379e+00 
1.382740e+00 2.124603e+00 7.378864e+00 -1.752665e-01 2.272144e+00 -7.224956e-01 -1.665504e-01 1.908271e+00 -6.513280e-01 1.910975e+00 2.260583e+00 9.839292e+00 
1.377261e+00 2.108712e+00 7.380012e+00 -1.707560e-01 2.332984e+00 -7.081290e-01 -1.606911e-01 1.951189e+00 -6.380538e-01 1.907469e+00 2.274905e+00 9.871448e+00 
1.371721e+00 2.093506e+00 7.383521e+00 -1.659423e-01 2.395651e+00 -6.937521e-01 -1.543486e-01 1.994903e+00 -6.248430e-01 1.902612e+00 2.291947e+00 9.907565e+00 
1.365983e+00 2.078810e+00 7.388959e+00 -1.607937e-01 2.459901e+00 -6.792879e-01 -1.474784e-01 2.039196e+00 -6.116410e-01 1.896214e+00 2.311623e+00 9.947047e+00 
1.359957e+00 2.064443e+00 7.396060e+00 -1.552923e-01 2.525558e+00 -6.646860e-01 -1.400318e-01 2.083911e+00 -5.984111e-01 1.888065e+00 2.333857e+00 9.989468e+00 
1.353455e+00 2.050063e+00 7.404331e+00 -1.493992e-01 2.592395e+00 -6.498853e-01 -1.319572e-01 2.128870e+00 -5.851111e-01 1.877917e+00 2.358377e+00 1.003408e+01 
1.346395e+00 2.035437e+00 7.413556e+00 -1.431058e-01 2.660268e+00 -6.348661e-01 -1.232034e-01 2.173960e+00 -5.717264e-01 1.865527e+00 2.385033e+00 1.008047e+01 
1.338563e+00 2.020130e+00 7.423205e+00 -1.363709e-01 2.728968e+00 -6.195930e-01 -1.137152e-01 2.219030e+00 -5.582345e-01 1.850609e+00 2.413434e+00 1.012779e+01 
1.329895e+00 2.003905e+00 7.433091e+00 -1.291967e-01 2.798366e+00 -6.040813e-01 -1.034440e-01 2.263990e+00 -5.446469e-01 1.832916e+00 2.443401e+00 1.017562e+01 
1.320173e+00 1.986321e+00 7.442672e+00 -1.215444e-01 2.868248e+00 -5.883318e-01 -9.233440e-02 2.308688e+00 -5.309682e-01 1.812148e+00 2.474511e+00 1.022310e+01 
1.309361e+00 1.967205e+00 7.451785e+00 -1.134322e-01 2.938462e+00 -5.724017e-01 -8.034598e-02 2.353017e+00 -5.172423e-01 1.788070e+00 2.506604e+00 1.026980e+01 
1.297248e+00 1.946180e+00 7.459870e+00 -1.048256e-01 3.008743e+00 -5.563357e-01 -6.742649e-02 2.396773e+00 -5.035081e-01 1.760383e+00 2.539294e+00 1.031485e+01 
1.283842e+00 1.923242e+00 7.466828e+00 -9.576428e-02 3.078868e+00 -5.402452e-01 -5.354686e-02 2.439769e+00 -4.898515e-01 1.728875e+00 2.572542e+00 1.035787e+01 
1.268945e+00 1.898166e+00 7.472080e+00 -8.621854e-02 3.148455e+00 -5.242282e-01 -3.865956e-02 2.481684e+00 -4.763546e-01 1.693252e+00 2.606077e+00 1.039796e+01 
1.252620e+00 1.871230e+00 7.475620e+00 -7.625312e-02 3.217138e+00 -5.084618e-01 -2.274898e-02 2.522170e+00 -4.631558e-01 1.653331e+00 2.640095e+00 1.043486e+01 
1.234652e+00 1.842423e+00 7.476825e+00 -6.582851e-02 3.284338e+00 -4.931033e-01 -5.766996e-03 2.560692e+00 -4.503868e-01 1.608800e+00 2.674504e+00 1.046762e+01 
1.215164e+00 1.812577e+00 7.476164e+00 -5.503936e-02 3.349579e+00 -4.784247e-01 1.229093e-02 2.596702e+00 -4.382606e-01 1.559475e+00 2.709976e+00 1.049645e+01 
-8.604990e+00 1.852350e+00 6.999573e+00 3.026799e+00 2.458326e+00 -7.423909e-01 -1.009215e+01 8.853424e+00 1.167879e+01 -4.615988e+00 -1.949723e+00 1.635463e+00 
-4.424516e+00 -4.408736e+00 4.663109e+00 7.076018e-01 2.206955e+00 -4.046190e-01 -3.775453e+00 7.098400e+00 6.941527e+00 -4.021584e+00 -3.153137e+00 8.442483e-01 
-4.759699e+00 -5.579984e+00 3.947029e+00 5.692380e-01 2.019665e+00 -3.806885e-01 -3.891348e+00 7.042644e+00 6.856712e+00 -3.452603e+00 -2.899119e+00 3.901381e-01 
-5.580976e+00 -6.653594e+00 3.452277e+00 6.002665e-01 1.941313e+00 -3.799864e-01 -4.572675e+00 7.281654e+00 7.216570e+00 -2.845355e+00 -2.493120e+00 1.184082e-01 
-6.184709e+00 -7.500556e+00 3.092024e+00 6.222677e-01 1.913823e+00 -3.777242e-01 -5.081707e+00 7.445613e+00 7.418174e+00 -2.349221e+00 -2.160947e+00 -1.559292e-02 
-6.498321e+00 -8.083602e+00 2.882816e+00 6.301500e-01 1.945934e+00 -3.689375e-01 -5.280701e+00 7.518273e+00 7.428734e+00 -2.115194e+00 -2.008495e+00 -5.520755e-02 
-8.668918e-01 -4.434645e+00 5.993452e+00 2.339360e-01 4.554568e+00 -1.156055e-02 -2.717610e-02 4.723448e+00 7.837595e-01 -1.726348e+00 -4.278676e+00 5.190200e+00 
8.730956e-01 -2.830151e-01 7.050028e+00 -4.785563e-02 3.961185e+00 -2.906487e-01 6.140682e-01 3.957697e+00 4.760878e-01 -2.939938e-01 1.005985e+00 9.320163e+00 
3.188595e+00 -1.684850e+01 -9.013676e+00 1.815956e+01 1.948661e+01 5.667676e+01 2.231251e+01 2.577471e+00 2.030424e+01 2.640075e+00 -1.731616e+01 -6.170728e+00 
-1.963953e+00 -6.039520e+00 -2.046673e-01 -5.451057e-01 4.951298e+00 6.288057e+00 -2.222291e-01 5.138463e+00 7.671420e+00 -9.930363e-01 -3.337120e+00 -6.580086e-01 
-2.469444e-01 -2.289711e+00 3.621843e-01 7.344128e-01 -8.398521e+00 -1.903371e-01 8.399163e-01 -4.768681e+00 -8.298433e-01 3.186364e-01 -6.067607e-01 -3.239367e-01 
1.109397e+00 -7.746554e-01 2.336504e-01 1.647128e+00 -1.374889e+01 -2.186848e+00 1.303888e+00 -6.207571e+00 -2.292175e+00 8.943905e-01 -1.414917e-02 -3.035999e-01 
1.348432e+00 1.128339e-01 6.840487e-02 2.623099e+00 -1.583199e+01 -2.778582e+00 1.364052e+00 -6.590040e+00 -2.539871e+00 1.032269e+00 1.709463e-01 -3.412586e-01 
8.415849e-01 6.755275e-01 -6.800459e-02 4.077203e+00 -1.696250e+01 -2.965300e+00 1.274739e+00 -6.866914e+00 -2.644810e+00 1.075182e+00 2.616048e-01 -3.795766e-01 
3.482009e-01 9.717021e-01 -1.537046e-01 5.307263e+00 -1.767962e+01 -3.015268e+00 1.131608e+00 -7.020612e+00 -2.672929e+00 1.053910e+00 3.076721e-01 -4.120596e-01 
1.606505e+00 -2.092168e+00 1.043376e+00 1.625035e+00 -1.654217e+01 -3.443427e+00 6.010075e-01 -5.684356e+00 -2.346679e+00 6.859858e-01 3.387943e-01 -3.020818e-01 
-3.876266e-01 -2.119554e+00 3.778587e+00 -3.091593e-01 -9.041524e+00 -2.845993e+00 -2.318594e-02 -3.590062e+00 -1.899591e+00 -1.239149e-01 -1.161029e+00 1.262989e+00 
2.365975e-01 2.821009e+00 2.136314e-01 2.834999e-01 -5.538737e+00 4.121522e+00 3.715461e-01 -4.660576e+00 3.745741e+00 3.546468e-01 3.967299e+00 9.247306e-01 
1.494240e-01 1.950832e+00 -2.371066e-01 2.649235e-01 -3.796611e+00 5.532488e+00 5.324531e-01 -3.087527e+00 5.270929e+00 4.150337e-01 3.394641e+00 7.229203e-01 
1.350642e-01 1.702243e+00 -3.869255e-01 2.436344e-01 -3.513678e+00 5.807950e+00 4.810889e-01 -2.855442e+00 5.529704e+00 3.732651e-01 2.943083e+00 4.205603e-01 
1.141318e-01 1.310311e+00 -6.474209e-01 2.985576e-01 -3.285676e+00 6.160628e+00 4.656736e-01 -2.614630e+00 5.796102e+00 3.296601e-01 2.243366e+00 -6.339448e-02 
-4.261437e-02 9.160634e-01 -9.077448e-01 5.463072e-01 -2.931189e+00 6.636278e+00 4.597273e-01 -2.346019e+00 6.129952e+00 1.358666e-01 1.259329e+00 -7.302299e-01 
-4.820551e-02 8.782817e-01 -9.207464e-01 5.976826e-01 -2.730387e+00 6.847784e+00 4.498136e-01 -2.222514e+00 6.317244e+00 -4.925520e-02 8.509900e-01 -9.842623e-01 
-4.596437e-02 8.519438e-01 -9.229524e-01 5.698590e-01 -2.629028e+00 6.912560e+00 4.321829e-01 -2.162108e+00 6.384593e+00 -4.624693e-02 8.225266e-01 -9.856616e-01 
-4.316843e-02 8.253087e-01 -9.270822e-01 5.409818e-01 -2.529687e+00 6.975101e+00 4.163724e-01 -2.099527e+00 6.452503e+00 -4.378299e-02 7.948588e-01 -9.887806e-01 
-4.005670e-02 7.968296e-01 -9.335512e-01 5.094336e-01 -2.421361e+00 7.041074e+00 3.976813e-01 -2.027916e+00 6.528490e+00 -4.100409e-02 7.659327e-01 -9.939927e-01 
-3.651424e-02 7.667683e-01 -9.422427e-01 4.746656e-01 -2.303192e+00 7.110679e+00 3.756429e-01 -1.946504e+00 6.613255e+00 -3.780837e-02 7.360033e-01 -1.001146e+00 
-3.259084e-02 7.357765e-01 -9.529638e-01 4.368160e-01 -2.175657e+00 7.183543e+00 3.503299e-01 -1.855586e+00 6.706580e+00 -3.426231e-02 7.057124e-01 -1.010004e+00 
-2.826088e-02 7.050826e-01 -9.653462e-01 3.960968e-01 -2.041191e+00 7.258305e+00 3.218031e-01 -1.757207e+00 6.806865e+00 -3.032779e-02 6.762006e-01 -1.020260e+00 
-2.355231e-02 6.756657e-01 -9.790885e-01 3.527908e-01 -1.901155e+00 7.334066e+00 2.901852e-01 -1.652547e+00 6.913020e+00 -2.601881e-02 6.483872e-01 -1.031601e+00 
-1.848433e-02 6.490303e-01 -9.937233e-01 3.071830e-01 -1.758924e+00 7.408966e+00 2.556577e-01 -1.544534e+00 7.022866e+00 -2.135374e-02 6.236545e-01 -1.043680e+00 
-1.310693e-02 6.258940e-01 -1.008997e+00 2.596826e-01 -1.615306e+00 7.482377e+00 2.185348e-01 -1.433894e+00 7.135436e+00 -1.638631e-02 6.026856e-01 -1.056181e+00 
-7.444809e-03 6.072329e-01 -1.024564e+00 2.105498e-01 -1.472276e+00 7.553180e+00 1.789926e-01 -1.322402e+00 7.249300e+00 -1.113618e-02 5.863642e-01 -1.068808e+00 
-1.527224e-03 5.936659e-01 -1.040161e+00 1.600381e-01 -1.330863e+00 7.620726e+00 1.371894e-01 -1.211037e+00 7.363521e+00 -5.620989e-03 5.752367e-01 -1.081299e+00 
4.623934e-03 5.854464e-01 -1.055605e+00 1.083019e-01 -1.191073e+00 7.684836e+00 9.318343e-02 -1.099899e+00 7.477752e+00 1.552067e-04 5.694963e-01 -1.093432e+00 
1.099009e-02 5.831715e-01 -1.070602e+00 5.552512e-02 -1.054686e+00 7.744576e+00 4.713606e-02 -9.905798e-01 7.590770e+00 6.170190e-03 5.696462e-01 -1.104996e+00 
1.754768e-02 5.868047e-01 -1.085025e+00 1.876610e-03 -9.215073e-01 7.799960e+00 -8.319235e-04 -8.829694e-01 7.702389e+00 1.240632e-02 5.755977e-01 -1.115828e+00 
2.427764e-02 5.964898e-01 -1.098689e+00 -5.248222e-02 -7.923964e-01 7.850572e+00 -5.058037e-02 -7.778546e-01 7.811936e+00 1.884431e-02 5.874218e-01 -1.125788e+00 
3.115608e-02 6.119561e-01 -1.111519e+00 -1.073879e-01 -6.669684e-01 7.896608e+00 -1.019846e-01 -6.749412e-01 7.919400e+00 2.546620e-02 6.047961e-01 -1.134773e+00 
3.816531e-02 6.330053e-01 -1.123411e+00 -1.627308e-01 -5.453494e-01 7.938020e+00 -1.549417e-01 -5.743588e-01 8.024556e+00 3.225322e-02 6.274630e-01 -1.142699e+00 
4.528773e-02 6.592855e-01 -1.134299e+00 -2.184321e-01 -4.272800e-01 7.974937e+00 -2.093821e-01 -4.758917e-01 8.127413e+00 3.918850e-02 6.550176e-01 -1.149504e+00 
5.251024e-02 6.903615e-01 -1.144141e+00 -2.744065e-01 -3.123773e-01 8.007578e+00 -2.652386e-01 -3.792173e-01 8.228048e+00 4.626212e-02 6.869725e-01 -1.155149e+00 
5.982996e-02 7.257973e-01 -1.152890e+00 -3.306006e-01 -2.003869e-01 8.036099e+00 -3.224808e-01 -2.841272e-01 8.326478e+00 5.347579e-02 7.228412e-01 -1.159606e+00 
6.723499e-02 7.650423e-01 -1.160533e+00 -3.869519e-01 -9.071450e-02 8.060800e+00 -3.810661e-01 -1.901008e-01 8.422901e+00 6.082079e-02 7.620264e-01 -1.162861e+00 
7.470953e-02 8.075925e-01 -1.167043e+00 -4.433682e-01 1.692773e-02 8.081837e+00 -4.408999e-01 -9.687303e-02 8.517328e+00 6.827809e-02 8.039844e-01 -1.164903e+00 
8.224213e-02 8.528505e-01 -1.172417e+00 -4.997866e-01 1.231690e-01 8.099504e+00 -5.019407e-01 -3.885882e-03 8.609949e+00 7.583941e-02 8.480753e-01 -1.165730e+00 
8.981759e-02 9.002715e-01 -1.176639e+00 -5.561238e-01 2.283386e-01 8.113947e+00 -5.640829e-01 8.917887e-02 8.700781e+00 8.348098e-02 8.937232e-01 -1.165340e+00 
9.741921e-02 9.492461e-01 -1.179708e+00 -6.122945e-01 3.330204e-01 8.125402e+00 -6.272551e-01 1.828487e-01 8.789941e+00 9.118725e-02 9.402820e-01 -1.163735e+00 
1.050403e-01 9.992360e-01 -1.181604e+00 -6.682191e-01 4.374652e-01 8.133974e+00 -6.913826e-01 2.773517e-01 8.877373e+00 9.894944e-02 9.871901e-01 -1.160924e+00 
1.126629e-01 1.049651e+00 -1.182321e+00 -7.237938e-01 5.421378e-01 8.139814e+00 -7.563797e-01 3.731051e-01 8.963079e+00 1.067516e-01 1.033831e+00 -1.156909e+00 
1.202690e-01 1.100014e+00 -1.181834e+00 -7.788760e-01 6.469819e-01 8.142932e+00 -8.220736e-01 4.700718e-01 9.046826e+00 1.145655e-01 1.079725e+00 -1.151705e+00 
1.278369e-01 1.149750e+00 -1.180132e+00 -8.333339e-01 7.524247e-01 8.143416e+00 -8.883816e-01 5.686109e-01 9.128517e+00 1.223799e-01 1.124279e+00 -1.145312e+00 
1.353403e-01 1.198321e+00 -1.177198e+00 -8.870045e-01 8.587424e-01 8.141288e+00 -9.551900e-01 6.689389e-01 9.207942e+00 1.301796e-01 1.166945e+00 -1.137731e+00 
1.427515e-01 1.245440e+00 -1.173007e+00 -9.396746e-01 9.651261e-01 8.136431e+00 -1.022100e+00 7.703863e-01 9.284605e+00 1.378930e-01 1.207492e+00 -1.129001e+00 
1.500331e-01 1.290623e+00 -1.167542e+00 -9.911270e-01 1.071753e+00 8.128803e+00 -1.088968e+00 8.730456e-01 9.358167e+00 1.455042e-01 1.245442e+00 -1.119119e+00 
1.571425e-01 1.333488e+00 -1.160783e+00 -1.041105e+00 1.178440e+00 8.118293e+00 -1.155553e+00 9.766949e-01 9.428146e+00 1.529802e-01 1.280435e+00 -1.108097e+00 
1.640505e-01 1.373863e+00 -1.152735e+00 -1.089378e+00 1.284261e+00 8.104854e+00 -1.221404e+00 1.080524e+00 9.494054e+00 1.602483e-01 1.312390e+00 -1.095992e+00 
1.707109e-01 1.411551e+00 -1.143395e+00 -1.135655e+00 1.388577e+00 8.088368e+00 -1.286148e+00 1.183894e+00 9.555300e+00 1.672571e-01 1.341174e+00 -1.082838e+00 
1.770778e-01 1.446435e+00 -1.132774e+00 -1.179648e+00 1.490628e+00 8.068735e+00 -1.349400e+00 1.286051e+00 9.611308e+00 1.739551e-01 1.366750e+00 -1.068682e+00 
1.831175e-01 1.478512e+00 -1.120905e+00 -1.221161e+00 1.589551e+00 8.045964e+00 -1.410825e+00 1.386161e+00 9.661701e+00 1.802955e-01 1.389220e+00 -1.053602e+00 
1.887788e-01 1.507846e+00 -1.107819e+00 -1.259874e+00 1.684359e+00 8.019972e+00 -1.469981e+00 1.483222e+00 9.705849e+00 1.862247e-01 1.408745e+00 -1.037658e+00 
1.940102e-01 1.534616e+00 -1.093589e+00 -1.295557e+00 1.774207e+00 7.990921e+00 -1.526592e+00 1.576349e+00 9.743551e+00 1.917091e-01 1.425595e+00 -1.020955e+00 
1.987602e-01 1.559091e+00 -1.078298e+00 -1.327960e+00 1.858189e+00 7.958981e+00 -1.580360e+00 1.664577e+00 9.774586e+00 1.967160e-01 1.440131e+00 -1.003598e+00 
2.029829e-01 1.581622e+00 -1.062038e+00 -1.356849e+00 1.935360e+00 7.924333e+00 -1.630953e+00 1.746906e+00 9.798730e+00 2.012118e-01 1.452791e+00 -9.856909e-01 
2.066774e-01 1.602604e+00 -1.044940e+00 -1.382277e+00 2.005058e+00 7.887322e+00 -1.678102e+00 1.822743e+00 9.816262e+00 2.051531e-01 1.464071e+00 -9.673591e-01 
2.098235e-01 1.622530e+00 -1.027141e+00 -1.404189e+00 2.066603e+00 7.848356e+00 -1.721549e+00 1.891396e+00 9.827427e+00 2.085102e-01 1.474530e+00 -9.487268e-01 
2.124203e-01 1.641868e+00 -1.008813e+00 -1.422664e+00 2.119908e+00 7.808052e+00 -1.761197e+00 1.952734e+00 9.832896e+00 2.112741e-01 1.484644e+00 -9.299247e-01 
2.144488e-01 1.661254e+00 -9.900191e-01 -1.437649e+00 2.163820e+00 7.766406e+00 -1.796863e+00 2.005617e+00 9.832510e+00 2.134343e-01 1.495156e+00 -9.110341e-01 
2.159345e-01 1.681161e+00 -9.710009e-01 -1.449428e+00 2.199202e+00 7.724524e+00 -1.828694e+00 2.050833e+00 9.827800e+00 2.150087e-01 1.506436e+00 -8.922093e-01 
2.168884e-01 1.702165e+00 -9.518729e-01 -1.458169e+00 2.225902e+00 7.682800e+00 -1.856771e+00 2.088224e+00 9.819395e+00 2.160148e-01 1.519060e+00 -8.735411e-01 
2.173500e-01 1.724728e+00 -9.327897e-01 -1.464227e+00 2.244589e+00 7.641917e+00 -1.881365e+00 2.118449e+00 9.808509e+00 2.164870e-01 1.533419e+00 -8.551300e-01 
2.173551e-01 1.749307e+00 -9.138662e-01 -1.467912e+00 2.255747e+00 7.602385e+00 -1.902707e+00 2.142003e+00 9.796116e+00 2.164575e-01 1.549902e+00 -8.370482e-01 
2.169369e-01 1.776306e+00 -8.952115e-01 -1.469528e+00 2.260072e+00 7.564766e+00 -1.921064e+00 2.159584e+00 9.783282e+00 2.159608e-01 1.568808e+00 -8.193566e-01 
2.161373e-01 1.806037e+00 -8.769112e-01 -1.469438e+00 2.258421e+00 7.529537e+00 -1.936767e+00 2.172084e+00 9.771081e+00 2.150344e-01 1.590339e+00 -8.020981e-01 
2.149979e-01 1.838735e+00 -8.590317e-01 -1.467991e+00 2.251745e+00 7.497132e+00 -1.950164e+00 2.180489e+00 9.760538e+00 2.137181e-01 1.614606e+00 -7.853004e-01 
2.135565e-01 1.874568e+00 -8.416132e-01 -1.465515e+00 2.240959e+00 7.467897e+00 -1.961580e+00 2.185771e+00 9.752564e+00 2.120455e-01 1.641656e+00 -7.689731e-01 
2.118492e-01 1.913602e+00 -8.246727e-01 -1.462326e+00 2.227055e+00 7.442078e+00 -1.971366e+00 2.188984e+00 9.747974e+00 2.100516e-01 1.671434e+00 -7.531107e-01 
2.099041e-01 1.955857e+00 -8.082040e-01 -1.458672e+00 2.210847e+00 7.419838e+00 -1.979765e+00 2.191025e+00 9.747382e+00 2.077562e-01 1.703851e+00 -7.376912e-01 
2.077435e-01 2.001252e+00 -7.921778e-01 -1.454782e+00 2.193170e+00 7.401209e+00 -1.987048e+00 2.192817e+00 9.751264e+00 2.051803e-01 1.738728e+00 -7.226804e-01 
2.053822e-01 2.049711e+00 -7.765568e-01 -1.450814e+00 2.174658e+00 7.386240e+00 -1.993363e+00 2.195091e+00 9.759985e+00 2.023287e-01 1.775898e+00 -7.080386e-01 
2.028261e-01 2.101061e+00 -7.612798e-01 -1.446884e+00 2.155885e+00 7.374800e+00 -1.998853e+00 2.198523e+00 9.773685e+00 1.992042e-01 1.815122e+00 -6.937129e-01 
2.000770e-01 2.155138e+00 -7.462853e-01 -1.443064e+00 2.137276e+00 7.366793e+00 -2.003569e+00 2.203648e+00 9.792441e+00 1.957972e-01 1.856175e+00 -6.796509e-01 
1.971273e-01 2.211722e+00 -7.314967e-01 -1.439373e+00 2.119134e+00 7.361984e+00 -2.007528e+00 2.210876e+00 9.816124e+00 1.920928e-01 1.898802e+00 -6.657924e-01 
1.939653e-01 2.270594e+00 -7.168384e-01 -1.435798e+00 2.101634e+00 7.360129e+00 -2.010678e+00 2.220498e+00 9.844526e+00 1.880666e-01 1.942764e+00 -6.520791e-01 
1.905749e-01 2.331533e+00 -7.022348e-01 -1.432292e+00 2.084842e+00 7.360951e+00 -2.012928e+00 2.232692e+00 9.877340e+00 1.836889e-01 1.987829e+00 -6.384541e-01 
1.869313e-01 2.394307e+00 -6.876085e-01 -1.428758e+00 2.068690e+00 7.364095e+00 -2.014137e+00 2.247493e+00 9.914113e+00 1.789234e-01 2.033778e+00 -6.248605e-01 
1.830148e-01 2.458712e+00 -6.728980e-01 -1.425109e+00 2.053076e+00 7.369277e+00 -2.014138e+00 2.264903e+00 9.954433e+00 1.737308e-01 2.080418e+00 -6.112532e-01 
1.787953e-01 2.524552e+00 -6.580434e-01 -1.421203e+00 2.037769e+00 7.376150e+00 -2.012714e+00 2.284781e+00 9.997762e+00 1.680649e-01 2.127581e+00 -5.975889e-01 
1.742446e-01 2.591637e+00 -6.429955e-01 -1.416900e+00 2.022486e+00 7.384347e+00 -2.009637e+00 2.306930e+00 1.004352e+01 1.618780e-01 2.175114e+00 -5.838331e-01 
1.693414e-01 2.659776e+00 -6.277189e-01 -1.412079e+00 2.006926e+00 7.393484e+00 -2.004686e+00 2.331131e+00 1.009110e+01 1.551242e-01 2.222877e+00 -5.699619e-01 
1.640543e-01 2.728805e+00 -6.121912e-01 -1.406581e+00 1.990711e+00 7.403178e+00 -1.997593e+00 2.357084e+00 1.013989e+01 1.477493e-01 2.270759e+00 -5.559606e-01 
1.583709e-01 2.798550e+00 -5.964154e-01 -1.400276e+00 1.973551e+00 7.413110e+00 -1.988120e+00 2.384523e+00 1.018927e+01 1.397125e-01 2.318633e+00 -5.418342e-01 
1.522676e-01 2.868839e+00 -5.804074e-01 -1.393017e+00 1.955098e+00 7.422903e+00 -1.976004e+00 2.413147e+00 1.023859e+01 1.309631e-01 2.366382e+00 -5.275976e-01 
1.457325e-01 2.939484e+00 -5.642085e-01 -1.384678e+00 1.935076e+00 7.432230e+00 -1.960994e+00 2.442692e+00 1.028726e+01 1.214580e-01 2.413869e+00 -5.132854e-01 
1.387582e-01 3.010275e+00 -5.478849e-01 -1.375140e+00 1.913265e+00 7.440783e+00 -1.942849e+00 2.472935e+00 1.033468e+01 1.111573e-01 2.460929e+00 -4.989520e-01 
1.313340e-01 3.080952e+00 -5.315259e-01 -1.364283e+00 1.889505e+00 7.448230e+00 -1.921319e+00 2.503705e+00 1.038024e+01 1.000190e-01 2.507348e+00 -4.846708e-01 
1.234790e-01 3.151178e+00 -5.152559e-01 -1.352050e+00 1.863784e+00 7.454299e+00 -1.896200e+00 2.534940e+00 1.042340e+01 8.801776e-02 2.552837e+00 -4.705431e-01 
1.151910e-01 3.220537e+00 -4.992221e-01 -1.338348e+00 1.836147e+00 7.458654e+00 -1.867259e+00 2.566649e+00 1.046355e+01 7.511753e-02 2.597021e+00 -4.566901e-01 
1.064971e-01 3.288504e+00 -4.836147e-01 -1.323147e+00 1.806872e+00 7.461064e+00 -1.834305e+00 2.599029e+00 1.050021e+01 6.129893e-02 2.639408e+00 -4.432681e-01 
9.742163e-02 3.354415e+00 -4.686554e-01 -1.306418e+00 1.776377e+00 7.461262e+00 -1.797147e+00 2.632415e+00 1.053285e+01 4.654151e-02 2.679365e+00 -4.304601e-01 
8.798055e-02 3.417459e+00 -4.545979e-01 -1.288124e+00 1.745235e+00 7.458962e+00 -1.755580e+00 2.667297e+00 1.056098e+01 3.082125e-02 2.716102e+00 -4.184772e-01 
-3.022074e+00 -4.667655e-01 -1.648976e+00 5.471065e+00 5.337566e+00 6.594567e+00 3.905235e+00 5.921204e+00 5.566080e+00 2.716117e+01 2.275745e+01 3.086767e+01 
-1.390093e+00 2.728501e+00 -4.703279e-01 5.786224e+00 -2.669791e+00 6.030112e+00 4.534140e+00 -2.967200e+00 1.671702e+00 4.888822e+00 7.663119e+00 7.923134e+00 
-4.938799e-01 2.288373e+00 -3.622726e-01 3.627487e+00 -4.236732e+00 4.676890e+00 3.666354e+00 -3.319143e+00 1.078520e+00 3.156667e+00 6.601799e+00 5.917387e+00 
-5.204625e-01 2.206883e+00 -3.546384e-01 4.328612e+00 -5.266013e+00 4.199200e+00 3.474210e+00 -3.167110e+00 6.377939e-01 3.544660e+00 6.835306e+00 6.265097e+00 
-5.470431e-01 2.162769e+00 -3.509874e-01 4.932166e+00 -6.162774e+00 3.810583e+00 3.194700e+00 -2.927728e+00 3.939769e-01 3.937657e+00 7.033213e+00 6.527467e+00 
-5.602490e-01 2.163331e+00 -3.445955e-01 5.324482e+00 -6.837931e+00 3.542324e+00 2.975364e+00 -2.753701e+00 2.870487e-01 4.160353e+00 7.146276e+00 6.625201e+00 
-5.427958e-01 4.013331e+00 -7.285486e-02 2.447999e+00 -5.591671e+00 5.191357e+00 2.997794e+00 -4.825887e+00 3.169822e+00 1.660014e+00 6.327562e+00 3.395995e+00 
4.620550e-01 5.903459e+00 6.791734e+00 2.061570e+00 -6.756324e+00 -1.567979e-01 9.701404e-01 -4.046901e+00 -5.078840e-01 -1.873284e-01 6.198969e+00 8.182515e+00 
-1.738841e-01 -1.611593e+00 2.777288e+00 9.337165e-01 -3.882063e+00 2.279149e-01 4.171253e-01 -2.176582e+00 -3.288603e-01 -2.477522e-01 -5.512262e-01 2.600836e+00 
-1.390244e+00 -1.156705e+01 -1.481022e+00 -7.939606e-01 -1.442189e+00 3.425436e-01 -8.036416e-01 -5.589812e-01 -1.820149e-01 -1.229619e+00 -5.414196e+00 -1.903037e+00 
-2.082407e+00 -1.441446e+01 -2.408014e+00 -1.430419e+00 -3.964965e-01 1.819937e-01 -1.057800e+00 -1.969941e-01 -2.348959e-01 -1.323546e+00 -6.047029e+00 -2.359323e+00 
-3.123486e+00 -1.596063e+01 -2.781779e+00 -1.273973e+00 2.807957e-01 3.796555e-02 -1.150343e+00 2.809312e-02 -2.976649e-01 -1.295372e+00 -6.472040e+00 -2.541215e+00 
-4.275729e+00 -1.696744e+01 -2.954797e+00 -8.226089e-01 6.792701e-01 -6.365700e-02 -1.131333e+00 1.924347e-01 -3.578069e-01 -1.197240e+00 -6.785021e+00 -2.635873e+00 
-4.953267e+00 -1.766818e+01 -3.056699e+00 -5.709723e-01 8.258771e-01 -1.078814e-01 -1.032264e+00 3.267399e-01 -4.117932e-01 -1.121281e+00 -6.971545e+00 -2.661208e+00 
7.266152e-01 -1.238920e+01 -3.311228e+00 1.035922e+00 -3.838975e+00 2.211083e+00 4.164891e-02 6.681927e-01 -1.911593e-01 -2.526354e-01 -5.866013e+00 -2.364949e+00 
7.583859e-01 -8.558742e+00 -2.795277e+00 9.247930e-01 -2.189885e+00 3.975485e+00 3.398443e-01 -1.006109e+00 1.079365e+00 1.432606e-01 -4.186746e+00 -2.034414e+00 
-2.433437e-01 -5.550622e+00 4.103344e+00 -2.333557e-01 3.093788e+00 4.026639e-01 -2.806774e-01 3.728673e+00 7.636281e-01 -2.717594e-01 -4.751921e+00 3.730139e+00 
-1.729701e-01 -3.914036e+00 5.334267e+00 -1.272567e-01 2.575143e+00 1.848933e-01 -2.545425e-01 3.179225e+00 5.729473e-01 -3.049125e-01 -3.402326e+00 5.112547e+00 
-1.609610e-01 -3.640504e+00 5.612718e+00 -1.207214e-01 2.292669e+00 7.158000e-03 -2.242085e-01 2.745951e+00 2.836093e-01 -2.695652e-01 -3.157491e+00 5.372299e+00 
-1.920885e-01 -3.415365e+00 5.976816e+00 -1.394970e-01 1.841084e+00 -2.968870e-01 -2.095408e-01 2.074134e+00 -1.796067e-01 -2.733512e-01 -2.878336e+00 5.655025e+00 
-3.150371e-01 -3.070285e+00 6.489732e+00 -1.094586e-01 1.201713e+00 -7.246147e-01 -8.686679e-02 1.139947e+00 -8.198772e-01 -3.341347e-01 -2.480562e+00 6.052364e+00 
-5.812664e-01 -2.734308e+00 6.839215e+00 4.330222e-02 8.795328e-01 -9.195174e-01 4.713602e-02 8.535888e-01 -9.838007e-01 -4.476309e-01 -2.222236e+00 6.315446e+00 
-5.653010e-01 -2.628162e+00 6.908867e+00 4.458734e-02 8.525595e-01 -9.223625e-01 4.463591e-02 8.233874e-01 -9.852723e-01 -4.295376e-01 -2.161565e+00 6.382599e+00 
-5.383004e-01 -2.527850e+00 6.972444e+00 4.231358e-02 8.256264e-01 -9.266484e-01 4.237333e-02 7.954162e-01 -9.883565e-01 -4.142561e-01 -2.098371e+00 6.450861e+00 
-5.078170e-01 -2.419327e+00 7.038853e+00 3.948607e-02 7.969627e-01 -9.332055e-01 3.985834e-02 7.664288e-01 -9.934966e-01 -3.964369e-01 -2.026377e+00 6.526985e+00 
-4.744387e-01 -2.300532e+00 7.109129e+00 3.637804e-02 7.666185e-01 -9.420278e-01 3.704143e-02 7.363491e-01 -1.000574e+00 -3.754276e-01 -1.944264e+00 6.612120e+00 
-4.378719e-01 -2.172579e+00 7.182550e+00 3.283961e-02 7.354171e-01 -9.528523e-01 3.379471e-02 7.059513e-01 -1.009357e+00 -3.509931e-01 -1.852891e+00 6.705645e+00 
-3.983059e-01 -2.037052e+00 7.258154e+00 2.885840e-02 7.043396e-01 -9.653846e-01 3.013910e-02 6.761791e-01 -1.019549e+00 -3.233149e-01 -1.753494e+00 6.806476e+00 
-3.560258e-01 -1.897460e+00 7.334005e+00 2.445340e-02 6.749391e-01 -9.791565e-01 2.610963e-02 6.484727e-01 -1.030799e+00 -2.926123e-01 -1.649043e+00 6.912412e+00 
-3.116251e-01 -1.755239e+00 7.409212e+00 1.973186e-02 6.481800e-01 -9.938687e-01 2.176789e-02 6.237246e-01 -1.042778e+00 -2.591756e-01 -1.540851e+00 7.022157e+00 
-2.654169e-01 -1.611521e+00 7.483016e+00 1.473085e-02 6.249064e-01 -1.009232e+00 1.712239e-02 6.027038e-01 -1.055181e+00 -2.231388e-01 -1.429990e+00 7.134666e+00 
-2.176462e-01 -1.468151e+00 7.554342e+00 9.471610e-03 6.060651e-01 -1.024907e+00 1.218908e-02 5.862641e-01 -1.067712e+00 -1.846654e-01 -1.318122e+00 7.248570e+00 
-1.683544e-01 -1.326044e+00 7.622535e+00 3.924718e-03 5.922496e-01 -1.040626e+00 6.961231e-03 5.749363e-01 -1.080111e+00 -1.438453e-01 -1.206080e+00 7.363048e+00 
-1.177106e-01 -1.185908e+00 7.687102e+00 -1.898121e-03 5.838768e-01 -1.056163e+00 1.462445e-03 5.690759e-01 -1.092145e+00 -1.008455e-01 -1.094517e+00 7.477382e+00 
-6.595644e-02 -1.048188e+00 7.747725e+00 -7.952446e-03 5.811946e-01 -1.071325e+00 -4.277866e-03 5.688574e-01 -1.103613e+00 -5.581303e-02 -9.838909e-01 7.591012e+00 
-1.330300e-02 -9.140564e-01 7.803790e+00 -1.420217e-02 5.845337e-01 -1.085883e+00 -1.022726e-02 5.745261e-01 -1.114336e+00 -8.913856e-03 -8.752654e-01 7.703062e+00 
4.009121e-02 -7.846880e-01 7.854741e+00 -2.063347e-02 5.941169e-01 -1.099627e+00 -1.636813e-02 5.862297e-01 -1.124175e+00 3.970111e-02 -7.696998e-01 7.812697e+00 
9.395680e-02 -6.580682e-01 7.901552e+00 -2.719552e-02 6.092531e-01 -1.112610e+00 -2.269802e-02 6.032289e-01 -1.133039e+00 8.995665e-02 -6.655484e-01 7.920671e+00 
1.481843e-01 -5.370621e-01 7.942943e+00 -3.388212e-02 6.304499e-01 -1.124525e+00 -2.918774e-02 6.259469e-01 -1.140827e+00 1.416721e-01 -5.653038e-01 8.025387e+00 
2.027580e-01 -4.178311e-01 7.980654e+00 -4.068162e-02 6.564412e-01 -1.135569e+00 -3.584820e-02 6.530866e-01 -1.147502e+00 1.949142e-01 -4.656562e-01 8.128675e+00 
2.575601e-01 -3.030911e-01 8.013526e+00 -4.758495e-02 6.875817e-01 -1.145472e+00 -4.265564e-02 6.849348e-01 -1.153010e+00 2.495229e-01 -3.689733e-01 8.229051e+00 
3.126036e-01 -1.903999e-01 8.042662e+00 -5.459657e-02 7.228775e-01 -1.154346e+00 -4.961090e-02 7.204575e-01 -1.157329e+00 3.055027e-01 -2.731084e-01 8.327646e+00 
3.678631e-01 -8.032312e-02 8.067840e+00 -6.171872e-02 7.620692e-01 -1.162093e+00 -5.670408e-02 7.593524e-01 -1.160444e+00 3.627929e-01 -1.785364e-01 8.424100e+00 
4.232480e-01 2.757087e-02 8.089282e+00 -6.893375e-02 8.046188e-01 -1.168693e+00 -6.391806e-02 8.010408e-01 -1.162343e+00 4.213158e-01 -8.487124e-02 8.518503e+00 
4.786500e-01 1.345434e-01 8.107556e+00 -7.621606e-02 8.497731e-01 -1.174194e+00 -7.123481e-02 8.447137e-01 -1.163023e+00 4.810017e-01 8.999070e-03 8.611329e+00 
5.340113e-01 2.398888e-01 8.122355e+00 -8.355877e-02 8.972452e-01 -1.178498e+00 -7.864156e-02 8.900677e-01 -1.162487e+00 5.417823e-01 1.024718e-01 8.702107e+00 
5.891517e-01 3.460050e-01 8.134772e+00 -9.092263e-02 9.459951e-01 -1.181749e+00 -8.612016e-02 9.359707e-01 -1.160737e+00 6.035677e-01 1.976393e-01 8.791821e+00 
6.440234e-01 4.508671e-01 8.143836e+00 -9.830109e-02 9.960340e-01 -1.183748e+00 -9.365952e-02 9.824671e-01 -1.157779e+00 6.663058e-01 2.927332e-01 8.879294e+00 
6.985129e-01 5.556509e-01 8.150064e+00 -1.056804e-01 1.046585e+00 -1.184553e+00 -1.012306e-01 1.028746e+00 -1.153618e+00 7.298362e-01 3.888209e-01 8.964890e+00 
7.524933e-01 6.617315e-01 8.154036e+00 -1.130450e-01 1.096840e+00 -1.184234e+00 -1.088017e-01 1.073938e+00 -1.148257e+00 7.939782e-01 4.871470e-01 9.049028e+00 
8.058505e-01 7.670708e-01 8.154680e+00 -1.203705e-01 1.146782e+00 -1.182588e+00 -1.163656e-01 1.118114e+00 -1.141696e+00 8.586906e-01 5.858834e-01 9.130378e+00 
8.583769e-01 8.737695e-01 8.153151e+00 -1.276339e-01 1.195462e+00 -1.179792e+00 -1.238701e-01 1.160231e+00 -1.133967e+00 9.236504e-01 6.869141e-01 9.209844e+00 
9.098983e-01 9.810582e-01 8.148988e+00 -1.348042e-01 1.242592e+00 -1.175754e+00 -1.312960e-01 1.200044e+00 -1.125074e+00 9.887243e-01 7.895223e-01 9.286677e+00 
9.602242e-01 1.087491e+00 8.141368e+00 -1.418450e-01 1.288027e+00 -1.170325e+00 -1.386285e-01 1.237515e+00 -1.115013e+00 1.053800e+00 8.923663e-01 9.359720e+00 
1.009044e+00 1.194549e+00 8.131488e+00 -1.487194e-01 1.331056e+00 -1.163715e+00 -1.457757e-01 1.271849e+00 -1.103853e+00 1.118306e+00 9.967828e-01 9.429734e+00 
1.056104e+00 1.300615e+00 8.118425e+00 -1.553777e-01 1.371624e+00 -1.155771e+00 -1.527262e-01 1.303119e+00 -1.091591e+00 1.182110e+00 1.101223e+00 9.495384e+00 
1.101170e+00 1.405646e+00 8.102643e+00 -1.617820e-01 1.409449e+00 -1.146594e+00 -1.593971e-01 1.331067e+00 -1.078305e+00 1.244729e+00 1.205658e+00 9.556744e+00 
1.143932e+00 1.508296e+00 8.083541e+00 -1.678738e-01 1.444512e+00 -1.136103e+00 -1.657583e-01 1.355798e+00 -1.064016e+00 1.305899e+00 1.308760e+00 9.612725e+00 
1.184115e+00 1.607860e+00 8.061283e+00 -1.736082e-01 1.476774e+00 -1.124363e+00 -1.717468e-01 1.377353e+00 -1.048806e+00 1.365177e+00 1.409831e+00 9.663014e+00 
1.221418e+00 1.703316e+00 8.035833e+00 -1.789330e-01 1.506324e+00 -1.111409e+00 -1.773089e-01 1.395920e+00 -1.032749e+00 1.422140e+00 1.507839e+00 9.707058e+00 
1.255659e+00 1.794051e+00 8.007540e+00 -1.838062e-01 1.533298e+00 -1.097355e+00 -1.823804e-01 1.411711e+00 -1.015957e+00 1.476386e+00 1.602186e+00 9.744880e+00 
1.286553e+00 1.878671e+00 7.976143e+00 -1.881701e-01 1.557996e+00 -1.082214e+00 -1.869248e-01 1.425163e+00 -9.985032e-01 1.527570e+00 1.691463e+00 9.775736e+00 
1.314034e+00 1.956796e+00 7.942280e+00 -1.920017e-01 1.580721e+00 -1.066156e+00 -1.908912e-01 1.436630e+00 -9.805322e-01 1.575360e+00 1.775282e+00 9.800077e+00 
1.337903e+00 2.027179e+00 7.905861e+00 -1.952550e-01 1.601925e+00 -1.049235e+00 -1.942536e-01 1.446686e+00 -9.621327e-01 1.619476e+00 1.852372e+00 9.817458e+00 
1.358201e+00 2.089641e+00 7.867639e+00 -1.979215e-01 1.622054e+00 -1.031645e+00 -1.969816e-01 1.455798e+00 -9.434583e-01 1.659706e+00 1.922532e+00 9.828610e+00 
1.374896e+00 2.143443e+00 7.827830e+00 -1.999785e-01 1.641646e+00 -1.013490e+00 -1.990618e-01 1.464574e+00 -9.246144e-01 1.695898e+00 1.985002e+00 9.833655e+00 
1.388123e+00 2.188497e+00 7.787057e+00 -2.014265e-01 1.661234e+00 -9.949397e-01 -2.004841e-01 1.473551e+00 -9.057319e-01 1.727989e+00 2.039687e+00 9.833374e+00 
1.398057e+00 2.224869e+00 7.745916e+00 -2.022760e-01 1.681354e+00 -9.761526e-01 -2.012567e-01 1.483245e+00 -8.869282e-01 1.756014e+00 2.086624e+00 9.828587e+00 
1.404867e+00 2.252450e+00 7.704835e+00 -2.025352e-01 1.702570e+00 -9.572493e-01 -2.013898e-01 1.494218e+00 -8.682980e-01 1.780026e+00 2.125708e+00 9.819963e+00 
1.408942e+00 2.272301e+00 7.664772e+00 -2.022501e-01 1.725318e+00 -9.384306e-01 -2.009167e-01 1.506773e+00 -8.499629e-01 1.800293e+00 2.157957e+00 9.809025e+00 
1.410475e+00 2.284284e+00 7.625920e+00 -2.014315e-01 1.750126e+00 -9.197555e-01 -1.998583e-01 1.521436e+00 -8.319737e-01 1.816960e+00 2.183270e+00 9.796288e+00 
1.409916e+00 2.289817e+00 7.589160e+00 -2.001331e-01 1.777305e+00 -9.013914e-01 -1.982533e-01 1.538336e+00 -8.144179e-01 1.830387e+00 2.203059e+00 9.783338e+00 
1.407533e+00 2.289179e+00 7.554672e+00 -1.983773e-01 1.807228e+00 -8.833722e-01 -1.961297e-01 1.557805e+00 -7.973186e-01 1.840830e+00 2.217665e+00 9.770825e+00 
1.403730e+00 2.283728e+00 7.523098e+00 -1.962137e-01 1.840083e+00 -8.658013e-01 -1.935248e-01 1.579850e+00 -7.807204e-01 1.848651e+00 2.228463e+00 9.760053e+00 
1.398791e+00 2.273980e+00 7.494541e+00 -1.936674e-01 1.876067e+00 -8.486788e-01 -1.904650e-01 1.604608e+00 -7.646173e-01 1.854143e+00 2.236058e+00 9.751641e+00 
1.393064e+00 2.261235e+00 7.469455e+00 -1.907810e-01 1.915224e+00 -8.320563e-01 -1.869799e-01 1.631947e+00 -7.490205e-01 1.857637e+00 2.241797e+00 9.746633e+00 
1.386800e+00 2.246255e+00 7.447891e+00 -1.875763e-01 1.957558e+00 -8.159120e-01 -1.830890e-01 1.661782e+00 -7.339039e-01 1.859412e+00 2.246531e+00 9.745566e+00 
1.380183e+00 2.229811e+00 7.430009e+00 -1.840721e-01 2.003038e+00 -8.002310e-01 -1.787974e-01 1.693958e+00 -7.192399e-01 1.859616e+00 2.251110e+00 9.748939e+00 
1.373382e+00 2.212647e+00 7.415707e+00 -1.802777e-01 2.051506e+00 -7.849618e-01 -1.741136e-01 1.728233e+00 -7.049830e-01 1.858467e+00 2.256369e+00 9.757025e+00 
1.366535e+00 2.195228e+00 7.404999e+00 -1.762034e-01 2.102872e+00 -7.700565e-01 -1.690232e-01 1.764450e+00 -6.910904e-01 1.856025e+00 2.262908e+00 9.770091e+00 
1.359676e+00 2.177995e+00 7.397558e+00 -1.718374e-01 2.156881e+00 -7.554298e-01 -1.635179e-01 1.802304e+00 -6.774971e-01 1.852380e+00 2.271260e+00 9.787993e+00 
1.352881e+00 2.161273e+00 7.393390e+00 -1.671871e-01 2.213395e+00 -7.410312e-01 -1.575701e-01 1.841606e+00 -6.641599e-01 1.847485e+00 2.281876e+00 9.810837e+00 
1.346061e+00 2.145166e+00 7.391991e+00 -1.622218e-01 2.272113e+00 -7.267563e-01 -1.511547e-01 1.882049e+00 -6.510043e-01 1.841303e+00 2.294947e+00 9.838109e+00 
1.339246e+00 2.129836e+00 7.393345e+00 -1.569428e-01 2.332888e+00 -7.125592e-01 -1.442284e-01 1.923453e+00 -6.379917e-01 1.833691e+00 2.310772e+00 9.869801e+00 
1.332252e+00 2.115137e+00 7.396879e+00 -1.513053e-01 2.395419e+00 -6.983394e-01 -1.367498e-01 1.965534e+00 -6.250517e-01 1.824487e+00 2.329279e+00 9.905170e+00 
1.325067e+00 2.101018e+00 7.402458e+00 -1.453064e-01 2.459552e+00 -6.840508e-01 -1.286702e-01 2.008147e+00 -6.121496e-01 1.813506e+00 2.350544e+00 9.944003e+00 
1.317492e+00 2.087173e+00 7.409544e+00 -1.389007e-01 2.525034e+00 -6.696157e-01 -1.199352e-01 2.051074e+00 -5.992315e-01 1.800507e+00 2.374341e+00 9.985532e+00 
1.309411e+00 2.073376e+00 7.417861e+00 -1.320715e-01 2.591691e+00 -6.549949e-01 -1.104942e-01 2.094167e+00 -5.862695e-01 1.785248e+00 2.400512e+00 1.002925e+01 
1.300696e+00 2.059357e+00 7.427146e+00 -1.248000e-01 2.659376e+00 -6.401624e-01 -1.002914e-01 2.137305e+00 -5.732451e-01 1.767457e+00 2.428854e+00 1.007465e+01 
1.291174e+00 2.044740e+00 7.436981e+00 -1.170554e-01 2.727910e+00 -6.250926e-01 -8.926791e-02 2.180354e+00 -5.601417e-01 1.746845e+00 2.459044e+00 1.012104e+01 
1.280754e+00 2.029131e+00 7.446868e+00 -1.088307e-01 2.797080e+00 -6.097736e-01 -7.737238e-02 2.223192e+00 -5.469538e-01 1.723168e+00 2.490757e+00 1.016767e+01 
1.269296e+00 2.012121e+00 7.456336e+00 -1.001010e-01 2.866699e+00 -5.942141e-01 -6.454241e-02 2.265697e+00 -5.336896e-01 1.696132e+00 2.523650e+00 1.021384e+01 
1.256703e+00 1.993444e+00 7.465060e+00 -9.087895e-02 2.936563e+00 -5.784582e-01 -5.074033e-02 2.307726e+00 -5.203839e-01 1.665481e+00 2.557425e+00 1.025887e+01 
1.242870e+00 1.972807e+00 7.472589e+00 -8.116487e-02 3.006417e+00 -5.625636e-01 -3.591933e-02 2.349098e+00 -5.070825e-01 1.630948e+00 2.591787e+00 1.030201e+01 
1.227699e+00 1.950036e+00 7.478567e+00 -7.096526e-02 3.075990e+00 -5.466214e-01 -2.003713e-02 2.389591e+00 -4.938568e-01 1.592261e+00 2.626523e+00 1.034261e+01 
1.211084e+00 1.925209e+00 7.482928e+00 -6.029660e-02 3.145023e+00 -5.307700e-01 -3.059676e-03 2.428926e+00 -4.808139e-01 1.549142e+00 2.661599e+00 1.038024e+01 
1.192879e+00 1.898449e+00 7.485463e+00 -4.915239e-02 3.213141e+00 -5.151667e-01 1.505840e-02 2.466712e+00 -4.680791e-01 1.501270e+00 2.697037e+00 1.041437e+01 
-6.179708e+00 5.235794e+00 6.254160e+00 2.958310e+00 -2.832158e+00 -2.185162e+00 -4.508193e+01 4.199121e+01 5.759296e+01 -3.148655e+00 6.695248e+00 4.641150e+00 
-8.756161e+00 -1.416144e+00 6.699689e+00 2.345622e+00 2.846683e+00 -5.838752e-01 -6.441528e+00 8.319208e+00 1.007092e+01 -5.038017e+00 -2.564284e+00 1.463702e+00 
-3.972168e+00 -4.372458e+00 4.513588e+00 5.762769e-01 2.089621e+00 -3.993692e-01 -3.218172e+00 6.850934e+00 6.656603e+00 -4.124566e+00 -3.104451e+00 8.582602e-01 
-4.803734e+00 -5.558504e+00 3.911266e+00 5.793743e-01 1.961389e+00 -3.893724e-01 -3.895268e+00 7.073415e+00 7.023689e+00 -3.517463e+00 -2.845065e+00 3.535351e-01 
-5.669184e+00 -6.667397e+00 3.402131e+00 6.131895e-01 1.884063e+00 -3.884571e-01 -4.677698e+00 7.325931e+00 7.405254e+00 -2.820390e+00 -2.422829e+00 7.453359e-02 
-6.310568e+00 -7.551428e+00 3.023317e+00 6.354008e-01 1.856348e+00 -3.856157e-01 -5.245844e+00 7.493997e+00 7.614618e+00 -2.258739e+00 -2.065238e+00 -6.268296e-02 
-6.659222e+00 -8.171044e+00 2.797262e+00 6.436068e-01 1.888713e+00 -3.763632e-01 -5.491113e+00 7.572019e+00 7.632261e+00 -1.979151e+00 -1.888940e+00 -1.072191e-01 
-1.332386e+00 -5.207333e+00 5.666781e+00 3.143223e-01 4.475535e+00 -1.587929e-04 -2.441366e-01 5.157459e+00 1.415235e+00 -2.383689e+00 -4.820370e+00 4.396002e+00 
7.599215e-01 -5.782161e-01 6.994485e+00 -2.536624e-02 3.991848e+00 -2.743384e-01 6.788589e-01 4.013970e+00 5.347565e-01 -6.175023e-01 6.139233e-01 9.009473e+00 
1.210568e+00 5.855598e-01 7.192517e+00 -1.107587e-01 3.790361e+00 -3.549905e-01 6.822574e-01 3.751826e+00 4.052935e-01 1.673059e-01 2.309519e+00 1.024930e+01 
5.854543e-01 -1.267544e+01 -4.932466e+00 9.462065e+00 1.556116e+01 3.276304e+01 1.646835e+01 8.811907e+00 1.848968e+01 -1.463863e+00 -1.058400e+01 -3.050267e+00 
-2.062074e+00 -6.063060e+00 -1.019275e-01 -5.643643e-01 4.535362e+00 5.882651e+00 -4.250228e-01 4.627619e+00 7.219893e+00 -1.046537e+00 -3.113786e+00 -6.499087e-01 
-2.784084e-01 -2.320535e+00 4.152153e-01 7.873643e-01 -9.163001e+00 -5.915263e-01 9.029604e-01 -5.129419e+00 -1.196176e+00 3.712413e-01 -4.117070e-01 -3.171723e-01 
1.054715e+00 -8.558620e-01 2.610806e-01 1.601523e+00 -1.387333e+01 -2.291324e+00 1.277977e+00 -6.246013e+00 -2.326243e+00 8.666298e-01 5.926022e-02 -3.113704e-01 
1.371844e+00 6.349923e-02 8.447916e-02 2.521472e+00 -1.587479e+01 -2.829245e+00 1.359203e+00 -6.596874e+00 -2.547126e+00 1.010019e+00 2.071442e-01 -3.465257e-01 
8.675449e-01 6.632803e-01 -6.287451e-02 4.009488e+00 -1.697550e+01 -2.987422e+00 1.282706e+00 -6.862464e+00 -2.645022e+00 1.068799e+00 2.716022e-01 -3.801361e-01 
3.130283e-01 9.969214e-01 -1.600964e-01 5.366057e+00 -1.766995e+01 -3.010385e+00 1.128457e+00 -7.010002e+00 -2.671550e+00 1.068899e+00 2.928128e-01 -4.071057e-01 
2.126300e+00 -1.162445e+00 5.711039e-01 3.450125e+00 -1.766873e+01 -3.255528e+00 7.245943e-01 -5.792126e+00 -2.395892e+00 8.164396e-01 1.494340e-01 -3.351992e-01 
-1.354309e-01 -2.081391e+00 3.684322e+00 -9.822501e-02 -9.249567e+00 -2.861779e+00 2.882731e-02 -3.315494e+00 -1.836208e+00 -2.450059e-02 -1.227802e+00 1.351799e+00 
2.352253e-01 2.779559e+00 1.878096e-01 2.994367e-01 -5.531856e+00 4.123684e+00 4.091832e-01 -4.634030e+00 3.748976e+00 3.775921e-01 4.067412e+00 9.995717e-01 
1.475629e-01 1.786659e+00 -3.471539e-01 3.010331e-01 -3.769452e+00 5.574444e+00 6.030811e-01 -3.009580e+00 5.302240e+00 4.597497e-01 3.498119e+00 7.958632e-01 
1.278329e-01 1.547825e+00 -4.891050e-01 2.794518e-01 -3.485168e+00 5.848263e+00 5.481471e-01 -2.782836e+00 5.559734e+00 4.139542e-01 3.042261e+00 4.897219e-01 
7.273666e-02 1.172280e+00 -7.372653e-01 3.611588e-01 -3.250075e+00 6.200811e+00 5.244134e-01 -2.558413e+00 5.819238e+00 3.646046e-01 2.335160e+00 -4.400730e-04 
-5.160664e-02 9.128876e-01 -9.088256e-01 5.668674e-01 -2.931961e+00 6.629223e+00 4.669128e-01 -2.350174e+00 6.116142e+00 1.642983e-01 1.337263e+00 -6.738871e-01 
-4.918954e-02 8.786378e-01 -9.208479e-01 6.018362e-01 -2.733832e+00 6.847576e+00 4.524334e-01 -2.224942e+00 6.315110e+00 -5.023322e-02 8.512949e-01 -9.841783e-01 
-4.665924e-02 8.518558e-01 -9.231611e-01 5.724543e-01 -2.630432e+00 6.913314e+00 4.341499e-01 -2.162849e+00 6.384352e+00 -4.710355e-02 8.224458e-01 -9.857051e-01 
-4.368661e-02 8.252383e-01 -9.272501e-01 5.428501e-01 -2.530740e+00 6.975787e+00 4.177524e-01 -2.100138e+00 6.452456e+00 -4.445536e-02 7.947468e-01 -9.888555e-01 
-4.047431e-02 7.965342e-01 -9.337736e-01 5.108846e-01 -2.421457e+00 7.042129e+00 3.988112e-01 -2.027757e+00 6.528995e+00 -4.160444e-02 7.656028e-01 -9.941073e-01 
-3.684204e-02 7.662467e-01 -9.425180e-01 4.756449e-01 -2.302188e+00 7.112157e+00 3.763874e-01 -1.945501e+00 6.614460e+00 -3.832112e-02 7.354370e-01 -1.001310e+00 
-3.278493e-02 7.353294e-01 -9.531978e-01 4.372769e-01 -2.174678e+00 7.184871e+00 3.506513e-01 -1.854686e+00 6.707834e+00 -3.464551e-02 7.051740e-01 -1.010195e+00 
-2.834271e-02 7.048347e-01 -9.655085e-01 3.961896e-01 -2.040827e+00 7.259224e+00 3.218696e-01 -1.756862e+00 6.807793e+00 -3.062054e-02 6.758167e-01 -1.020462e+00 
-2.354152e-02 6.758306e-01 -9.791238e-01 3.526660e-01 -1.902305e+00 7.334191e+00 2.901341e-01 -1.653506e+00 6.913090e+00 -2.624678e-02 6.483576e-01 -1.031796e+00 
-1.839670e-02 6.493526e-01 -9.937083e-01 3.069163e-01 -1.760696e+00 7.408741e+00 2.555274e-01 -1.546042e+00 7.022495e+00 -2.152609e-02 6.237558e-01 -1.043880e+00 
-1.294005e-02 6.261540e-01 -1.008994e+00 2.592051e-01 -1.616818e+00 7.482218e+00 2.182175e-01 -1.435225e+00 7.135138e+00 -1.648646e-02 6.027137e-01 -1.056404e+00 
-7.179430e-03 6.076345e-01 -1.024507e+00 2.097068e-01 -1.474154e+00 7.552759e+00 1.783469e-01 -1.324110e+00 7.248866e+00 -1.114372e-02 5.864963e-01 -1.069057e+00 
-1.163354e-03 5.938099e-01 -1.040160e+00 1.587974e-01 -1.331596e+00 7.620723e+00 1.361419e-01 -1.211830e+00 7.363729e+00 -5.524913e-03 5.751107e-01 -1.081591e+00 
5.095284e-03 5.858421e-01 -1.055514e+00 1.066766e-01 -1.192620e+00 7.684347e+00 9.181836e-02 -1.101432e+00 7.477597e+00 3.396635e-04 5.695899e-01 -1.093745e+00 
1.155711e-02 5.835110e-01 -1.070510e+00 5.355890e-02 -1.055940e+00 7.744122e+00 4.547291e-02 -9.918940e-01 7.590794e+00 6.434441e-03 5.696849e-01 -1.105338e+00 
1.820010e-02 5.872740e-01 -1.084883e+00 -3.651029e-04 -9.232324e-01 7.799209e+00 -2.712388e-03 -8.847129e-01 7.702176e+00 1.273169e-02 5.757646e-01 -1.116191e+00 
2.500699e-02 5.969546e-01 -1.098534e+00 -5.497501e-02 -7.941056e-01 7.849754e+00 -5.267377e-02 -7.796088e-01 7.811726e+00 1.922598e-02 5.875972e-01 -1.126175e+00 
3.196367e-02 6.124422e-01 -1.111341e+00 -1.101633e-01 -6.687357e-01 7.895671e+00 -1.043333e-01 -6.767742e-01 7.919177e+00 2.590787e-02 6.050079e-01 -1.135186e+00 
3.905455e-02 6.335583e-01 -1.123194e+00 -1.658140e-01 -5.473391e-01 7.936881e+00 -1.575862e-01 -5.764210e-01 8.024253e+00 3.276160e-02 6.277602e-01 -1.143140e+00 
4.626376e-02 6.598132e-01 -1.134069e+00 -2.218336e-01 -4.291372e-01 7.973772e+00 -2.123738e-01 -4.778940e-01 8.127215e+00 3.977851e-02 6.553138e-01 -1.149980e+00 
5.357788e-02 6.908873e-01 -1.143889e+00 -2.781410e-01 -3.141946e-01 8.006346e+00 -2.686117e-01 -3.812507e-01 8.227913e+00 4.694209e-02 6.872966e-01 -1.155662e+00 
6.097660e-02 7.260491e-01 -1.152695e+00 -3.346578e-01 -2.010791e-01 8.035274e+00 -3.262553e-01 -2.852409e-01 8.326954e+00 5.423935e-02 7.229236e-01 -1.160159e+00 
6.846326e-02 7.655359e-01 -1.160243e+00 -3.913410e-01 -9.237490e-02 8.059451e+00 -3.851887e-01 -1.921012e-01 8.422976e+00 6.165177e-02 7.624085e-01 -1.163449e+00 
7.601247e-02 8.080660e-01 -1.166736e+00 -4.480631e-01 1.531655e-02 8.080424e+00 -4.453734e-01 -9.887684e-02 8.517486e+00 6.917561e-02 8.044069e-01 -1.165528e+00 
8.361431e-02 8.532296e-01 -1.172116e+00 -5.047522e-01 1.218719e-01 8.098157e+00 -5.067367e-01 -5.664133e-03 8.610293e+00 7.679824e-02 8.484674e-01 -1.166389e+00 
9.126709e-02 9.010377e-01 -1.176197e+00 -5.613670e-01 2.253228e-01 8.111786e+00 -5.691924e-01 8.583144e-02 8.700317e+00 8.450345e-02 8.946213e-01 -1.166038e+00 
9.893949e-02 9.498428e-01 -1.179295e+00 -6.177949e-01 3.305867e-01 8.123458e+00 -6.327082e-01 1.799387e-01 8.789785e+00 9.227871e-02 9.410879e-01 -1.164473e+00 
1.066284e-01 9.998080e-01 -1.181171e+00 -6.739873e-01 4.350104e-01 8.131952e+00 -6.972072e-01 2.743435e-01 8.877228e+00 1.001104e-01 9.880726e-01 -1.161700e+00 
1.143197e-01 1.050424e+00 -1.181793e+00 -7.298458e-01 5.386659e-01 8.137272e+00 -7.625936e-01 3.691187e-01 8.962476e+00 1.079820e-01 1.035067e+00 -1.157727e+00 
1.219905e-01 1.100587e+00 -1.181342e+00 -7.851820e-01 6.442141e-01 8.140653e+00 -8.286713e-01 4.666144e-01 9.046588e+00 1.158663e-01 1.080856e+00 -1.152561e+00 
1.296249e-01 1.150321e+00 -1.179603e+00 -8.399212e-01 7.494729e-01 8.140970e+00 -8.954025e-01 5.648963e-01 9.128207e+00 1.237547e-01 1.125555e+00 -1.146206e+00 
1.371959e-01 1.198977e+00 -1.176626e+00 -8.938708e-01 8.551796e-01 8.138610e+00 -9.625381e-01 6.646261e-01 9.207460e+00 1.316057e-01 1.168493e+00 -1.138676e+00 
1.446705e-01 1.245942e+00 -1.172459e+00 -9.468112e-01 9.620171e-01 8.133926e+00 -1.029807e+00 7.664046e-01 9.284403e+00 1.393759e-01 1.209024e+00 -1.129985e+00 
1.520175e-01 1.291190e+00 -1.166907e+00 -9.985851e-01 1.068025e+00 8.125831e+00 -1.097145e+00 8.684355e-01 9.357638e+00 1.470589e-01 1.247262e+00 -1.120128e+00 
1.592046e-01 1.334106e+00 -1.160113e+00 -1.048898e+00 1.174164e+00 8.115135e+00 -1.164065e+00 9.715668e-01 9.427534e+00 1.545828e-01 1.282546e+00 -1.109156e+00 
1.661892e-01 1.374479e+00 -1.152026e+00 -1.097485e+00 1.279619e+00 8.101498e+00 -1.230300e+00 1.075000e+00 9.493319e+00 1.619137e-01 1.314739e+00 -1.097086e+00 
1.729294e-01 1.412150e+00 -1.142639e+00 -1.144097e+00 1.383622e+00 8.084788e+00 -1.295525e+00 1.177997e+00 9.554452e+00 1.690044e-01 1.343760e+00 -1.083964e+00 
1.793809e-01 1.446982e+00 -1.132000e+00 -1.188468e+00 1.485649e+00 8.065132e+00 -1.359350e+00 1.280029e+00 9.610623e+00 1.757978e-01 1.369535e+00 -1.069855e+00 
1.854919e-01 1.479033e+00 -1.120056e+00 -1.230298e+00 1.584282e+00 8.042024e+00 -1.421479e+00 1.379699e+00 9.660830e+00 1.822631e-01 1.392263e+00 -1.054795e+00 
1.912310e-01 1.508304e+00 -1.106968e+00 -1.269367e+00 1.679306e+00 8.016163e+00 -1.481406e+00 1.476768e+00 9.705343e+00 1.883263e-01 1.411976e+00 -1.038908e+00 
1.965343e-01 1.535070e+00 -1.092642e+00 -1.305328e+00 1.768728e+00 7.986700e+00 -1.538873e+00 1.569249e+00 9.742749e+00 1.939722e-01 1.429150e+00 -1.022221e+00 
2.013893e-01 1.559464e+00 -1.077342e+00 -1.338180e+00 1.852884e+00 7.954820e+00 -1.593414e+00 1.657507e+00 9.774145e+00 1.991116e-01 1.443909e+00 -1.004908e+00 
2.057329e-01 1.581936e+00 -1.060997e+00 -1.367574e+00 1.929672e+00 7.919741e+00 -1.644750e+00 1.739422e+00 9.798169e+00 2.037335e-01 1.456911e+00 -9.870049e-01 
2.095613e-01 1.602832e+00 -1.043851e+00 -1.393527e+00 1.999246e+00 7.882530e+00 -1.692646e+00 1.815078e+00 9.815818e+00 2.078068e-01 1.468491e+00 -9.686876e-01 
2.128461e-01 1.622678e+00 -1.026003e+00 -1.415907e+00 2.060630e+00 7.843381e+00 -1.736865e+00 1.883452e+00 9.827012e+00 2.113158e-01 1.479261e+00 -9.500633e-01 
2.155756e-01 1.641990e+00 -1.007574e+00 -1.434734e+00 2.113261e+00 7.802614e+00 -1.777298e+00 1.943959e+00 9.832047e+00 2.142521e-01 1.489802e+00 -9.312436e-01 
2.177675e-01 1.661270e+00 -9.887816e-01 -1.450247e+00 2.157513e+00 7.761138e+00 -1.813948e+00 1.996965e+00 9.832150e+00 2.166088e-01 1.500574e+00 -9.123800e-01 
2.194010e-01 1.681184e+00 -9.696511e-01 -1.462370e+00 2.192106e+00 7.718781e+00 -1.846716e+00 2.041179e+00 9.826986e+00 2.183944e-01 1.512364e+00 -8.935298e-01 
2.205317e-01 1.702138e+00 -9.504522e-01 -1.471575e+00 2.218478e+00 7.676823e+00 -1.875821e+00 2.078022e+00 9.818517e+00 2.196251e-01 1.525420e+00 -8.748465e-01 
2.211878e-01 1.724653e+00 -9.312997e-01 -1.478136e+00 2.236838e+00 7.635718e+00 -1.901481e+00 2.107705e+00 9.807603e+00 2.203332e-01 1.540234e+00 -8.564144e-01 
2.214079e-01 1.749173e+00 -9.123120e-01 -1.482380e+00 2.247778e+00 7.596009e+00 -1.924004e+00 2.130809e+00 9.795297e+00 2.205630e-01 1.557179e+00 -8.383098e-01 
2.212244e-01 1.776111e+00 -8.935851e-01 -1.484586e+00 2.251863e+00 7.558182e+00 -1.943641e+00 2.147896e+00 9.782533e+00 2.203508e-01 1.576576e+00 -8.205866e-01 
2.206753e-01 1.805791e+00 -8.752093e-01 -1.485087e+00 2.249933e+00 7.522746e+00 -1.960683e+00 2.159835e+00 9.770379e+00 2.197297e-01 1.598631e+00 -8.032876e-01 
2.198038e-01 1.838442e+00 -8.572507e-01 -1.484253e+00 2.242954e+00 7.490125e+00 -1.975490e+00 2.167643e+00 9.759886e+00 2.187388e-01 1.623452e+00 -7.864399e-01 
2.186508e-01 1.874226e+00 -8.397484e-01 -1.482421e+00 2.231866e+00 7.460657e+00 -1.988414e+00 2.172309e+00 9.751970e+00 2.174169e-01 1.651082e+00 -7.700530e-01 
2.172532e-01 1.913217e+00 -8.227217e-01 -1.479898e+00 2.217640e+00 7.434612e+00 -1.999794e+00 2.174863e+00 9.747445e+00 2.157994e-01 1.681476e+00 -7.541220e-01 
2.156378e-01 1.955434e+00 -8.061641e-01 -1.476932e+00 2.201117e+00 7.412150e+00 -2.009895e+00 2.176221e+00 9.746935e+00 2.139094e-01 1.714537e+00 -7.386249e-01 
2.138274e-01 2.000810e+00 -7.900481e-01 -1.473740e+00 2.183100e+00 7.393323e+00 -2.018968e+00 2.177274e+00 9.750919e+00 2.117670e-01 1.750101e+00 -7.235273e-01 
2.118389e-01 2.049249e+00 -7.743336e-01 -1.470499e+00 2.164246e+00 7.378145e+00 -2.027175e+00 2.178786e+00 9.759746e+00 2.093782e-01 1.787986e+00 -7.087872e-01 
2.096803e-01 2.100602e+00 -7.589640e-01 -1.467330e+00 2.145114e+00 7.366533e+00 -2.034651e+00 2.181423e+00 9.773609e+00 2.067455e-01 1.827974e+00 -6.943544e-01 
2.073511e-01 2.154677e+00 -7.438693e-01 -1.464299e+00 2.126129e+00 7.358315e+00 -2.041480e+00 2.185717e+00 9.792520e+00 2.038641e-01 1.869824e+00 -6.801718e-01 
2.048481e-01 2.211275e+00 -7.289808e-01 -1.461430e+00 2.107614e+00 7.353327e+00 -2.047673e+00 2.192089e+00 9.816408e+00 2.007216e-01 1.913291e+00 -6.661834e-01 
2.021581e-01 2.270170e+00 -7.142198e-01 -1.458702e+00 2.089741e+00 7.351301e+00 -2.053191e+00 2.200824e+00 9.845039e+00 1.972967e-01 1.958131e+00 -6.523288e-01 
1.992616e-01 2.331133e+00 -6.995076e-01 -1.456059e+00 2.072550e+00 7.351928e+00 -2.057936e+00 2.212078e+00 9.878074e+00 1.935587e-01 2.004112e+00 -6.385486e-01 
1.961413e-01 2.393952e+00 -6.847742e-01 -1.453434e+00 2.056018e+00 7.354924e+00 -2.061792e+00 2.225935e+00 9.915155e+00 1.894760e-01 2.051026e+00 -6.247911e-01 
1.927677e-01 2.458413e+00 -6.699475e-01 -1.450715e+00 2.039956e+00 7.359913e+00 -2.064571e+00 2.242328e+00 9.955781e+00 1.850041e-01 2.098686e+00 -6.110034e-01 
1.891203e-01 2.524314e+00 -6.549756e-01 -1.447780e+00 2.024210e+00 7.366604e+00 -2.066080e+00 2.261176e+00 9.999461e+00 1.801046e-01 2.146910e+00 -5.971476e-01 
1.851702e-01 2.591479e+00 -6.398126e-01 -1.444486e+00 2.008499e+00 7.374665e+00 -2.066074e+00 2.282288e+00 1.004564e+01 1.747285e-01 2.195550e+00 -5.831901e-01 
1.808902e-01 2.659723e+00 -6.244217e-01 -1.440688e+00 1.992512e+00 7.383721e+00 -2.064339e+00 2.305425e+00 1.009373e+01 1.688324e-01 2.244471e+00 -5.691070e-01 
1.762513e-01 2.728872e+00 -6.087801e-01 -1.436230e+00 1.975906e+00 7.393383e+00 -2.060651e+00 2.330303e+00 1.014308e+01 1.623719e-01 2.293551e+00 -5.548852e-01 
1.712315e-01 2.798759e+00 -5.928867e-01 -1.430972e+00 1.958340e+00 7.403297e+00 -2.054759e+00 2.356636e+00 1.019309e+01 1.552998e-01 2.342677e+00 -5.405266e-01 
1.658159e-01 2.869210e+00 -5.767614e-01 -1.424795e+00 1.939493e+00 7.413118e+00 -2.046402e+00 2.384154e+00 1.024315e+01 1.475678e-01 2.391730e+00 -5.260481e-01 
1.599878e-01 2.940035e+00 -5.604432e-01 -1.417572e+00 1.919068e+00 7.422494e+00 -2.035334e+00 2.412590e+00 1.029264e+01 1.391312e-01 2.440579e+00 -5.114835e-01 
1.537380e-01 3.011028e+00 -5.440006e-01 -1.409172e+00 1.896870e+00 7.431151e+00 -2.021318e+00 2.441733e+00 1.034098e+01 1.299529e-01 2.489054e+00 -4.968893e-01 
1.470585e-01 3.081931e+00 -5.275246e-01 -1.399487e+00 1.872745e+00 7.438774e+00 -2.004109e+00 2.471425e+00 1.038761e+01 1.199924e-01 2.536944e+00 -4.823404e-01 
1.399569e-01 3.152397e+00 -5.111336e-01 -1.388446e+00 1.846645e+00 7.445027e+00 -1.983516e+00 2.501594e+00 1.043193e+01 1.092218e-01 2.583961e+00 -4.679354e-01 
1.324340e-01 3.222007e+00 -4.949763e-01 -1.375964e+00 1.818632e+00 7.449586e+00 -1.959331e+00 2.532259e+00 1.047336e+01 9.761042e-02 2.629729e+00 -4.537979e-01 
1.245119e-01 3.290265e+00 -4.792500e-01 -1.361984e+00 1.789051e+00 7.452338e+00 -1.931362e+00 2.563665e+00 1.051151e+01 8.514171e-02 2.673757e+00 -4.400909e-01 
1.162000e-01 3.356524e+00 -4.641761e-01 -1.346434e+00 1.758336e+00 7.453049e+00 -1.899420e+00 2.596153e+00 1.054587e+01 7.179524e-02 2.715410e+00 -4.269997e-01 
1.075295e-01 3.419997e+00 -4.500140e-01 -1.329342e+00 1.727109e+00 7.451526e+00 -1.863328e+00 2.630302e+00 1.057610e+01 5.754840e-02 2.753928e+00 -4.147396e-01 
9.854022e-02 3.479659e+00 -4.370504e-01 -1.310764e+00 1.696124e+00 7.447404e+00 -1.822942e+00 2.666821e+00 1.060167e+01 4.238469e-02 2.788350e+00 -4.035506e-01 
-2.935925e+00 8.485559e-01 -1.201668e+00 5.161635e+00 4.366451e+00 6.197259e+00 4.664641e+00 3.430592e+00 4.783662e+00 1.705247e+01 1.401672e+01 1.873716e+01 
-8.848401e-01 2.572571e+00 -4.189135e-01 4.241441e+00 -3.101107e+00 5.568936e+00 4.053737e+00 -3.163221e+00 1.678807e+00 4.022845e+00 7.135124e+00 6.745076e+00 
-4.758499e-01 2.331697e+00 -3.522285e-01 3.611885e+00 -4.304353e+00 4.669176e+00 3.518251e+00 -3.363759e+00 1.093999e+00 3.171058e+00 6.566083e+00 5.764900e+00 
-5.064679e-01 2.263602e+00 -3.463297e-01 4.256871e+00 -5.268172e+00 4.236203e+00 3.402562e+00 -3.226093e+00 6.989216e-01 3.501128e+00 6.795932e+00 6.095314e+00 
-5.291772e-01 2.230468e+00 -3.423616e-01 4.767077e+00 -6.072561e+00 3.895188e+00 3.213191e+00 -3.035073e+00 4.870435e-01 3.788093e+00 6.966248e+00 6.307234e+00 
-7.605383e+00 2.018168e+01 4.054737e+01 -1.648789e+00 -1.410377e+01 -5.942406e+00 -1.406286e+00 -1.328481e+01 -3.911238e+00 -1.463852e+01 9.946102e+00 2.296864e+01 
3.790288e-01 5.474361e+00 6.108224e+00 1.508880e+00 -6.339339e+00 -4.713841e-02 1.141135e+00 -4.037271e+00 -4.378953e-01 4.573177e-01 6.149091e+00 7.778841e+00 
-4.669366e-02 -1.178167e+00 3.040780e+00 8.820229e-01 -3.964822e+00 1.884062e-01 4.068182e-01 -2.257376e+00 -3.527861e-01 -1.993992e-01 -2.366459e-01 2.907951e+00 
-1.240236e+00 -1.155601e+01 -1.497198e+00 -6.984197e-01 -1.590502e+00 3.666973e-01 -7.801228e-01 -4.439985e-01 -2.079658e-01 -1.202421e+00 -5.494112e+00 -1.900675e+00 
-1.760210e+00 -1.443557e+01 -2.489382e+00 -1.318582e+00 -6.789907e-01 2.431132e-01 -9.637578e-01 6.813787e-03 -2.779770e-01 -1.297862e+00 -6.187622e+00 -2.385070e+00 
-2.308896e+00 -1.603498e+01 -2.937711e+00 -1.445565e+00 -1.162358e-01 1.352509e-01 -9.686157e-01 3.034651e-01 -3.585668e-01 -1.335569e+00 -6.626156e+00 -2.567869e+00 
-2.835678e+00 -1.707633e+01 -3.179074e+00 -1.346548e+00 1.857087e-01 6.839755e-02 -8.636954e-01 5.329690e-01 -4.353954e-01 -1.357984e+00 -6.953869e+00 -2.658886e+00 
-8.578811e-01 -1.605136e+01 -3.499349e+00 -7.608321e-01 -2.703201e+00 1.048445e+00 -5.441985e-01 7.931607e-01 -3.872577e-01 -9.422331e-01 -6.233225e+00 -2.502028e+00 
1.310000e+00 -1.168725e+01 -3.282822e+00 1.736072e+00 -4.171661e+00 2.416642e+00 2.682681e-01 1.029731e+00 -2.969131e-01 -1.271102e-01 -6.371904e+00 -2.469824e+00 
8.075324e-01 -8.565202e+00 -2.817403e+00 9.879869e-01 -2.254560e+00 3.982083e+00 3.586330e-01 -9.953401e-01 1.054937e+00 1.533995e-01 -4.242324e+00 -2.055695e+00 
-8.240982e-02 -5.663388e+00 3.954750e+00 -1.790789e-01 4.440698e+00 1.345435e+00 4.578188e-02 2.780886e+00 1.326806e-01 1.438238e-01 -5.226613e+00 3.603760e+00 
2.778594e-02 -4.143688e+00 4.958619e+00 -6.243849e-02 4.027709e+00 1.163225e+00 1.837607e-01 2.317366e+00 -3.323209e-02 2.872958e-01 -4.126631e+00 4.800260e+00 
1.492811e-02 -3.871731e+00 5.255371e+00 -6.646857e-02 3.648831e+00 9.090077e-01 1.777439e-01 1.934646e+00 -2.831554e-01 2.846838e-01 -3.835001e+00 5.074813e+00 
-2.952749e-02 -3.623689e+00 5.661596e+00 -1.007740e-01 3.033279e+00 4.883381e-01 1.140968e-01 1.344165e+00 -6.862947e-01 2.349177e-01 -3.470138e+00 5.394475e+00 
-9.669484e-02 -3.272592e+00 6.163665e+00 -1.442344e-01 2.166637e+00 -8.824143e-02 -1.566152e-02 9.307456e-01 -9.588070e-01 1.144358e-01 -2.968484e+00 5.795986e+00 
-3.334088e-01 -2.890946e+00 6.651605e+00 -8.228433e-02 1.074754e+00 -7.962855e-01 7.177459e-03 8.911616e-01 -9.761495e-01 -3.110533e-01 -2.365906e+00 6.201110e+00 
-5.494644e-01 -2.631693e+00 6.894335e+00 3.926990e-02 8.553247e-01 -9.203131e-01 4.068230e-02 8.271279e-01 -9.839323e-01 -4.249528e-01 -2.162301e+00 6.373881e+00 
-5.313698e-01 -2.525042e+00 6.963286e+00 3.982243e-02 8.270936e-01 -9.253152e-01 3.917780e-02 7.974006e-01 -9.870150e-01 -4.102759e-01 -2.096107e+00 6.444510e+00 
-5.049529e-01 -2.413859e+00 7.032127e+00 3.822494e-02 7.974923e-01 -9.322826e-01 3.750848e-02 7.677451e-01 -9.919858e-01 -3.947348e-01 -2.021737e+00 6.522024e+00 
-4.746170e-01 -2.293454e+00 7.104167e+00 3.599336e-02 7.663632e-01 -9.414350e-01 3.549176e-02 7.372668e-01 -9.988707e-01 -3.762458e-01 -1.937707e+00 6.608174e+00 
-4.417626e-01 -2.164535e+00 7.179055e+00 3.356333e-02 7.345948e-01 -9.525451e-01 3.315186e-02 7.066223e-01 -1.007422e+00 -3.545173e-01 -1.845145e+00 6.702123e+00 
-4.060290e-01 -2.029065e+00 7.255655e+00 3.070139e-02 7.032182e-01 -9.652923e-01 3.039799e-02 6.768254e-01 -1.017355e+00 -3.296616e-01 -1.745473e+00 6.802698e+00 
-3.672824e-01 -1.888822e+00 7.332809e+00 2.731166e-02 6.732829e-01 -9.793430e-01 2.726909e-02 6.489115e-01 -1.028349e+00 -3.019423e-01 -1.640003e+00 6.908768e+00 
-3.263410e-01 -1.745485e+00 7.409500e+00 2.361661e-02 6.459101e-01 -9.943587e-01 2.382729e-02 6.238496e-01 -1.040071e+00 -2.714580e-01 -1.530433e+00 7.018914e+00 
-2.836250e-01 -1.600582e+00 7.484785e+00 1.967020e-02 6.220575e-01 -1.010020e+00 2.007117e-02 6.024914e-01 -1.052208e+00 -2.383447e-01 -1.418207e+00 7.131813e+00 
-2.393135e-01 -1.455707e+00 7.557703e+00 1.546362e-02 6.025927e-01 -1.026009e+00 1.600912e-02 5.856223e-01 -1.064464e+00 -2.027843e-01 -1.304730e+00 7.246235e+00 
-1.934221e-01 -1.312171e+00 7.627439e+00 1.094085e-02 5.881871e-01 -1.042040e+00 1.164650e-02 5.738547e-01 -1.076576e+00 -1.649728e-01 -1.191105e+00 7.361163e+00 
-1.459696e-01 -1.170942e+00 7.693367e+00 6.063294e-03 5.793140e-01 -1.057865e+00 7.002683e-03 5.676080e-01 -1.088307e+00 -1.251013e-01 -1.078145e+00 7.475805e+00 
-9.730212e-02 -1.032656e+00 7.755095e+00 9.092821e-04 5.762856e-01 -1.073277e+00 2.111914e-03 5.670993e-01 -1.099455e+00 -8.330946e-02 -9.665137e-01 7.589477e+00 
-4.784457e-02 -8.971846e-01 7.812631e+00 -4.412785e-03 5.791246e-01 -1.088144e+00 -3.005221e-03 5.722462e-01 -1.109855e+00 -3.966711e-02 -8.562754e-01 7.701884e+00 
2.186978e-03 -7.662625e-01 7.865168e+00 -9.867306e-03 5.882156e-01 -1.102213e+00 -8.320099e-03 5.833310e-01 -1.119357e+00 5.659773e-03 -7.489838e-01 7.811915e+00 
5.271850e-02 -6.385218e-01 7.913318e+00 -1.546736e-02 6.030216e-01 -1.115481e+00 -1.383282e-02 5.997802e-01 -1.127864e+00 5.256222e-02 -6.434628e-01 7.920029e+00 
1.036113e-01 -5.153466e-01 7.956493e+00 -2.119574e-02 6.236729e-01 -1.127753e+00 -1.952395e-02 6.216403e-01 -1.135286e+00 1.009073e-01 -5.409410e-01 8.025376e+00 
1.550046e-01 -3.951573e-01 7.995433e+00 -2.711209e-02 6.494511e-01 -1.139066e+00 -2.540100e-02 6.481705e-01 -1.141579e+00 1.506470e-01 -4.399777e-01 8.128702e+00 
2.068220e-01 -2.786938e-01 8.029847e+00 -3.321025e-02 6.802085e-01 -1.149292e+00 -3.144714e-02 6.791627e-01 -1.146697e+00 2.016785e-01 -3.412139e-01 8.229525e+00 
2.590303e-01 -1.647354e-01 8.060300e+00 -3.948037e-02 7.152654e-01 -1.158457e+00 -3.764715e-02 7.138877e-01 -1.150616e+00 2.539582e-01 -2.435655e-01 8.328373e+00 
3.114558e-01 -5.340659e-02 8.086789e+00 -4.588009e-02 7.542630e-01 -1.166495e+00 -4.398467e-02 7.519209e-01 -1.153316e+00 3.074210e-01 -1.471783e-01 8.425048e+00 
3.637855e-01 5.617792e-02 8.109750e+00 -5.231710e-02 7.965875e-01 -1.173420e+00 -5.043965e-02 7.925583e-01 -1.154787e+00 3.620321e-01 -5.137219e-02 8.519795e+00 
4.160687e-01 1.645643e-01 8.129431e+00 -5.882143e-02 8.416439e-01 -1.179228e+00 -5.699957e-02 8.351738e-01 -1.155028e+00 4.176962e-01 4.440659e-02 8.612791e+00 
4.682725e-01 2.719937e-01 8.145913e+00 -6.539531e-02 8.889113e-01 -1.183887e+00 -6.365190e-02 8.792106e-01 -1.154039e+00 4.743398e-01 1.404028e-01 8.704002e+00 
5.202787e-01 3.782479e-01 8.159091e+00 -7.201593e-02 9.379742e-01 -1.187341e+00 -7.038058e-02 9.242261e-01 -1.151825e+00 5.318847e-01 2.364211e-01 8.793141e+00 
5.720355e-01 4.850898e-01 8.169802e+00 -7.868933e-02 9.879197e-01 -1.189696e+00 -7.715896e-02 9.692499e-01 -1.148400e+00 5.901715e-01 3.340728e-01 8.880947e+00 
6.234285e-01 5.911536e-01 8.177301e+00 -8.539210e-02 1.038594e+00 -1.190793e+00 -8.397999e-02 1.014146e+00 -1.143762e+00 6.491627e-01 4.321287e-01 8.966444e+00 
6.742960e-01 6.985609e-01 8.182587e+00 -9.208842e-02 1.089015e+00 -1.190780e+00 -9.078291e-02 1.057848e+00 -1.137927e+00 7.086044e-01 5.325247e-01 9.050523e+00 
7.244990e-01 8.059253e-01 8.184820e+00 -9.875074e-02 1.139020e+00 -1.189487e+00 -9.756486e-02 1.100235e+00 -1.130884e+00 7.684627e-01 6.339906e-01 9.132083e+00 
7.738469e-01 9.140981e-01 8.184580e+00 -1.053555e-01 1.187938e+00 -1.186997e+00 -1.042738e-01 1.140602e+00 -1.122672e+00 8.284348e-01 7.373050e-01 9.211422e+00 
8.221258e-01 1.022808e+00 8.181702e+00 -1.118648e-01 1.235370e+00 -1.183270e+00 -1.108805e-01 1.178561e+00 -1.113302e+00 8.883352e-01 8.421884e-01 9.288057e+00 
8.690989e-01 1.131299e+00 8.175762e+00 -1.182325e-01 1.281027e+00 -1.178224e+00 -1.173519e-01 1.213876e+00 -1.102780e+00 9.479623e-01 9.479192e-01 9.361209e+00 
9.145007e-01 1.239907e+00 8.167211e+00 -1.244178e-01 1.324426e+00 -1.171945e+00 -1.236057e-01 1.246058e+00 -1.091156e+00 1.006846e+00 1.054813e+00 9.430927e+00 
9.580874e-01 1.347922e+00 8.155817e+00 -1.303696e-01 1.365344e+00 -1.164400e+00 -1.295882e-01 1.274945e+00 -1.078463e+00 1.064683e+00 1.162199e+00 9.496601e+00 
9.995728e-01 1.454512e+00 8.141291e+00 -1.360287e-01 1.403618e+00 -1.155560e+00 -1.352460e-01 1.300451e+00 -1.064734e+00 1.121143e+00 1.269268e+00 9.557511e+00 
1.038654e+00 1.558959e+00 8.123698e+00 -1.413428e-01 1.439135e+00 -1.145461e+00 -1.405134e-01 1.322535e+00 -1.050039e+00 1.175783e+00 1.375306e+00 9.613209e+00 
1.075034e+00 1.660402e+00 8.103005e+00 -1.462487e-01 1.471881e+00 -1.134135e+00 -1.453208e-01 1.341264e+00 -1.034449e+00 1.228170e+00 1.479468e+00 9.663199e+00 
1.108427e+00 1.757888e+00 8.079188e+00 -1.506826e-01 1.501928e+00 -1.121622e+00 -1.496017e-01 1.356807e+00 -1.018044e+00 1.277876e+00 1.580815e+00 9.706994e+00 
1.138580e+00 1.850470e+00 8.052315e+00 -1.545856e-01 1.529441e+00 -1.107987e+00 -1.532919e-01 1.369422e+00 -1.000921e+00 1.324479e+00 1.678406e+00 9.744235e+00 
1.165277e+00 1.937227e+00 8.022547e+00 -1.579031e-01 1.554675e+00 -1.093318e+00 -1.563302e-01 1.379459e+00 -9.831877e-01 1.367571e+00 1.771323e+00 9.774701e+00 
1.188350e+00 2.017326e+00 7.990147e+00 -1.605854e-01 1.577965e+00 -1.077724e+00 -1.586600e-01 1.387336e+00 -9.649662e-01 1.406774e+00 1.858733e+00 9.798346e+00 
1.207750e+00 2.090229e+00 7.955585e+00 -1.626003e-01 1.599707e+00 -1.061354e+00 -1.602317e-01 1.393506e+00 -9.463958e-01 1.441788e+00 1.940104e+00 9.815496e+00 
1.223273e+00 2.154737e+00 7.918746e+00 -1.638858e-01 1.620401e+00 -1.044260e+00 -1.610116e-01 1.398573e+00 -9.275630e-01 1.472326e+00 2.014217e+00 9.825728e+00 
1.235120e+00 2.211175e+00 7.880733e+00 -1.644530e-01 1.640521e+00 -1.026697e+00 -1.609659e-01 1.402976e+00 -9.086529e-01 1.498229e+00 2.081394e+00 9.830328e+00 
1.243151e+00 2.258468e+00 7.841403e+00 -1.642473e-01 1.660651e+00 -1.008706e+00 -1.600773e-01 1.407380e+00 -8.897364e-01 1.519317e+00 2.140540e+00 9.828981e+00 
1.247760e+00 2.297510e+00 7.802008e+00 -1.633091e-01 1.681283e+00 -9.905568e-01 -1.583381e-01 1.412178e+00 -8.709949e-01 1.535646e+00 2.192554e+00 9.823431e+00 
1.248962e+00 2.327742e+00 7.762581e+00 -1.616075e-01 1.702991e+00 -9.723073e-01 -1.557452e-01 1.417967e+00 -8.524932e-01 1.547184e+00 2.236877e+00 9.813792e+00 
1.247219e+00 2.350280e+00 7.724183e+00 -1.591943e-01 1.726218e+00 -9.541767e-01 -1.523134e-01 1.425057e+00 -8.343719e-01 1.554149e+00 2.274639e+00 9.801759e+00 
1.242695e+00 2.365135e+00 7.686975e+00 -1.560628e-01 1.751440e+00 -9.362241e-01 -1.480513e-01 1.433891e+00 -8.166815e-01 1.556657e+00 2.305877e+00 9.787821e+00 
1.235838e+00 2.373502e+00 7.651788e+00 -1.522640e-01 1.779005e+00 -9.186075e-01 -1.429815e-01 1.444660e+00 -7.995156e-01 1.554994e+00 2.331815e+00 9.773474e+00 
1.226884e+00 2.375731e+00 7.618747e+00 -1.478031e-01 1.809244e+00 -9.013563e-01 -1.371182e-01 1.457631e+00 -7.828970e-01 1.549380e+00 2.352860e+00 9.759304e+00 
1.216304e+00 2.373218e+00 7.588606e+00 -1.427382e-01 1.842368e+00 -8.845911e-01 -1.304845e-01 1.472833e+00 -7.668898e-01 1.540145e+00 2.370459e+00 9.746774e+00 
1.204373e+00 2.366735e+00 7.561511e+00 -1.370839e-01 1.878515e+00 -8.683249e-01 -1.230925e-01 1.490295e+00 -7.514960e-01 1.527556e+00 2.385457e+00 9.736564e+00 
1.191351e+00 2.357213e+00 7.537781e+00 -1.308661e-01 1.917767e+00 -8.525858e-01 -1.149423e-01 1.509944e+00 -7.367187e-01 1.511774e+00 2.398851e+00 9.729426e+00 
1.177492e+00 2.345582e+00 7.517454e+00 -1.240971e-01 1.960074e+00 -8.373568e-01 -1.060386e-01 1.531612e+00 -7.225384e-01 1.493062e+00 2.411655e+00 9.725912e+00 
1.163049e+00 2.332492e+00 7.500676e+00 -1.168008e-01 2.005440e+00 -8.226200e-01 -9.636351e-02 1.555203e+00 -7.089367e-01 1.471532e+00 2.424657e+00 9.726570e+00 
1.148144e+00 2.318658e+00 7.487214e+00 -1.089694e-01 2.053661e+00 -8.083096e-01 -8.590628e-02 1.580429e+00 -6.958640e-01 1.447357e+00 2.438662e+00 9.731515e+00 
1.132949e+00 2.304622e+00 7.477231e+00 -1.006248e-01 2.104667e+00 -7.943981e-01 -7.463296e-02 1.607122e+00 -6.832940e-01 1.420518e+00 2.454334e+00 9.741116e+00 
1.117439e+00 2.290791e+00 7.470276e+00 -9.173599e-02 2.158165e+00 -7.807860e-01 -6.251437e-02 1.634936e+00 -6.711585e-01 1.391063e+00 2.472156e+00 9.755067e+00 
1.101665e+00 2.277646e+00 7.466709e+00 -8.231056e-02 2.214102e+00 -7.674661e-01 -4.948632e-02 1.663673e+00 -6.594402e-01 1.358763e+00 2.492711e+00 9.773730e+00 
1.085421e+00 2.265360e+00 7.466037e+00 -7.228785e-02 2.272169e+00 -7.543349e-01 -3.549340e-02 1.692956e+00 -6.480683e-01 1.323468e+00 2.516210e+00 9.796511e+00 
1.069029e+00 2.253680e+00 7.467578e+00 -6.171896e-02 2.332072e+00 -7.412735e-01 -2.048040e-02 1.722673e+00 -6.369727e-01 1.285177e+00 2.542728e+00 9.823005e+00 
1.052313e+00 2.242260e+00 7.470304e+00 -5.054365e-02 2.393393e+00 -7.281403e-01 -4.377004e-03 1.752495e+00 -6.260615e-01 1.243722e+00 2.572060e+00 9.852099e+00 
1.035165e+00 2.231395e+00 7.474799e+00 -3.877601e-02 2.456137e+00 -7.149656e-01 1.288650e-02 1.782263e+00 -6.153446e-01 1.198711e+00 2.604455e+00 9.883998e+00 
1.017271e+00 2.220780e+00 7.480431e+00 -2.634613e-02 2.520019e+00 -7.016644e-01 3.139366e-02 1.811686e+00 -6.047655e-01 1.149796e+00 2.639630e+00 9.917737e+00 
9.986336e-01 2.210129e+00 7.486890e+00 -1.326950e-02 2.584869e+00 -6.881965e-01 5.122463e-02 1.840648e+00 -5.942970e-01 1.096676e+00 2.677420e+00 9.952828e+00 
9.790762e-01 2.199042e+00 7.493671e+00 4.887926e-04 2.650489e+00 -6.745166e-01 7.247708e-02 1.868979e+00 -5.839076e-01 1.038952e+00 2.717510e+00 9.988495e+00 
9.583372e-01 2.187042e+00 7.500131e+00 1.497168e-02 2.716638e+00 -6.605835e-01 9.524027e-02 1.896475e+00 -5.735705e-01 9.762175e-01 2.759432e+00 1.002371e+01 
9.366462e-01 2.173862e+00 7.506144e+00 3.006829e-02 2.783193e+00 -6.464183e-01 1.195599e-01 1.923135e+00 -5.633002e-01 9.082695e-01 2.802975e+00 1.005813e+01 
-5.071978e+00 3.573958e+00 5.362672e+00 3.074853e+00 -4.970588e-01 -1.730818e+00 -2.842510e+01 2.466512e+01 3.408574e+01 -2.881990e+00 3.412743e+00 3.591460e+00 
-9.032184e+00 -9.838464e-01 5.533489e+00 2.395356e+00 2.076071e+00 -6.370056e-01 -5.993475e+00 8.867442e+00 1.179855e+01 -4.905122e+00 -2.109810e+00 8.515125e-01 
-5.339875e+00 -5.211235e+00 3.731694e+00 7.635263e-01 1.518804e+00 -4.854819e-01 -4.290364e+00 7.849373e+00 8.926707e+00 -3.809623e+00 -2.371980e+00 2.179206e-01 
-6.425808e+00 -6.690693e+00 2.899544e+00 7.308782e-01 1.288101e+00 -4.842869e-01 -5.889861e+00 8.112921e+00 9.431186e+00 -2.084995e+00 -1.695134e+00 -2.394657e-01 
-7.688688e+00 -8.005165e+00 2.206785e+00 7.686758e-01 1.116663e+00 -4.993860e-01 -7.451588e+00 8.440582e+00 1.005060e+01 -4.706634e-01 -7.863206e-01 -4.427229e-01 
-8.643583e+00 -8.970043e+00 1.720102e+00 7.981029e-01 1.007689e+00 -5.139093e-01 -8.665320e+00 8.658498e+00 1.045333e+01 7.649973e-01 -6.082900e-02 -5.443696e-01 
-8.986708e+00 -9.621047e+00 1.580091e+00 8.385532e-01 1.147431e+00 -4.966132e-01 -8.919591e+00 8.677366e+00 1.032368e+01 8.884544e-01 -1.754798e-02 -5.502677e-01 
-9.068362e+00 -9.998525e+00 1.501810e+00 8.132416e-01 1.237599e+00 -4.787137e-01 -8.833508e+00 8.571979e+00 1.003440e+01 9.006571e-01 -3.822008e-03 -5.413473e-01 
-9.069946e+00 -1.022732e+01 1.458100e+00 7.751980e-01 1.305326e+00 -4.635383e-01 -8.689066e+00 8.453622e+00 9.745046e+00 8.847073e-01 -5.415159e-03 -5.325000e-01 
5.338764e+00 -6.907385e+00 8.134159e+00 7.886640e+00 1.988119e+01 1.956923e+00 2.213393e+00 2.128553e+01 5.160003e+00 -7.438304e+00 -6.069012e+00 3.658438e+01 
4.015911e-01 -3.032208e+00 6.436645e+00 -1.303515e-02 4.306101e+00 -1.315216e-01 9.224432e-01 4.535299e+00 7.186049e-01 -2.135477e+00 -2.310530e+00 6.998350e+00 
1.067692e+00 3.114943e-01 7.234658e+00 -1.009075e-01 3.827674e+00 -3.510347e-01 5.314773e-01 3.364725e+00 5.436604e-02 -4.681388e-02 1.650181e+00 9.765858e+00 
1.296250e+00 1.200077e+00 7.497304e+00 -1.733074e-01 3.823610e+00 -3.701129e-01 -3.102928e-02 3.078473e+00 -3.314605e-01 1.538194e+00 2.353794e+00 1.055753e+01 
1.331778e+00 1.378823e+00 7.528686e+00 -1.914264e-01 3.838143e+00 -3.654273e-01 -1.013073e-01 3.115539e+00 -3.359048e-01 1.931340e+00 2.541141e+00 1.076921e+01 
1.357064e+00 1.394532e+00 7.520210e+00 -1.987555e-01 3.855385e+00 -3.611612e-01 -1.212858e-01 3.152884e+00 -3.323445e-01 2.058114e+00 2.613033e+00 1.084080e+01 
1.376871e+00 1.391238e+00 7.504104e+00 -2.042952e-01 3.864381e+00 -3.594597e-01 -1.344207e-01 3.181296e+00 -3.299380e-01 2.146926e+00 2.673169e+00 1.088657e+01 
3.329963e+00 -1.369211e+01 -7.444954e+00 3.062846e+01 1.550482e+01 5.290004e+01 7.981915e+00 -1.624851e+01 -3.041578e+00 9.447007e+00 -1.704488e+01 -6.042432e+00 
-5.520908e+00 -4.496285e+00 4.620282e-01 7.591583e+00 6.993497e-01 3.166697e+00 -1.476998e+00 1.982739e+00 -2.867066e-01 8.413619e+00 -5.950036e+00 1.210454e+00 
-3.049496e+00 -2.858867e+00 5.310617e-01 6.759470e+00 2.719828e+00 4.142960e+00 -2.175891e+00 3.384143e+00 -1.930773e-01 1.228221e+01 -8.604985e+00 2.479148e+00 
-1.246527e+01 2.457933e+00 1.565253e-01 -4.275620e+00 -1.255529e+00 9.157149e+00 1.283750e+01 -8.763630e+00 2.793414e+01 -8.447203e+00 2.533152e+00 1.934360e-01 
1.768288e-01 -1.135017e+00 7.294160e-02 6.766410e-01 -1.105208e+01 -6.312607e-01 1.161163e+00 -6.465817e+00 -1.320180e+00 5.273118e-01 3.438956e-01 -6.357418e-01 
1.178464e+00 -1.046378e-01 4.454385e-02 1.896600e+00 -1.608539e+01 -2.658119e+00 1.689352e+00 -7.488249e+00 -2.589375e+00 4.608504e-01 8.660752e-01 -6.027557e-01 
1.172113e+00 3.123704e-01 -1.054106e-02 2.807014e+00 -1.774355e+01 -3.201101e+00 1.731993e+00 -7.636493e+00 -2.738176e+00 3.416493e-01 9.975797e-01 -6.240843e-01 
1.673682e+00 -9.427352e-01 4.366318e-01 2.406696e+00 -1.818502e+01 -3.427621e+00 1.557350e+00 -7.083742e+00 -2.642275e+00 1.669790e-01 9.638641e-01 -5.923678e-01 
-5.886471e-02 -2.113826e+00 3.639713e+00 -3.049747e-02 -9.371590e+00 -2.893123e+00 6.252876e-02 -3.198498e+00 -1.815875e+00 1.721087e-02 -1.263220e+00 1.369600e+00 
