0.000000e+00 0.000000e+00 0.000000e+00 0.000000e+00 0.000000e+00 0.000000e+00 
-1.438038e-13 5.535183e-13 0.000000e+00 0.000000e+00 0.000000e+00 4.808600e-12 
8.914512e-12 -2.122647e-12 0.000000e+00 0.000000e+00 0.000000e+00 -5.968966e-12 
6.969248e-12 7.716791e-12 0.000000e+00 0.000000e+00 0.000000e+00 3.993211e-11 
1.926864e-12 1.823056e-11 0.000000e+00 0.000000e+00 0.000000e+00 -3.346941e-11 
-1.233047e-11 1.771884e-11 0.000000e+00 0.000000e+00 0.000000e+00 -1.972408e-12 
-2.181208e-11 3.723195e-11 0.000000e+00 0.000000e+00 0.000000e+00 1.136444e-10 
2.582116e-09 2.288643e-11 0.000000e+00 0.000000e+00 0.000000e+00 -6.100172e-10 
8.725764e-09 1.545165e-12 0.000000e+00 0.000000e+00 0.000000e+00 -2.213658e-09 
1.637735e-08 -2.405014e-10 0.000000e+00 0.000000e+00 0.000000e+00 -4.617465e-09 
2.395071e-08 2.177430e-10 0.000000e+00 0.000000e+00 0.000000e+00 -5.941822e-09 
3.024791e-08 -5.346867e-10 0.000000e+00 0.000000e+00 0.000000e+00 -9.375774e-09 
3.467615e-08 1.431499e-10 0.000000e+00 0.000000e+00 0.000000e+00 -8.834092e-09 
3.656761e-08 -5.275205e-10 0.000000e+00 0.000000e+00 0.000000e+00 -1.054031e-08 
3.548322e-08 1.432410e-10 0.000000e+00 0.000000e+00 0.000000e+00 -9.770775e-09 
3.276008e-08 -1.269411e-09 0.000000e+00 0.000000e+00 0.000000e+00 -1.100677e-08 
2.701337e-08 4.360769e-10 0.000000e+00 0.000000e+00 0.000000e+00 -6.263473e-09 
2.027222e-08 -1.118070e-09 0.000000e+00 0.000000e+00 0.000000e+00 -6.856433e-09 
1.198903e-08 -8.721977e-10 0.000000e+00 0.000000e+00 0.000000e+00 -5.245956e-09 
3.242677e-09 -2.006031e-09 0.000000e+00 0.000000e+00 0.000000e+00 -4.929195e-09 
-5.321114e-09 -1.376046e-09 0.000000e+00 0.000000e+00 0.000000e+00 -1.261048e-09 
-1.251193e-08 -2.655871e-09 0.000000e+00 0.000000e+00 0.000000e+00 -4.064159e-09 
-1.947184e-08 -5.166631e-10 0.000000e+00 0.000000e+00 0.000000e+00 6.085330e-09 
-2.338286e-08 -1.879032e-09 0.000000e+00 0.000000e+00 0.000000e+00 2.201437e-09 
-2.584195e-08 -1.992017e-09 0.000000e+00 0.000000e+00 0.000000e+00 1.004468e-08 
-2.568013e-08 -2.490998e-09 0.000000e+00 0.000000e+00 0.000000e+00 1.094293e-09 
-2.304833e-08 -3.884572e-10 0.000000e+00 0.000000e+00 0.000000e+00 1.670387e-09 
-1.903869e-08 -1.605799e-09 0.000000e+00 0.000000e+00 0.000000e+00 2.597507e-09 
-1.298833e-08 -2.491015e-10 0.000000e+00 0.000000e+00 0.000000e+00 -1.896554e-09 
-6.770324e-09 -2.634116e-09 0.000000e+00 0.000000e+00 0.000000e+00 -1.922385e-09 
-1.669555e-09 -3.430284e-10 0.000000e+00 0.000000e+00 0.000000e+00 -5.662460e-09 
-7.147496e-11 5.513663e-10 0.000000e+00 0.000000e+00 0.000000e+00 -4.151864e-10 
3.455015e-09 3.054202e-09 0.000000e+00 0.000000e+00 0.000000e+00 7.996670e-09 
1.256785e-08 7.872623e-09 0.000000e+00 0.000000e+00 0.000000e+00 1.077219e-08 
2.435332e-08 7.522222e-09 0.000000e+00 0.000000e+00 0.000000e+00 1.362232e-08 
3.604821e-08 1.864910e-08 0.000000e+00 0.000000e+00 0.000000e+00 3.812079e-08 
5.032526e-08 2.898961e-08 0.000000e+00 0.000000e+00 0.000000e+00 5.720561e-08 
6.168248e-08 3.239415e-08 0.000000e+00 0.000000e+00 0.000000e+00 5.457426e-08 
7.351858e-08 4.101401e-08 0.000000e+00 0.000000e+00 0.000000e+00 7.491829e-08 
8.271542e-08 4.733712e-08 0.000000e+00 0.000000e+00 0.000000e+00 7.753146e-08 
8.743973e-08 4.692098e-08 0.000000e+00 0.000000e+00 0.000000e+00 7.952932e-08 
9.067497e-08 5.052420e-08 0.000000e+00 0.000000e+00 0.000000e+00 9.057644e-08 
8.765114e-08 5.641067e-08 0.000000e+00 0.000000e+00 0.000000e+00 1.026193e-07 
8.594171e-08 4.990652e-08 0.000000e+00 0.000000e+00 0.000000e+00 9.038237e-08 
8.128158e-08 4.704251e-08 0.000000e+00 0.000000e+00 0.000000e+00 8.162072e-08 
7.533667e-08 3.861704e-08 0.000000e+00 0.000000e+00 0.000000e+00 7.026877e-08 
6.465551e-08 3.153136e-08 0.000000e+00 0.000000e+00 0.000000e+00 4.979947e-08 
5.584491e-08 2.524920e-08 0.000000e+00 0.000000e+00 0.000000e+00 3.929835e-08 
4.496773e-08 1.315564e-08 0.000000e+00 0.000000e+00 0.000000e+00 1.606895e-08 
3.292827e-08 7.911472e-10 0.000000e+00 0.000000e+00 0.000000e+00 1.731279e-10 
2.219818e-08 -9.675774e-09 0.000000e+00 0.000000e+00 0.000000e+00 -2.495289e-08 
9.913809e-09 -1.898968e-08 0.000000e+00 0.000000e+00 0.000000e+00 -3.858153e-08 
-2.224683e-09 -2.118103e-08 0.000000e+00 0.000000e+00 0.000000e+00 -4.373958e-08 
-8.152239e-09 -4.192515e-08 0.000000e+00 0.000000e+00 0.000000e+00 -7.962242e-08 
-1.706088e-08 -4.304906e-08 0.000000e+00 0.000000e+00 0.000000e+00 -8.325293e-08 
-2.437155e-08 -4.085009e-08 0.000000e+00 0.000000e+00 0.000000e+00 -7.881160e-08 
-2.940788e-08 -3.899867e-08 0.000000e+00 0.000000e+00 0.000000e+00 -8.363974e-08 
-2.822957e-08 -5.393655e-08 0.000000e+00 0.000000e+00 0.000000e+00 -1.114301e-07 
-3.271670e-08 -4.657086e-08 0.000000e+00 0.000000e+00 0.000000e+00 -9.057328e-08 
-2.935516e-08 -4.070319e-08 0.000000e+00 0.000000e+00 0.000000e+00 -7.973639e-08 
-2.666930e-08 -4.694629e-08 0.000000e+00 0.000000e+00 0.000000e+00 -9.738560e-08 
-2.060557e-08 -4.585183e-08 0.000000e+00 0.000000e+00 0.000000e+00 -9.022900e-08 
-1.427615e-08 -2.926346e-08 0.000000e+00 0.000000e+00 0.000000e+00 -6.238397e-08 
-1.286803e-08 -2.260220e-08 0.000000e+00 0.000000e+00 0.000000e+00 -5.582163e-08 
-6.972778e-09 -1.903824e-08 0.000000e+00 0.000000e+00 0.000000e+00 -3.808986e-08 
-1.815773e-09 -1.483289e-09 0.000000e+00 0.000000e+00 0.000000e+00 -7.868085e-09 
7.185781e-09 -2.824948e-09 0.000000e+00 0.000000e+00 0.000000e+00 -1.204667e-08 
2.742240e-09 -3.494523e-10 0.000000e+00 0.000000e+00 0.000000e+00 -7.983308e-09 
-7.291639e-09 1.852873e-08 0.000000e+00 0.000000e+00 0.000000e+00 7.342593e-08 
-1.474151e-08 -3.292568e-09 0.000000e+00 0.000000e+00 0.000000e+00 -3.341063e-08 
-3.927727e-08 4.084941e-08 0.000000e+00 0.000000e+00 0.000000e+00 1.234589e-07 
-6.991610e-08 5.691172e-08 0.000000e+00 0.000000e+00 0.000000e+00 1.791677e-07 
-9.026561e-08 3.631857e-08 0.000000e+00 0.000000e+00 0.000000e+00 9.367793e-08 
-1.125630e-07 6.720693e-08 0.000000e+00 0.000000e+00 0.000000e+00 2.241790e-07 
-1.346291e-07 5.646831e-08 0.000000e+00 0.000000e+00 0.000000e+00 1.616528e-07 
-1.470685e-07 8.165922e-08 0.000000e+00 0.000000e+00 0.000000e+00 2.489710e-07 
-1.603885e-07 6.589452e-08 0.000000e+00 0.000000e+00 0.000000e+00 2.178842e-07 
-1.618113e-07 7.113749e-08 0.000000e+00 0.000000e+00 0.000000e+00 2.587457e-07 
-1.664213e-07 9.575454e-08 0.000000e+00 0.000000e+00 0.000000e+00 3.213345e-07 
-1.554247e-07 6.106158e-08 0.000000e+00 0.000000e+00 0.000000e+00 1.818012e-07 
-1.426955e-07 8.350378e-08 0.000000e+00 0.000000e+00 0.000000e+00 2.985950e-07 
-1.268078e-07 4.677959e-08 0.000000e+00 0.000000e+00 0.000000e+00 2.212287e-07 
-9.411428e-08 4.912047e-08 0.000000e+00 0.000000e+00 0.000000e+00 1.235158e-07 
-7.228015e-08 4.791786e-08 0.000000e+00 0.000000e+00 0.000000e+00 1.960242e-07 
-4.141624e-08 2.985491e-09 0.000000e+00 0.000000e+00 0.000000e+00 1.154404e-07 
-1.013469e-08 2.087613e-08 0.000000e+00 0.000000e+00 0.000000e+00 -5.437136e-09 
2.791874e-08 -3.882434e-08 0.000000e+00 0.000000e+00 0.000000e+00 -6.273220e-08 
5.850065e-08 4.893251e-09 0.000000e+00 0.000000e+00 0.000000e+00 3.309236e-09 
9.041481e-08 -5.499029e-08 0.000000e+00 0.000000e+00 0.000000e+00 -1.415065e-07 
1.055170e-07 -2.249179e-08 0.000000e+00 0.000000e+00 0.000000e+00 -7.620756e-08 
1.380229e-07 -6.311858e-08 0.000000e+00 0.000000e+00 0.000000e+00 -1.531069e-07 
1.577705e-07 -6.281661e-08 0.000000e+00 0.000000e+00 0.000000e+00 -2.489519e-07 
1.681455e-07 -9.459842e-08 0.000000e+00 0.000000e+00 0.000000e+00 -2.238397e-07 
1.824272e-07 -7.296141e-08 0.000000e+00 0.000000e+00 0.000000e+00 -2.580676e-07 
1.813900e-07 -1.000270e-07 0.000000e+00 0.000000e+00 0.000000e+00 -2.544426e-07 
1.745294e-07 -7.231475e-08 0.000000e+00 0.000000e+00 0.000000e+00 -2.773402e-07 
1.572227e-07 -9.197103e-08 0.000000e+00 0.000000e+00 0.000000e+00 -2.321726e-07 
1.434994e-07 -6.039356e-08 0.000000e+00 0.000000e+00 0.000000e+00 -1.956035e-07 
1.208932e-07 -2.318620e-08 0.000000e+00 0.000000e+00 0.000000e+00 -1.350602e-07 
8.612288e-08 -3.891988e-08 0.000000e+00 0.000000e+00 0.000000e+00 -1.364294e-07 
5.695308e-08 -3.797961e-08 0.000000e+00 0.000000e+00 0.000000e+00 -6.739522e-08 
3.893675e-08 -4.017375e-08 0.000000e+00 0.000000e+00 0.000000e+00 -1.166605e-07 
1.776066e-08 4.186870e-08 0.000000e+00 0.000000e+00 0.000000e+00 6.805780e-08 
1.327883e-08 5.649829e-09 0.000000e+00 0.000000e+00 0.000000e+00 5.190464e-08 
7.467284e-09 1.323694e-08 0.000000e+00 0.000000e+00 0.000000e+00 -2.063503e-08 
-3.690397e-08 5.498562e-09 0.000000e+00 0.000000e+00 0.000000e+00 8.271171e-08 
-9.881532e-08 4.316328e-08 0.000000e+00 0.000000e+00 0.000000e+00 8.322726e-08 
-1.546304e-07 6.143923e-08 0.000000e+00 0.000000e+00 0.000000e+00 1.433901e-07 
-2.204968e-07 9.088391e-08 0.000000e+00 0.000000e+00 0.000000e+00 2.494194e-07 
-2.916134e-07 1.459173e-07 0.000000e+00 0.000000e+00 0.000000e+00 3.378883e-07 
-3.639601e-07 1.342258e-07 0.000000e+00 0.000000e+00 0.000000e+00 4.600076e-07 
-4.028812e-07 1.327939e-07 0.000000e+00 0.000000e+00 0.000000e+00 4.252845e-07 
-4.470186e-07 1.843024e-07 0.000000e+00 0.000000e+00 0.000000e+00 4.953888e-07 
-4.768054e-07 2.218593e-07 0.000000e+00 0.000000e+00 0.000000e+00 5.724767e-07 
-4.870911e-07 2.010764e-07 0.000000e+00 0.000000e+00 0.000000e+00 5.156676e-07 
-4.664241e-07 2.143741e-07 0.000000e+00 0.000000e+00 0.000000e+00 5.961097e-07 
-4.437060e-07 1.669207e-07 0.000000e+00 0.000000e+00 0.000000e+00 4.947931e-07 
-4.114477e-07 1.811240e-07 0.000000e+00 0.000000e+00 0.000000e+00 5.069495e-07 
-3.492588e-07 1.078812e-07 0.000000e+00 0.000000e+00 0.000000e+00 3.404878e-07 
-2.878808e-07 1.146044e-07 0.000000e+00 0.000000e+00 0.000000e+00 3.778191e-07 
-2.269731e-07 4.705121e-08 0.000000e+00 0.000000e+00 0.000000e+00 1.802962e-07 
-1.531905e-07 6.030181e-08 0.000000e+00 0.000000e+00 0.000000e+00 2.394924e-07 
-7.881162e-08 7.076368e-08 0.000000e+00 0.000000e+00 0.000000e+00 1.494445e-07 
4.562807e-09 3.000358e-09 0.000000e+00 0.000000e+00 0.000000e+00 -3.099120e-08 
9.308496e-08 -4.591513e-08 0.000000e+00 0.000000e+00 0.000000e+00 -1.016548e-07 
1.734595e-07 -6.140869e-08 0.000000e+00 0.000000e+00 0.000000e+00 -1.999442e-07 
2.331647e-07 -1.466953e-07 0.000000e+00 0.000000e+00 0.000000e+00 -3.346872e-07 
3.070733e-07 -8.566187e-08 0.000000e+00 0.000000e+00 0.000000e+00 -2.600814e-07 
3.541383e-07 -1.505562e-07 0.000000e+00 0.000000e+00 0.000000e+00 -4.388694e-07 
3.796466e-07 -1.682353e-07 0.000000e+00 0.000000e+00 0.000000e+00 -4.897300e-07 
4.245796e-07 -1.516071e-07 0.000000e+00 0.000000e+00 0.000000e+00 -4.707375e-07 
4.144788e-07 -2.075682e-07 0.000000e+00 0.000000e+00 0.000000e+00 -5.013970e-07 
4.031844e-07 -2.151440e-07 0.000000e+00 0.000000e+00 0.000000e+00 -5.231256e-07 
3.855884e-07 -1.727856e-07 0.000000e+00 0.000000e+00 0.000000e+00 -4.216389e-07 
3.495960e-07 -1.163543e-07 0.000000e+00 0.000000e+00 0.000000e+00 -3.342897e-07 
3.029889e-07 -1.228748e-07 0.000000e+00 0.000000e+00 0.000000e+00 -3.173809e-07 
2.433583e-07 -1.477722e-07 0.000000e+00 0.000000e+00 0.000000e+00 -3.569268e-07 
1.817569e-07 -6.826298e-08 0.000000e+00 0.000000e+00 0.000000e+00 -2.247430e-07 
1.172110e-07 -8.326627e-09 0.000000e+00 0.000000e+00 0.000000e+00 -4.345280e-08 
5.792580e-08 7.254699e-09 0.000000e+00 0.000000e+00 0.000000e+00 -3.349674e-08 
3.297183e-08 -1.573046e-08 0.000000e+00 0.000000e+00 0.000000e+00 -8.333470e-08 
1.713632e-08 -1.983792e-08 0.000000e+00 0.000000e+00 0.000000e+00 2.310084e-09 
-2.720075e-08 1.075540e-08 0.000000e+00 0.000000e+00 0.000000e+00 -1.406663e-08 
-1.095756e-07 1.086790e-07 0.000000e+00 0.000000e+00 0.000000e+00 2.079888e-07 
-2.507905e-07 2.855552e-07 0.000000e+00 0.000000e+00 0.000000e+00 4.806138e-07 
-4.108583e-07 4.751757e-07 0.000000e+00 0.000000e+00 0.000000e+00 9.013234e-07 
-6.009433e-07 6.225891e-07 0.000000e+00 0.000000e+00 0.000000e+00 1.165891e-06 
-7.669857e-07 7.622839e-07 0.000000e+00 0.000000e+00 0.000000e+00 1.434770e-06 
-9.671589e-07 9.927475e-07 0.000000e+00 0.000000e+00 0.000000e+00 1.913397e-06 
-1.122926e-06 1.137439e-06 0.000000e+00 0.000000e+00 0.000000e+00 2.154330e-06 
-1.282019e-06 1.320706e-06 0.000000e+00 0.000000e+00 0.000000e+00 2.483657e-06 
-1.410747e-06 1.375015e-06 0.000000e+00 0.000000e+00 0.000000e+00 2.666653e-06 
-1.522544e-06 1.446948e-06 0.000000e+00 0.000000e+00 0.000000e+00 2.808310e-06 
-1.589499e-06 1.599451e-06 0.000000e+00 0.000000e+00 0.000000e+00 3.096548e-06 
-1.651178e-06 1.602908e-06 0.000000e+00 0.000000e+00 0.000000e+00 3.008519e-06 
-1.640228e-06 1.585355e-06 0.000000e+00 0.000000e+00 0.000000e+00 3.038228e-06 
-1.688201e-06 1.705640e-06 0.000000e+00 0.000000e+00 0.000000e+00 3.264085e-06 
-1.621756e-06 1.576673e-06 0.000000e+00 0.000000e+00 0.000000e+00 3.010107e-06 
-1.556260e-06 1.481778e-06 0.000000e+00 0.000000e+00 0.000000e+00 2.908817e-06 
-1.467577e-06 1.434675e-06 0.000000e+00 0.000000e+00 0.000000e+00 2.807346e-06 
-1.310591e-06 1.186932e-06 0.000000e+00 0.000000e+00 0.000000e+00 2.340539e-06 
-1.206329e-06 1.096463e-06 0.000000e+00 0.000000e+00 0.000000e+00 2.109180e-06 
-1.043228e-06 9.861937e-07 0.000000e+00 0.000000e+00 0.000000e+00 1.970170e-06 
-8.360148e-07 6.424979e-07 0.000000e+00 0.000000e+00 0.000000e+00 1.321559e-06 
-6.465921e-07 4.160577e-07 0.000000e+00 0.000000e+00 0.000000e+00 8.711879e-07 
-4.713816e-07 1.743645e-07 0.000000e+00 0.000000e+00 0.000000e+00 5.034492e-07 
-2.983452e-07 1.431347e-07 0.000000e+00 0.000000e+00 0.000000e+00 3.776298e-07 
-7.834063e-08 -2.028611e-07 0.000000e+00 0.000000e+00 0.000000e+00 -2.629130e-07 
1.060393e-07 -3.847055e-07 0.000000e+00 0.000000e+00 0.000000e+00 -6.514227e-07 
2.800852e-07 -5.318212e-07 0.000000e+00 0.000000e+00 0.000000e+00 -7.874354e-07 
4.677257e-07 -8.115477e-07 0.000000e+00 0.000000e+00 0.000000e+00 -1.378708e-06 
6.019485e-07 -9.767100e-07 0.000000e+00 0.000000e+00 0.000000e+00 -1.653993e-06 
7.594905e-07 -1.038972e-06 0.000000e+00 0.000000e+00 0.000000e+00 -1.844111e-06 
8.748517e-07 -1.243515e-06 0.000000e+00 0.000000e+00 0.000000e+00 -2.170928e-06 
9.377812e-07 -1.331275e-06 0.000000e+00 0.000000e+00 0.000000e+00 -2.318988e-06 
1.044680e-06 -1.526903e-06 0.000000e+00 0.000000e+00 0.000000e+00 -2.685448e-06 
1.062451e-06 -1.538858e-06 0.000000e+00 0.000000e+00 0.000000e+00 -2.661433e-06 
1.064995e-06 -1.495152e-06 0.000000e+00 0.000000e+00 0.000000e+00 -2.670244e-06 
1.076004e-06 -1.447916e-06 0.000000e+00 0.000000e+00 0.000000e+00 -2.600775e-06 
1.041261e-06 -1.528338e-06 0.000000e+00 0.000000e+00 0.000000e+00 -2.751036e-06 
9.667521e-07 -1.257753e-06 0.000000e+00 0.000000e+00 0.000000e+00 -2.205880e-06 
9.158311e-07 -1.320154e-06 0.000000e+00 0.000000e+00 0.000000e+00 -2.328389e-06 
8.073903e-07 -1.204108e-06 0.000000e+00 0.000000e+00 0.000000e+00 -2.113933e-06 
6.704326e-07 -9.652546e-07 0.000000e+00 0.000000e+00 0.000000e+00 -1.693645e-06 
5.713865e-07 -7.981323e-07 0.000000e+00 0.000000e+00 0.000000e+00 -1.366160e-06 
4.302422e-07 -5.310782e-07 0.000000e+00 0.000000e+00 0.000000e+00 -9.081289e-07 
2.884725e-07 -3.519352e-07 0.000000e+00 0.000000e+00 0.000000e+00 -5.524034e-07 
1.814054e-07 -3.010897e-07 0.000000e+00 0.000000e+00 0.000000e+00 -4.991722e-07 
1.107062e-07 -1.952245e-07 0.000000e+00 0.000000e+00 0.000000e+00 -3.186209e-07 
5.858684e-08 -1.627931e-07 0.000000e+00 0.000000e+00 0.000000e+00 -2.892121e-07 
8.043228e-09 -1.142090e-07 0.000000e+00 0.000000e+00 0.000000e+00 -1.598884e-07 
2.743173e-08 1.037950e-07 0.000000e+00 0.000000e+00 0.000000e+00 1.862732e-07 
1.042258e-07 2.270775e-07 0.000000e+00 0.000000e+00 0.000000e+00 2.933997e-07 
1.366157e-07 5.333257e-07 0.000000e+00 0.000000e+00 0.000000e+00 7.301858e-07 
2.440716e-07 8.217381e-07 0.000000e+00 0.000000e+00 0.000000e+00 1.187158e-06 
3.478799e-07 1.090230e-06 0.000000e+00 0.000000e+00 0.000000e+00 1.481413e-06 
4.996553e-07 1.466405e-06 0.000000e+00 0.000000e+00 0.000000e+00 2.047451e-06 
5.580978e-07 1.846816e-06 0.000000e+00 0.000000e+00 0.000000e+00 2.585426e-06 
6.773831e-07 2.158805e-06 0.000000e+00 0.000000e+00 0.000000e+00 3.020992e-06 
7.765964e-07 2.402417e-06 0.000000e+00 0.000000e+00 0.000000e+00 3.326798e-06 
8.709399e-07 2.711704e-06 0.000000e+00 0.000000e+00 0.000000e+00 3.757113e-06 
9.268888e-07 3.004107e-06 0.000000e+00 0.000000e+00 0.000000e+00 4.172187e-06 
1.029408e-06 3.075100e-06 0.000000e+00 0.000000e+00 0.000000e+00 4.215150e-06 
1.078237e-06 3.260725e-06 0.000000e+00 0.000000e+00 0.000000e+00 4.453286e-06 
1.068593e-06 3.450110e-06 0.000000e+00 0.000000e+00 0.000000e+00 4.809753e-06 
1.149374e-06 3.355090e-06 0.000000e+00 0.000000e+00 0.000000e+00 4.582123e-06 
1.091231e-06 3.391844e-06 0.000000e+00 0.000000e+00 0.000000e+00 4.682000e-06 
1.080527e-06 3.366157e-06 0.000000e+00 0.000000e+00 0.000000e+00 4.748257e-06 
9.806392e-07 3.285908e-06 0.000000e+00 0.000000e+00 0.000000e+00 4.528480e-06 
8.869721e-07 3.096672e-06 0.000000e+00 0.000000e+00 0.000000e+00 4.368597e-06 
7.993546e-07 2.943596e-06 0.000000e+00 0.000000e+00 0.000000e+00 4.156800e-06 
6.905411e-07 2.652063e-06 0.000000e+00 0.000000e+00 0.000000e+00 3.828430e-06 
6.002819e-07 2.348538e-06 0.000000e+00 0.000000e+00 0.000000e+00 3.432870e-06 
4.670771e-07 2.028919e-06 0.000000e+00 0.000000e+00 0.000000e+00 2.942299e-06 
2.727625e-07 1.702208e-06 0.000000e+00 0.000000e+00 0.000000e+00 2.529607e-06 
1.224198e-07 1.138305e-06 0.000000e+00 0.000000e+00 0.000000e+00 1.764641e-06 
-4.194017e-08 8.392921e-07 0.000000e+00 0.000000e+00 0.000000e+00 1.365583e-06 
-2.344064e-07 4.069170e-07 0.000000e+00 0.000000e+00 0.000000e+00 7.809135e-07 
-4.351085e-07 1.427439e-07 0.000000e+00 0.000000e+00 0.000000e+00 4.959086e-07 
-6.186168e-07 -4.145827e-07 0.000000e+00 0.000000e+00 0.000000e+00 -3.858290e-07 
-7.370886e-07 -6.557474e-07 0.000000e+00 0.000000e+00 0.000000e+00 -6.212028e-07 
-9.517571e-07 -1.135588e-06 0.000000e+00 0.000000e+00 0.000000e+00 -1.255910e-06 
-1.114890e-06 -1.335086e-06 0.000000e+00 0.000000e+00 0.000000e+00 -1.448536e-06 
-1.237365e-06 -1.670008e-06 0.000000e+00 0.000000e+00 0.000000e+00 -1.962886e-06 
-1.377418e-06 -2.005965e-06 0.000000e+00 0.000000e+00 0.000000e+00 -2.425953e-06 
-1.477030e-06 -2.155201e-06 0.000000e+00 0.000000e+00 0.000000e+00 -2.592201e-06 
-1.588014e-06 -2.355992e-06 0.000000e+00 0.000000e+00 0.000000e+00 -2.930326e-06 
-1.587134e-06 -2.504931e-06 0.000000e+00 0.000000e+00 0.000000e+00 -3.081765e-06 
-1.653525e-06 -2.440494e-06 0.000000e+00 0.000000e+00 0.000000e+00 -2.927400e-06 
-1.674647e-06 -2.494184e-06 0.000000e+00 0.000000e+00 0.000000e+00 -3.026187e-06 
-1.651474e-06 -2.482147e-06 0.000000e+00 0.000000e+00 0.000000e+00 -3.099401e-06 
-1.607517e-06 -2.447493e-06 0.000000e+00 0.000000e+00 0.000000e+00 -3.009357e-06 
-1.523620e-06 -2.300914e-06 0.000000e+00 0.000000e+00 0.000000e+00 -2.862712e-06 
-1.421993e-06 -2.239140e-06 0.000000e+00 0.000000e+00 0.000000e+00 -2.856568e-06 
-1.289022e-06 -2.085897e-06 0.000000e+00 0.000000e+00 0.000000e+00 -2.641370e-06 
-1.143071e-06 -1.839565e-06 0.000000e+00 0.000000e+00 0.000000e+00 -2.326993e-06 
-1.011140e-06 -1.390150e-06 0.000000e+00 0.000000e+00 0.000000e+00 -1.659183e-06 
-8.312905e-07 -1.286707e-06 0.000000e+00 0.000000e+00 0.000000e+00 -1.707754e-06 
-6.255921e-07 -8.724789e-07 0.000000e+00 0.000000e+00 0.000000e+00 -1.088978e-06 
-4.364569e-07 -7.216059e-07 0.000000e+00 0.000000e+00 0.000000e+00 -8.636026e-07 
-3.499810e-07 -3.552249e-07 0.000000e+00 0.000000e+00 0.000000e+00 -4.004965e-07 
-2.043773e-07 -1.741625e-07 0.000000e+00 0.000000e+00 0.000000e+00 -1.879910e-07 
-1.177265e-07 -1.495002e-07 0.000000e+00 0.000000e+00 0.000000e+00 -2.101580e-07 
-7.459705e-08 -1.355628e-07 0.000000e+00 0.000000e+00 0.000000e+00 -1.672176e-07 
3.451872e-09 1.924009e-08 0.000000e+00 0.000000e+00 0.000000e+00 1.246159e-07 
1.903237e-07 -7.976575e-08 0.000000e+00 0.000000e+00 0.000000e+00 -1.299321e-07 
4.035187e-07 2.545298e-08 0.000000e+00 0.000000e+00 0.000000e+00 -3.154541e-08 
8.947058e-07 -1.898222e-07 0.000000e+00 0.000000e+00 0.000000e+00 -4.602166e-07 
1.145368e-06 -3.497117e-08 0.000000e+00 0.000000e+00 0.000000e+00 -2.097821e-07 
1.593452e-06 -4.903370e-08 0.000000e+00 0.000000e+00 0.000000e+00 -3.286603e-07 
2.014650e-06 -7.171735e-08 0.000000e+00 0.000000e+00 0.000000e+00 -4.184752e-07 
2.417407e-06 -1.059776e-07 0.000000e+00 0.000000e+00 0.000000e+00 -5.636392e-07 
2.653640e-06 -5.112670e-09 0.000000e+00 0.000000e+00 0.000000e+00 -4.145018e-07 
3.042007e-06 -9.782858e-08 0.000000e+00 0.000000e+00 0.000000e+00 -6.179185e-07 
3.293563e-06 -9.379753e-08 0.000000e+00 0.000000e+00 0.000000e+00 -6.816553e-07 
3.469542e-06 2.924296e-08 0.000000e+00 0.000000e+00 0.000000e+00 -4.543178e-07 
3.615387e-06 -8.201978e-08 0.000000e+00 0.000000e+00 0.000000e+00 -6.731927e-07 
3.762155e-06 5.033857e-08 0.000000e+00 0.000000e+00 0.000000e+00 -4.618151e-07 
3.842920e-06 -1.042399e-07 0.000000e+00 0.000000e+00 0.000000e+00 -7.065372e-07 
3.740729e-06 -1.833658e-07 0.000000e+00 0.000000e+00 0.000000e+00 -8.097436e-07 
3.574007e-06 -2.099673e-09 0.000000e+00 0.000000e+00 0.000000e+00 -5.176976e-07 
3.420051e-06 -4.802933e-08 0.000000e+00 0.000000e+00 0.000000e+00 -4.980640e-07 
3.274613e-06 -1.476577e-07 0.000000e+00 0.000000e+00 0.000000e+00 -6.238324e-07 
2.995547e-06 6.156307e-09 0.000000e+00 0.000000e+00 0.000000e+00 -4.019219e-07 
2.489883e-06 7.442374e-08 0.000000e+00 0.000000e+00 0.000000e+00 -1.935449e-07 
2.218681e-06 -9.268686e-09 0.000000e+00 0.000000e+00 0.000000e+00 -2.678240e-07 
1.845161e-06 -4.701273e-09 0.000000e+00 0.000000e+00 0.000000e+00 -2.040022e-07 
1.362757e-06 1.020047e-07 0.000000e+00 0.000000e+00 0.000000e+00 9.153457e-08 
9.380366e-07 2.196461e-07 0.000000e+00 0.000000e+00 0.000000e+00 3.309015e-07 
4.329928e-07 9.173803e-08 0.000000e+00 0.000000e+00 0.000000e+00 1.376136e-07 
-5.075423e-08 2.883697e-07 0.000000e+00 0.000000e+00 0.000000e+00 4.966602e-07 
-4.964161e-07 1.894672e-07 0.000000e+00 0.000000e+00 0.000000e+00 4.503802e-07 
-8.815078e-07 2.624037e-07 0.000000e+00 0.000000e+00 0.000000e+00 6.037314e-07 
-1.437345e-06 4.997480e-07 0.000000e+00 0.000000e+00 0.000000e+00 1.097470e-06 
-1.817992e-06 4.930809e-07 0.000000e+00 0.000000e+00 0.000000e+00 1.130162e-06 
-2.226055e-06 5.502466e-07 0.000000e+00 0.000000e+00 0.000000e+00 1.247069e-06 
-2.522536e-06 5.810410e-07 0.000000e+00 0.000000e+00 0.000000e+00 1.375486e-06 
-2.770453e-06 6.843808e-07 0.000000e+00 0.000000e+00 0.000000e+00 1.579702e-06 
-2.978349e-06 6.003784e-07 0.000000e+00 0.000000e+00 0.000000e+00 1.391856e-06 
-3.096400e-06 7.603919e-07 0.000000e+00 0.000000e+00 0.000000e+00 1.765971e-06 
-3.163619e-06 6.435194e-07 0.000000e+00 0.000000e+00 0.000000e+00 1.463231e-06 
-3.121697e-06 6.150492e-07 0.000000e+00 0.000000e+00 0.000000e+00 1.387670e-06 
-3.090706e-06 6.053308e-07 0.000000e+00 0.000000e+00 0.000000e+00 1.429540e-06 
-3.020264e-06 7.148548e-07 0.000000e+00 0.000000e+00 0.000000e+00 1.673305e-06 
-2.827041e-06 5.762146e-07 0.000000e+00 0.000000e+00 0.000000e+00 1.266638e-06 
-2.628348e-06 5.998303e-07 0.000000e+00 0.000000e+00 0.000000e+00 1.363388e-06 
-2.357860e-06 5.515685e-07 0.000000e+00 0.000000e+00 0.000000e+00 1.299138e-06 
-2.085825e-06 5.448903e-07 0.000000e+00 0.000000e+00 0.000000e+00 1.205447e-06 
-1.616991e-06 2.845227e-07 0.000000e+00 0.000000e+00 0.000000e+00 6.525733e-07 
-1.375228e-06 3.428463e-07 0.000000e+00 0.000000e+00 0.000000e+00 7.170842e-07 
-9.518661e-07 7.746751e-08 0.000000e+00 0.000000e+00 0.000000e+00 2.322761e-07 
-6.162302e-07 2.451697e-08 0.000000e+00 0.000000e+00 0.000000e+00 1.702515e-07 
-4.141460e-07 1.252352e-07 0.000000e+00 0.000000e+00 0.000000e+00 2.877002e-07 
-2.633994e-07 2.090722e-07 0.000000e+00 0.000000e+00 0.000000e+00 4.188637e-07 
-1.630846e-07 1.050846e-07 0.000000e+00 0.000000e+00 0.000000e+00 2.052050e-07 
-9.077423e-08 4.500987e-08 0.000000e+00 0.000000e+00 0.000000e+00 1.242995e-07 
-6.290576e-08 -7.587829e-08 0.000000e+00 0.000000e+00 0.000000e+00 3.547238e-08 
9.789594e-08 -4.030897e-07 0.000000e+00 0.000000e+00 0.000000e+00 -4.941811e-07 
3.080489e-07 -8.714489e-07 0.000000e+00 0.000000e+00 0.000000e+00 -1.227737e-06 
5.553387e-07 -1.204274e-06 0.000000e+00 0.000000e+00 0.000000e+00 -1.764739e-06 
6.673299e-07 -1.571535e-06 0.000000e+00 0.000000e+00 0.000000e+00 -2.228866e-06 
8.456121e-07 -1.855933e-06 0.000000e+00 0.000000e+00 0.000000e+00 -2.585403e-06 
1.057161e-06 -2.491146e-06 0.000000e+00 0.000000e+00 0.000000e+00 -3.521267e-06 
1.212978e-06 -2.757944e-06 0.000000e+00 0.000000e+00 0.000000e+00 -3.865821e-06 
1.433071e-06 -3.165703e-06 0.000000e+00 0.000000e+00 0.000000e+00 -4.537197e-06 
1.491289e-06 -3.293518e-06 0.000000e+00 0.000000e+00 0.000000e+00 -4.601357e-06 
1.674708e-06 -3.649304e-06 0.000000e+00 0.000000e+00 0.000000e+00 -5.122026e-06 
1.743611e-06 -3.815390e-06 0.000000e+00 0.000000e+00 0.000000e+00 -5.417707e-06 
1.725760e-06 -3.880042e-06 0.000000e+00 0.000000e+00 0.000000e+00 -5.381176e-06 
1.722376e-06 -3.978658e-06 0.000000e+00 0.000000e+00 0.000000e+00 -5.552617e-06 
1.714329e-06 -3.877294e-06 0.000000e+00 0.000000e+00 0.000000e+00 -5.437095e-06 
1.759353e-06 -3.923941e-06 0.000000e+00 0.000000e+00 0.000000e+00 -5.562516e-06 
1.625374e-06 -3.550663e-06 0.000000e+00 0.000000e+00 0.000000e+00 -4.976417e-06 
1.576718e-06 -3.436464e-06 0.000000e+00 0.000000e+00 0.000000e+00 -4.854936e-06 
1.482698e-06 -3.225434e-06 0.000000e+00 0.000000e+00 0.000000e+00 -4.603272e-06 
1.379941e-06 -2.864874e-06 0.000000e+00 0.000000e+00 0.000000e+00 -4.046350e-06 
1.215536e-06 -2.479271e-06 0.000000e+00 0.000000e+00 0.000000e+00 -3.463180e-06 
1.017162e-06 -1.945592e-06 0.000000e+00 0.000000e+00 0.000000e+00 -2.804834e-06 
8.652467e-07 -1.448041e-06 0.000000e+00 0.000000e+00 0.000000e+00 -2.024471e-06 
6.286552e-07 -9.145963e-07 0.000000e+00 0.000000e+00 0.000000e+00 -1.256886e-06 
4.946883e-07 -5.976438e-07 0.000000e+00 0.000000e+00 0.000000e+00 -9.138569e-07 
3.576825e-07 -1.166023e-07 0.000000e+00 0.000000e+00 0.000000e+00 -2.108482e-07 
1.382223e-07 3.071482e-07 0.000000e+00 0.000000e+00 0.000000e+00 3.661780e-07 
1.558778e-08 8.774520e-07 0.000000e+00 0.000000e+00 0.000000e+00 1.186283e-06 
-1.725348e-07 1.184092e-06 0.000000e+00 0.000000e+00 0.000000e+00 1.606464e-06 
-2.883419e-07 1.589591e-06 0.000000e+00 0.000000e+00 0.000000e+00 2.183056e-06 
-4.605657e-07 2.172645e-06 0.000000e+00 0.000000e+00 0.000000e+00 3.020475e-06 
-5.444060e-07 2.458895e-06 0.000000e+00 0.000000e+00 0.000000e+00 3.406751e-06 
-7.000756e-07 2.858726e-06 0.000000e+00 0.000000e+00 0.000000e+00 4.039663e-06 
-7.558937e-07 2.994851e-06 0.000000e+00 0.000000e+00 0.000000e+00 4.233850e-06 
-8.276435e-07 3.249465e-06 0.000000e+00 0.000000e+00 0.000000e+00 4.561407e-06 
-9.015187e-07 3.273130e-06 0.000000e+00 0.000000e+00 0.000000e+00 4.539298e-06 
-8.229348e-07 3.398717e-06 0.000000e+00 0.000000e+00 0.000000e+00 4.783644e-06 
-8.211883e-07 3.170777e-06 0.000000e+00 0.000000e+00 0.000000e+00 4.370446e-06 
-8.804549e-07 3.313825e-06 0.000000e+00 0.000000e+00 0.000000e+00 4.620641e-06 
-8.338535e-07 3.107727e-06 0.000000e+00 0.000000e+00 0.000000e+00 4.408113e-06 
-6.638542e-07 2.707801e-06 0.000000e+00 0.000000e+00 0.000000e+00 3.768982e-06 
-6.433431e-07 2.717836e-06 0.000000e+00 0.000000e+00 0.000000e+00 3.846765e-06 
-5.750560e-07 2.199558e-06 0.000000e+00 0.000000e+00 0.000000e+00 3.055714e-06 
-4.898632e-07 1.831721e-06 0.000000e+00 0.000000e+00 0.000000e+00 2.595456e-06 
-3.239443e-07 1.515958e-06 0.000000e+00 0.000000e+00 0.000000e+00 2.118317e-06 
-3.074287e-07 1.130651e-06 0.000000e+00 0.000000e+00 0.000000e+00 1.591662e-06 
-1.653481e-07 8.039859e-07 0.000000e+00 0.000000e+00 0.000000e+00 1.168760e-06 
-1.154708e-07 5.510773e-07 0.000000e+00 0.000000e+00 0.000000e+00 8.305947e-07 
-4.071154e-08 1.426300e-07 0.000000e+00 0.000000e+00 0.000000e+00 1.893764e-07 
-6.335596e-11 9.823617e-08 0.000000e+00 0.000000e+00 0.000000e+00 1.844406e-07 
-2.953422e-08 8.854874e-08 0.000000e+00 0.000000e+00 0.000000e+00 1.465046e-07 
-6.886493e-08 -3.599581e-08 0.000000e+00 0.000000e+00 0.000000e+00 -1.752381e-08 
-2.001726e-07 -2.796186e-07 0.000000e+00 0.000000e+00 0.000000e+00 -4.301923e-07 
-3.648067e-07 -2.577818e-07 0.000000e+00 0.000000e+00 0.000000e+00 -2.444327e-07 
-5.697299e-07 -6.040332e-07 0.000000e+00 0.000000e+00 0.000000e+00 -7.415258e-07 
-7.560849e-07 -7.915370e-07 0.000000e+00 0.000000e+00 0.000000e+00 -1.016794e-06 
-9.684399e-07 -1.155164e-06 0.000000e+00 0.000000e+00 0.000000e+00 -1.488709e-06 
-1.199200e-06 -1.364421e-06 0.000000e+00 0.000000e+00 0.000000e+00 -1.762511e-06 
-1.279507e-06 -1.688727e-06 0.000000e+00 0.000000e+00 0.000000e+00 -2.269683e-06 
-1.494746e-06 -1.930094e-06 0.000000e+00 0.000000e+00 0.000000e+00 -2.508849e-06 
-1.568522e-06 -2.093374e-06 0.000000e+00 0.000000e+00 0.000000e+00 -2.756095e-06 
-1.712379e-06 -2.368676e-06 0.000000e+00 0.000000e+00 0.000000e+00 -3.147629e-06 
-1.848879e-06 -2.459805e-06 0.000000e+00 0.000000e+00 0.000000e+00 -3.305363e-06 
-1.836236e-06 -2.284167e-06 0.000000e+00 0.000000e+00 0.000000e+00 -3.003908e-06 
-1.889055e-06 -2.412197e-06 0.000000e+00 0.000000e+00 0.000000e+00 -3.206539e-06 
-1.796717e-06 -2.544894e-06 0.000000e+00 0.000000e+00 0.000000e+00 -3.446590e-06 
-1.731633e-06 -2.403915e-06 0.000000e+00 0.000000e+00 0.000000e+00 -3.177337e-06 
-1.743159e-06 -2.285455e-06 0.000000e+00 0.000000e+00 0.000000e+00 -3.000028e-06 
-1.556101e-06 -1.965173e-06 0.000000e+00 0.000000e+00 0.000000e+00 -2.594687e-06 
-1.480232e-06 -1.916106e-06 0.000000e+00 0.000000e+00 0.000000e+00 -2.529346e-06 
-1.259841e-06 -1.686723e-06 0.000000e+00 0.000000e+00 0.000000e+00 -2.174460e-06 
-1.042180e-06 -1.600832e-06 0.000000e+00 0.000000e+00 0.000000e+00 -2.181003e-06 
-8.144365e-07 -1.137151e-06 0.000000e+00 0.000000e+00 0.000000e+00 -1.437975e-06 
-6.318106e-07 -7.914508e-07 0.000000e+00 0.000000e+00 0.000000e+00 -9.583540e-07 
-3.254967e-07 -5.790243e-07 0.000000e+00 0.000000e+00 0.000000e+00 -6.570048e-07 
-2.390329e-08 -3.250708e-07 0.000000e+00 0.000000e+00 0.000000e+00 -3.580543e-07 
1.923864e-07 -1.640529e-07 0.000000e+00 0.000000e+00 0.000000e+00 -1.390188e-07 
4.133766e-07 2.597242e-07 0.000000e+00 0.000000e+00 0.000000e+00 3.895828e-07 
6.556338e-07 2.752715e-07 0.000000e+00 0.000000e+00 0.000000e+00 4.294864e-07 
8.637617e-07 7.101094e-07 0.000000e+00 0.000000e+00 0.000000e+00 1.081789e-06 
1.019492e-06 8.803123e-07 0.000000e+00 0.000000e+00 0.000000e+00 1.226132e-06 
1.226419e-06 1.181979e-06 0.000000e+00 0.000000e+00 0.000000e+00 1.614066e-06 
1.395088e-06 1.406771e-06 0.000000e+00 0.000000e+00 0.000000e+00 1.958248e-06 
1.525962e-06 1.406672e-06 0.000000e+00 0.000000e+00 0.000000e+00 1.979908e-06 
1.656967e-06 1.462567e-06 0.000000e+00 0.000000e+00 0.000000e+00 1.936450e-06 
1.650677e-06 1.523232e-06 0.000000e+00 0.000000e+00 0.000000e+00 2.056980e-06 
1.721672e-06 1.737282e-06 0.000000e+00 0.000000e+00 0.000000e+00 2.373587e-06 
1.699152e-06 1.540585e-06 0.000000e+00 0.000000e+00 0.000000e+00 2.133853e-06 
1.652034e-06 1.507440e-06 0.000000e+00 0.000000e+00 0.000000e+00 2.053423e-06 
1.538298e-06 1.430713e-06 0.000000e+00 0.000000e+00 0.000000e+00 1.957162e-06 
1.475356e-06 1.362984e-06 0.000000e+00 0.000000e+00 0.000000e+00 1.874473e-06 
1.334172e-06 1.207313e-06 0.000000e+00 0.000000e+00 0.000000e+00 1.675822e-06 
1.170949e-06 1.095483e-06 0.000000e+00 0.000000e+00 0.000000e+00 1.553558e-06 
1.020430e-06 8.223141e-07 0.000000e+00 0.000000e+00 0.000000e+00 1.170684e-06 
7.897455e-07 7.105496e-07 0.000000e+00 0.000000e+00 0.000000e+00 9.706415e-07 
5.697556e-07 5.277422e-07 0.000000e+00 0.000000e+00 0.000000e+00 7.289018e-07 
4.337963e-07 3.137539e-07 0.000000e+00 0.000000e+00 0.000000e+00 4.300300e-07 
2.524548e-07 3.280656e-07 0.000000e+00 0.000000e+00 0.000000e+00 5.259896e-07 
9.029990e-08 1.549445e-07 0.000000e+00 0.000000e+00 0.000000e+00 2.916530e-07 
4.866153e-08 -1.146467e-07 0.000000e+00 0.000000e+00 0.000000e+00 -1.437833e-07 
1.183840e-08 1.024320e-07 0.000000e+00 0.000000e+00 0.000000e+00 1.715775e-07 
-1.127518e-07 5.516808e-08 0.000000e+00 0.000000e+00 0.000000e+00 1.056198e-07 
-2.347494e-07 -2.403299e-08 0.000000e+00 0.000000e+00 0.000000e+00 -8.061899e-08 
-4.134261e-07 2.346312e-07 0.000000e+00 0.000000e+00 0.000000e+00 2.602145e-07 
-6.338501e-07 2.504323e-07 0.000000e+00 0.000000e+00 0.000000e+00 3.369904e-07 
-9.041258e-07 3.262160e-07 0.000000e+00 0.000000e+00 0.000000e+00 3.772306e-07 
-1.107294e-06 4.086863e-07 0.000000e+00 0.000000e+00 0.000000e+00 5.211571e-07 
-1.430485e-06 6.447691e-07 0.000000e+00 0.000000e+00 0.000000e+00 7.447102e-07 
-1.625051e-06 7.240155e-07 0.000000e+00 0.000000e+00 0.000000e+00 8.947722e-07 
-1.873986e-06 7.765630e-07 0.000000e+00 0.000000e+00 0.000000e+00 9.308768e-07 
-2.016902e-06 8.766680e-07 0.000000e+00 0.000000e+00 0.000000e+00 1.050160e-06 
-2.187207e-06 8.831538e-07 0.000000e+00 0.000000e+00 0.000000e+00 1.055439e-06 
-2.257117e-06 9.086202e-07 0.000000e+00 0.000000e+00 0.000000e+00 1.113512e-06 
-2.350290e-06 9.577320e-07 0.000000e+00 0.000000e+00 0.000000e+00 1.120280e-06 
-2.413497e-06 8.132025e-07 0.000000e+00 0.000000e+00 0.000000e+00 9.537284e-07 
-2.436210e-06 7.627954e-07 0.000000e+00 0.000000e+00 0.000000e+00 7.867013e-07 
-2.336220e-06 8.499143e-07 0.000000e+00 0.000000e+00 0.000000e+00 1.008371e-06 
-2.241784e-06 7.865846e-07 0.000000e+00 0.000000e+00 0.000000e+00 9.177399e-07 
-2.127107e-06 8.604090e-07 0.000000e+00 0.000000e+00 0.000000e+00 1.061282e-06 
-1.957778e-06 7.469339e-07 0.000000e+00 0.000000e+00 0.000000e+00 9.213433e-07 
-1.794733e-06 6.842139e-07 0.000000e+00 0.000000e+00 0.000000e+00 8.177856e-07 
-1.601557e-06 5.509570e-07 0.000000e+00 0.000000e+00 0.000000e+00 6.357249e-07 
-1.395389e-06 2.912728e-07 0.000000e+00 0.000000e+00 0.000000e+00 2.955341e-07 
-1.126490e-06 3.232567e-07 0.000000e+00 0.000000e+00 0.000000e+00 4.201602e-07 
-8.483105e-07 1.622666e-07 0.000000e+00 0.000000e+00 0.000000e+00 2.320699e-07 
-6.386209e-07 -5.590225e-08 0.000000e+00 0.000000e+00 0.000000e+00 -5.166433e-08 
-2.817077e-07 -1.379793e-07 0.000000e+00 0.000000e+00 0.000000e+00 -1.329241e-07 
-8.128139e-08 -1.342922e-07 0.000000e+00 0.000000e+00 0.000000e+00 -9.739065e-08 
1.977260e-07 -3.799194e-07 0.000000e+00 0.000000e+00 0.000000e+00 -3.752465e-07 
4.670394e-07 -5.191700e-07 0.000000e+00 0.000000e+00 0.000000e+00 -4.452381e-07 
6.758059e-07 -6.534389e-07 0.000000e+00 0.000000e+00 0.000000e+00 -6.932434e-07 
9.028401e-07 -6.531171e-07 0.000000e+00 0.000000e+00 0.000000e+00 -6.405668e-07 
1.107645e-06 -8.277344e-07 0.000000e+00 0.000000e+00 0.000000e+00 -9.167543e-07 
1.241209e-06 -8.228637e-07 0.000000e+00 0.000000e+00 0.000000e+00 -8.640595e-07 
1.369651e-06 -9.222532e-07 0.000000e+00 0.000000e+00 0.000000e+00 -9.813505e-07 
1.548683e-06 -9.281712e-07 0.000000e+00 0.000000e+00 0.000000e+00 -9.647299e-07 
1.562063e-06 -1.126798e-06 0.000000e+00 0.000000e+00 0.000000e+00 -1.269629e-06 
1.558146e-06 -9.984406e-07 0.000000e+00 0.000000e+00 0.000000e+00 -1.113403e-06 
1.648953e-06 -9.286433e-07 0.000000e+00 0.000000e+00 0.000000e+00 -8.972060e-07 
1.536749e-06 -1.098973e-06 0.000000e+00 0.000000e+00 0.000000e+00 -1.255483e-06 
1.458142e-06 -1.097558e-06 0.000000e+00 0.000000e+00 0.000000e+00 -1.211442e-06 
1.387639e-06 -9.323969e-07 0.000000e+00 0.000000e+00 0.000000e+00 -1.075237e-06 
1.307918e-06 -8.415505e-07 0.000000e+00 0.000000e+00 0.000000e+00 -8.936609e-07 
1.114492e-06 -7.063703e-07 0.000000e+00 0.000000e+00 0.000000e+00 -6.767419e-07 
9.814336e-07 -6.378795e-07 0.000000e+00 0.000000e+00 0.000000e+00 -6.639797e-07 
8.022130e-07 -5.510885e-07 0.000000e+00 0.000000e+00 0.000000e+00 -5.842087e-07 
6.078958e-07 -4.551491e-07 0.000000e+00 0.000000e+00 0.000000e+00 -4.844369e-07 
4.741647e-07 -2.626135e-07 0.000000e+00 0.000000e+00 0.000000e+00 -1.738849e-07 
2.798273e-07 -2.033345e-07 0.000000e+00 0.000000e+00 0.000000e+00 -1.892344e-07 
1.597936e-07 -2.120722e-07 0.000000e+00 0.000000e+00 0.000000e+00 -1.856689e-07 
4.555625e-08 -4.826704e-08 0.000000e+00 0.000000e+00 0.000000e+00 -1.897575e-08 
1.587662e-08 -7.633683e-08 0.000000e+00 0.000000e+00 0.000000e+00 -1.218944e-07 
6.487278e-10 -7.151691e-08 0.000000e+00 0.000000e+00 0.000000e+00 -1.366320e-07 
-1.567487e-08 1.689674e-07 0.000000e+00 0.000000e+00 0.000000e+00 3.202832e-07 
-4.737872e-08 3.260578e-07 0.000000e+00 0.000000e+00 0.000000e+00 4.364916e-07 
-6.960799e-08 6.250960e-07 0.000000e+00 0.000000e+00 0.000000e+00 7.956445e-07 
-1.390061e-07 1.018361e-06 0.000000e+00 0.000000e+00 0.000000e+00 1.311767e-06 
-2.152721e-07 1.243494e-06 0.000000e+00 0.000000e+00 0.000000e+00 1.541575e-06 
-2.706776e-07 1.687818e-06 0.000000e+00 0.000000e+00 0.000000e+00 2.104725e-06 
-2.688817e-07 2.156659e-06 0.000000e+00 0.000000e+00 0.000000e+00 2.669020e-06 
-3.781011e-07 2.367165e-06 0.000000e+00 0.000000e+00 0.000000e+00 2.889155e-06 
-4.002957e-07 2.700766e-06 0.000000e+00 0.000000e+00 0.000000e+00 3.322895e-06 
-4.543766e-07 3.097740e-06 0.000000e+00 0.000000e+00 0.000000e+00 3.852897e-06 
-5.216237e-07 3.249252e-06 0.000000e+00 0.000000e+00 0.000000e+00 3.914172e-06 
-5.491947e-07 3.488963e-06 0.000000e+00 0.000000e+00 0.000000e+00 4.185843e-06 
-5.620803e-07 3.718898e-06 0.000000e+00 0.000000e+00 0.000000e+00 4.535807e-06 
-5.635598e-07 3.838258e-06 0.000000e+00 0.000000e+00 0.000000e+00 4.724985e-06 
-6.263633e-07 4.012805e-06 0.000000e+00 0.000000e+00 0.000000e+00 4.879640e-06 
-6.380511e-07 4.049123e-06 0.000000e+00 0.000000e+00 0.000000e+00 4.995517e-06 
-6.441423e-07 4.016712e-06 0.000000e+00 0.000000e+00 0.000000e+00 4.899519e-06 
-6.040027e-07 3.890742e-06 0.000000e+00 0.000000e+00 0.000000e+00 4.741096e-06 
-6.195258e-07 3.829929e-06 0.000000e+00 0.000000e+00 0.000000e+00 4.662058e-06 
-6.012138e-07 3.673571e-06 0.000000e+00 0.000000e+00 0.000000e+00 4.502960e-06 
-5.607355e-07 3.430282e-06 0.000000e+00 0.000000e+00 0.000000e+00 4.205687e-06 
-5.334925e-07 3.248617e-06 0.000000e+00 0.000000e+00 0.000000e+00 4.046948e-06 
-5.233351e-07 3.025672e-06 0.000000e+00 0.000000e+00 0.000000e+00 3.758812e-06 
-5.178209e-07 2.696014e-06 0.000000e+00 0.000000e+00 0.000000e+00 3.336901e-06 
-4.661284e-07 2.355951e-06 0.000000e+00 0.000000e+00 0.000000e+00 2.987057e-06 
-4.422632e-07 1.956538e-06 0.000000e+00 0.000000e+00 0.000000e+00 2.451430e-06 
-3.856587e-07 1.617307e-06 0.000000e+00 0.000000e+00 0.000000e+00 2.035442e-06 
-3.404165e-07 1.219893e-06 0.000000e+00 0.000000e+00 0.000000e+00 1.617433e-06 
-2.872227e-07 9.266388e-07 0.000000e+00 0.000000e+00 0.000000e+00 1.275126e-06 
-2.567510e-07 4.900395e-07 0.000000e+00 0.000000e+00 0.000000e+00 7.272091e-07 
-2.247079e-07 2.502768e-08 0.000000e+00 0.000000e+00 0.000000e+00 1.377772e-07 
-2.074443e-07 -3.483769e-07 0.000000e+00 0.000000e+00 0.000000e+00 -3.079971e-07 
-1.620189e-07 -7.088667e-07 0.000000e+00 0.000000e+00 0.000000e+00 -6.709759e-07 
-1.210625e-07 -1.038633e-06 0.000000e+00 0.000000e+00 0.000000e+00 -1.098550e-06 
-6.698775e-08 -1.345196e-06 0.000000e+00 0.000000e+00 0.000000e+00 -1.394348e-06 
-6.724496e-08 -1.718776e-06 0.000000e+00 0.000000e+00 0.000000e+00 -1.917160e-06 
-1.329636e-08 -1.995453e-06 0.000000e+00 0.000000e+00 0.000000e+00 -2.233275e-06 
-5.055678e-08 -2.203014e-06 0.000000e+00 0.000000e+00 0.000000e+00 -2.435020e-06 
-1.589466e-08 -2.385615e-06 0.000000e+00 0.000000e+00 0.000000e+00 -2.700311e-06 
-1.294968e-09 -2.587202e-06 0.000000e+00 0.000000e+00 0.000000e+00 -2.934497e-06 
2.611635e-08 -2.736798e-06 0.000000e+00 0.000000e+00 0.000000e+00 -3.157228e-06 
1.309848e-08 -2.755929e-06 0.000000e+00 0.000000e+00 0.000000e+00 -3.091629e-06 
3.515447e-08 -2.816674e-06 0.000000e+00 0.000000e+00 0.000000e+00 -3.185571e-06 
5.173890e-08 -2.797679e-06 0.000000e+00 0.000000e+00 0.000000e+00 -3.165317e-06 
2.901324e-08 -2.733219e-06 0.000000e+00 0.000000e+00 0.000000e+00 -3.099553e-06 
3.585994e-08 -2.672732e-06 0.000000e+00 0.000000e+00 0.000000e+00 -3.071539e-06 
1.137717e-08 -2.507754e-06 0.000000e+00 0.000000e+00 0.000000e+00 -2.880705e-06 
2.419553e-08 -2.357030e-06 0.000000e+00 0.000000e+00 0.000000e+00 -2.649648e-06 
7.148002e-09 -2.169906e-06 0.000000e+00 0.000000e+00 0.000000e+00 -2.456356e-06 
2.650326e-10 -1.931170e-06 0.000000e+00 0.000000e+00 0.000000e+00 -2.210861e-06 
-1.938031e-08 -1.659869e-06 0.000000e+00 0.000000e+00 0.000000e+00 -1.911280e-06 
-1.676511e-08 -1.432224e-06 0.000000e+00 0.000000e+00 0.000000e+00 -1.608790e-06 
-3.018944e-08 -1.146150e-06 0.000000e+00 0.000000e+00 0.000000e+00 -1.269586e-06 
-7.252084e-08 -8.742015e-07 0.000000e+00 0.000000e+00 0.000000e+00 -9.594830e-07 
-5.644625e-08 -6.356697e-07 0.000000e+00 0.000000e+00 0.000000e+00 -6.521155e-07 
-7.538996e-08 -3.962901e-07 0.000000e+00 0.000000e+00 0.000000e+00 -3.914426e-07 
-6.302661e-08 -2.295422e-07 0.000000e+00 0.000000e+00 0.000000e+00 -2.134230e-07 
-1.080527e-07 -8.998737e-08 0.000000e+00 0.000000e+00 0.000000e+00 -4.526002e-08 
-6.108203e-08 -2.152781e-08 0.000000e+00 0.000000e+00 0.000000e+00 5.537308e-08 
-9.882369e-08 -5.246807e-08 0.000000e+00 0.000000e+00 0.000000e+00 4.499324e-09 
-9.336368e-08 -2.507281e-08 0.000000e+00 0.000000e+00 0.000000e+00 3.699322e-08 
-7.658105e-08 -6.619559e-08 0.000000e+00 0.000000e+00 0.000000e+00 -6.727046e-08 
-1.130732e-07 -5.444922e-08 0.000000e+00 0.000000e+00 0.000000e+00 -7.519549e-08 
-1.185873e-07 -7.663878e-08 0.000000e+00 0.000000e+00 0.000000e+00 -1.515797e-07 
-7.986258e-08 -7.323725e-08 0.000000e+00 0.000000e+00 0.000000e+00 -1.842681e-07 
-8.376187e-08 -4.631124e-08 0.000000e+00 0.000000e+00 0.000000e+00 -1.752909e-07 
-9.243464e-08 -6.744516e-08 0.000000e+00 0.000000e+00 0.000000e+00 -2.516491e-07 
-8.506671e-08 -9.328577e-08 0.000000e+00 0.000000e+00 0.000000e+00 -3.325184e-07 
-9.847284e-08 -5.854935e-08 0.000000e+00 0.000000e+00 0.000000e+00 -3.081746e-07 
-1.102749e-07 -9.629597e-08 0.000000e+00 0.000000e+00 0.000000e+00 -4.036852e-07 
-1.078281e-07 -8.501263e-08 0.000000e+00 0.000000e+00 0.000000e+00 -4.179030e-07 
-1.087980e-07 -1.030766e-07 0.000000e+00 0.000000e+00 0.000000e+00 -4.700499e-07 
-1.138607e-07 -1.112738e-07 0.000000e+00 0.000000e+00 0.000000e+00 -5.028420e-07 
-1.059793e-07 -1.001315e-07 0.000000e+00 0.000000e+00 0.000000e+00 -4.947834e-07 
-1.182572e-07 -1.325083e-07 0.000000e+00 0.000000e+00 0.000000e+00 -5.617021e-07 
-1.101679e-07 -1.122519e-07 0.000000e+00 0.000000e+00 0.000000e+00 -5.230779e-07 
-1.107313e-07 -1.055084e-07 0.000000e+00 0.000000e+00 0.000000e+00 -5.144211e-07 
-1.118380e-07 -1.130049e-07 0.000000e+00 0.000000e+00 0.000000e+00 -5.205288e-07 
-1.080496e-07 -9.352554e-08 0.000000e+00 0.000000e+00 0.000000e+00 -4.715646e-07 
-1.039149e-07 -8.736881e-08 0.000000e+00 0.000000e+00 0.000000e+00 -4.569424e-07 
-9.044706e-08 -4.817996e-08 0.000000e+00 0.000000e+00 0.000000e+00 -3.639510e-07 
-9.433376e-08 -2.816221e-08 0.000000e+00 0.000000e+00 0.000000e+00 -3.189281e-07 
-8.251188e-08 1.064162e-08 0.000000e+00 0.000000e+00 0.000000e+00 -2.239587e-07 
-8.343473e-08 2.166769e-08 0.000000e+00 0.000000e+00 0.000000e+00 -1.833142e-07 
-6.898591e-08 7.632140e-08 0.000000e+00 0.000000e+00 0.000000e+00 -5.669170e-08 
-6.114058e-08 1.167309e-07 0.000000e+00 0.000000e+00 0.000000e+00 4.139002e-08 
-5.696744e-08 1.452404e-07 0.000000e+00 0.000000e+00 0.000000e+00 1.212010e-07 
-4.911462e-08 1.893558e-07 0.000000e+00 0.000000e+00 0.000000e+00 2.249984e-07 
-3.314578e-08 2.405155e-07 0.000000e+00 0.000000e+00 0.000000e+00 3.470339e-07 
-2.619028e-08 2.846850e-07 0.000000e+00 0.000000e+00 0.000000e+00 4.521627e-07 
-1.557753e-08 3.414720e-07 0.000000e+00 0.000000e+00 0.000000e+00 5.743700e-07 
-7.346404e-09 3.767177e-07 0.000000e+00 0.000000e+00 0.000000e+00 6.681322e-07 
3.413881e-09 4.322326e-07 0.000000e+00 0.000000e+00 0.000000e+00 7.921471e-07 
1.843262e-08 4.988785e-07 0.000000e+00 0.000000e+00 0.000000e+00 9.352851e-07 
1.674028e-08 5.332723e-07 0.000000e+00 0.000000e+00 0.000000e+00 1.008252e-06 
3.421491e-08 5.903774e-07 0.000000e+00 0.000000e+00 0.000000e+00 1.126265e-06 
3.803587e-08 6.208568e-07 0.000000e+00 0.000000e+00 0.000000e+00 1.195776e-06 
4.119222e-08 6.458017e-07 0.000000e+00 0.000000e+00 0.000000e+00 1.253941e-06 
4.694307e-08 6.755379e-07 0.000000e+00 0.000000e+00 0.000000e+00 1.315224e-06 
5.294716e-08 7.038457e-07 0.000000e+00 0.000000e+00 0.000000e+00 1.384382e-06 
6.058728e-08 7.269616e-07 0.000000e+00 0.000000e+00 0.000000e+00 1.431241e-06 
6.236213e-08 7.366124e-07 0.000000e+00 0.000000e+00 0.000000e+00 1.453101e-06 
5.489767e-08 7.384377e-07 0.000000e+00 0.000000e+00 0.000000e+00 1.450318e-06 
5.806985e-08 7.182306e-07 0.000000e+00 0.000000e+00 0.000000e+00 1.417380e-06 
5.787225e-08 7.135907e-07 0.000000e+00 0.000000e+00 0.000000e+00 1.407052e-06 
4.826857e-08 6.876757e-07 0.000000e+00 0.000000e+00 0.000000e+00 1.353622e-06 
4.431603e-08 6.531691e-07 0.000000e+00 0.000000e+00 0.000000e+00 1.293605e-06 
3.661197e-08 6.202196e-07 0.000000e+00 0.000000e+00 0.000000e+00 1.230135e-06 
2.097560e-08 5.707069e-07 0.000000e+00 0.000000e+00 0.000000e+00 1.126187e-06 
1.471451e-08 5.191150e-07 0.000000e+00 0.000000e+00 0.000000e+00 1.034472e-06 
6.742031e-09 4.580623e-07 0.000000e+00 0.000000e+00 0.000000e+00 9.147268e-07 
-4.042335e-09 3.938009e-07 0.000000e+00 0.000000e+00 0.000000e+00 8.003280e-07 
-1.935592e-08 3.257607e-07 0.000000e+00 0.000000e+00 0.000000e+00 6.599068e-07 
-3.050195e-08 2.657591e-07 0.000000e+00 0.000000e+00 0.000000e+00 5.533135e-07 
-4.296388e-08 1.978715e-07 0.000000e+00 0.000000e+00 0.000000e+00 4.201976e-07 
-5.676216e-08 1.360024e-07 0.000000e+00 0.000000e+00 0.000000e+00 3.090743e-07 
-6.406911e-08 9.181534e-08 0.000000e+00 0.000000e+00 0.000000e+00 2.234100e-07 
-6.954727e-08 6.625572e-08 0.000000e+00 0.000000e+00 0.000000e+00 1.787876e-07 
-7.395666e-08 4.793372e-08 0.000000e+00 0.000000e+00 0.000000e+00 1.408569e-07 
-6.987067e-08 4.790885e-08 0.000000e+00 0.000000e+00 0.000000e+00 1.440814e-07 
-7.708569e-08 3.063595e-08 0.000000e+00 0.000000e+00 0.000000e+00 1.197272e-07 
-7.731951e-08 1.009506e-08 0.000000e+00 0.000000e+00 0.000000e+00 8.862248e-08 
-7.701381e-08 -8.697247e-09 0.000000e+00 0.000000e+00 0.000000e+00 6.451333e-08 
-7.959871e-08 -3.419956e-08 0.000000e+00 0.000000e+00 0.000000e+00 2.651886e-08 
-8.073594e-08 -5.646959e-08 0.000000e+00 0.000000e+00 0.000000e+00 -6.047242e-09 
-8.138054e-08 -7.111996e-08 0.000000e+00 0.000000e+00 0.000000e+00 -2.723485e-08 
-8.412453e-08 -8.363710e-08 0.000000e+00 0.000000e+00 0.000000e+00 -4.457541e-08 
-8.527039e-08 -9.231331e-08 0.000000e+00 0.000000e+00 0.000000e+00 -5.823672e-08 
-8.511089e-08 -9.164579e-08 0.000000e+00 0.000000e+00 0.000000e+00 -5.719946e-08 
-8.381351e-08 -8.481350e-08 0.000000e+00 0.000000e+00 0.000000e+00 -4.600644e-08 
-8.379864e-08 -7.653941e-08 0.000000e+00 0.000000e+00 0.000000e+00 -3.517658e-08 
-8.213276e-08 -5.796733e-08 0.000000e+00 0.000000e+00 0.000000e+00 -7.233560e-09 
-8.098279e-08 -3.765004e-08 0.000000e+00 0.000000e+00 0.000000e+00 2.186648e-08 
-7.902272e-08 -1.369981e-08 0.000000e+00 0.000000e+00 0.000000e+00 5.659670e-08 
-7.712019e-08 1.248918e-08 0.000000e+00 0.000000e+00 0.000000e+00 9.450835e-08 
-7.500676e-08 3.970223e-08 0.000000e+00 0.000000e+00 0.000000e+00 1.336655e-07 
-7.357697e-08 6.601162e-08 0.000000e+00 0.000000e+00 0.000000e+00 1.713805e-07 
-7.143559e-08 9.313478e-08 0.000000e+00 0.000000e+00 0.000000e+00 2.106826e-07 
-6.959093e-08 1.166184e-07 0.000000e+00 0.000000e+00 0.000000e+00 2.450296e-07 
-6.844079e-08 1.365193e-07 0.000000e+00 0.000000e+00 0.000000e+00 2.739369e-07 
-6.756716e-08 1.513933e-07 0.000000e+00 0.000000e+00 0.000000e+00 2.947262e-07 
-6.676943e-08 1.618354e-07 0.000000e+00 0.000000e+00 0.000000e+00 3.100344e-07 
-6.639553e-08 1.665235e-07 0.000000e+00 0.000000e+00 0.000000e+00 3.169561e-07 
-6.634830e-08 1.653035e-07 0.000000e+00 0.000000e+00 0.000000e+00 3.150477e-07 
-6.684399e-08 1.583560e-07 0.000000e+00 0.000000e+00 0.000000e+00 3.048654e-07 
-6.764604e-08 1.459937e-07 0.000000e+00 0.000000e+00 0.000000e+00 2.869798e-07 
-6.872219e-08 1.295489e-07 0.000000e+00 0.000000e+00 0.000000e+00 2.632827e-07 
-6.985586e-08 1.104397e-07 0.000000e+00 0.000000e+00 0.000000e+00 2.356783e-07 
-7.107367e-08 9.019844e-08 0.000000e+00 0.000000e+00 0.000000e+00 2.065602e-07 
-7.218940e-08 7.153480e-08 0.000000e+00 0.000000e+00 0.000000e+00 1.796479e-07 
-7.302698e-08 5.751765e-08 0.000000e+00 0.000000e+00 0.000000e+00 1.594653e-07 
-7.335496e-08 5.189427e-08 0.000000e+00 0.000000e+00 0.000000e+00 1.513687e-07 
