0.000000e+00 0.000000e+00 0.000000e+00 0.000000e+00 0.000000e+00 0.000000e+00 
-7.092362e-15 2.415040e-14 0.000000e+00 0.000000e+00 0.000000e+00 -8.921516e-13 
7.092436e-13 1.127075e-13 0.000000e+00 0.000000e+00 0.000000e+00 -6.881347e-13 
-2.148149e-12 1.618782e-11 0.000000e+00 0.000000e+00 0.000000e+00 4.088829e-11 
1.799494e-11 1.041416e-11 0.000000e+00 0.000000e+00 0.000000e+00 1.215105e-12 
1.765056e-12 8.217382e-11 0.000000e+00 0.000000e+00 0.000000e+00 5.946048e-11 
-4.767620e-11 -2.780551e-11 0.000000e+00 0.000000e+00 0.000000e+00 -9.315361e-11 
-6.859249e-11 2.115722e-10 0.000000e+00 0.000000e+00 0.000000e+00 4.283878e-10 
-2.576033e-10 -1.652767e-11 0.000000e+00 0.000000e+00 0.000000e+00 -3.603126e-10 
1.846185e-10 2.501928e-10 0.000000e+00 0.000000e+00 0.000000e+00 3.356806e-10 
5.395137e-10 -1.349149e-10 0.000000e+00 0.000000e+00 0.000000e+00 -1.231854e-10 
-1.689319e-10 -2.919511e-10 0.000000e+00 0.000000e+00 0.000000e+00 -7.255303e-10 
-1.155856e-10 3.269835e-10 0.000000e+00 0.000000e+00 0.000000e+00 1.013851e-09 
1.777121e-10 -6.359365e-10 0.000000e+00 0.000000e+00 0.000000e+00 5.564455e-10 
-2.248350e-10 2.645564e-10 0.000000e+00 0.000000e+00 0.000000e+00 -6.421146e-10 
-3.806752e-10 5.974476e-10 0.000000e+00 0.000000e+00 0.000000e+00 1.260104e-09 
-6.655258e-10 1.493356e-09 0.000000e+00 0.000000e+00 0.000000e+00 2.485033e-09 
2.086966e-10 -2.818591e-09 0.000000e+00 0.000000e+00 0.000000e+00 -4.774494e-09 
-1.738528e-09 -2.529813e-09 0.000000e+00 0.000000e+00 0.000000e+00 -3.433453e-09 
-7.828410e-10 3.533841e-09 0.000000e+00 0.000000e+00 0.000000e+00 3.792631e-09 
1.545238e-09 -1.672910e-09 0.000000e+00 0.000000e+00 0.000000e+00 -4.067855e-09 
1.664783e-09 4.966089e-11 0.000000e+00 0.000000e+00 0.000000e+00 -6.774802e-09 
2.390836e-09 -1.246591e-09 0.000000e+00 0.000000e+00 0.000000e+00 -8.974597e-09 
4.149216e-09 -2.961832e-09 0.000000e+00 0.000000e+00 0.000000e+00 4.239049e-10 
2.871159e-09 -1.052042e-09 0.000000e+00 0.000000e+00 0.000000e+00 -1.316462e-09 
2.652321e-09 -3.239127e-09 0.000000e+00 0.000000e+00 0.000000e+00 -5.199487e-09 
1.451376e-09 2.557760e-09 0.000000e+00 0.000000e+00 0.000000e+00 3.915347e-09 
2.633212e-10 -2.135952e-09 0.000000e+00 0.000000e+00 0.000000e+00 -1.158272e-08 
3.314473e-09 -5.308791e-09 0.000000e+00 0.000000e+00 0.000000e+00 -5.309426e-09 
2.989818e-09 -3.103266e-09 0.000000e+00 0.000000e+00 0.000000e+00 -2.531109e-08 
4.734376e-09 -4.203091e-09 0.000000e+00 0.000000e+00 0.000000e+00 3.473444e-09 
2.264331e-09 3.040094e-09 0.000000e+00 0.000000e+00 0.000000e+00 -1.070834e-08 
-6.502574e-09 3.563875e-09 0.000000e+00 0.000000e+00 0.000000e+00 2.340704e-08 
1.126156e-08 1.112213e-08 0.000000e+00 0.000000e+00 0.000000e+00 1.202864e-08 
-9.728267e-09 -1.734639e-08 0.000000e+00 0.000000e+00 0.000000e+00 -2.841652e-09 
8.592376e-09 4.598141e-10 0.000000e+00 0.000000e+00 0.000000e+00 -1.251572e-08 
-1.003964e-08 3.450838e-09 0.000000e+00 0.000000e+00 0.000000e+00 -3.664583e-08 
1.689565e-09 -1.686324e-08 0.000000e+00 0.000000e+00 0.000000e+00 4.355361e-08 
2.661562e-09 -1.047453e-08 0.000000e+00 0.000000e+00 0.000000e+00 6.251351e-08 
-1.374784e-08 -1.936281e-08 0.000000e+00 0.000000e+00 0.000000e+00 -6.257813e-10 
-2.451422e-08 2.685913e-08 0.000000e+00 0.000000e+00 0.000000e+00 2.113824e-08 
-1.972867e-08 -2.968371e-08 0.000000e+00 0.000000e+00 0.000000e+00 7.333439e-09 
-2.636698e-08 -5.400145e-09 0.000000e+00 0.000000e+00 0.000000e+00 -4.185162e-09 
-1.975111e-08 -6.156740e-09 0.000000e+00 0.000000e+00 0.000000e+00 1.429444e-08 
6.949987e-09 7.512435e-09 0.000000e+00 0.000000e+00 0.000000e+00 5.945311e-08 
-4.085663e-10 -1.528122e-09 0.000000e+00 0.000000e+00 0.000000e+00 5.823545e-08 
1.478557e-08 1.105277e-08 0.000000e+00 0.000000e+00 0.000000e+00 -5.370132e-08 
-2.432081e-09 -4.165015e-08 0.000000e+00 0.000000e+00 0.000000e+00 -6.721417e-08 
2.076308e-08 -4.759937e-08 0.000000e+00 0.000000e+00 0.000000e+00 -5.262949e-08 
2.632532e-08 8.078866e-10 0.000000e+00 0.000000e+00 0.000000e+00 -2.982820e-08 
1.124841e-08 -3.644623e-08 0.000000e+00 0.000000e+00 0.000000e+00 -2.838591e-08 
-1.344381e-08 -2.901027e-08 0.000000e+00 0.000000e+00 0.000000e+00 7.467863e-08 
4.645338e-08 -3.208269e-08 0.000000e+00 0.000000e+00 0.000000e+00 -1.234109e-07 
4.618440e-08 2.541088e-08 0.000000e+00 0.000000e+00 0.000000e+00 9.451282e-08 
4.369283e-08 2.288680e-08 0.000000e+00 0.000000e+00 0.000000e+00 6.755831e-08 
-4.105747e-08 -2.546541e-08 0.000000e+00 0.000000e+00 0.000000e+00 -1.904198e-08 
-7.589277e-09 4.598829e-08 0.000000e+00 0.000000e+00 0.000000e+00 -4.604333e-08 
3.498249e-08 7.703132e-08 0.000000e+00 0.000000e+00 0.000000e+00 2.462764e-08 
4.346053e-08 -3.975215e-08 0.000000e+00 0.000000e+00 0.000000e+00 1.147497e-07 
-3.548554e-08 -1.981885e-08 0.000000e+00 0.000000e+00 0.000000e+00 -1.193890e-07 
-4.226062e-08 -2.796849e-08 0.000000e+00 0.000000e+00 0.000000e+00 1.233472e-07 
-2.611352e-08 -4.440497e-09 0.000000e+00 0.000000e+00 0.000000e+00 -7.202779e-08 
2.766951e-08 -4.138652e-08 0.000000e+00 0.000000e+00 0.000000e+00 -3.803391e-08 
2.436279e-08 -1.964829e-08 0.000000e+00 0.000000e+00 0.000000e+00 -1.202269e-07 
-2.418365e-08 6.026000e-08 0.000000e+00 0.000000e+00 0.000000e+00 -2.209433e-08 
3.552070e-08 -7.992367e-08 0.000000e+00 0.000000e+00 0.000000e+00 5.039493e-09 
9.733547e-08 3.823794e-08 0.000000e+00 0.000000e+00 0.000000e+00 -6.029353e-08 
-2.878194e-08 1.587369e-08 0.000000e+00 0.000000e+00 0.000000e+00 -1.422014e-07 
-4.050007e-09 -5.310937e-08 0.000000e+00 0.000000e+00 0.000000e+00 6.357930e-08 
-3.915124e-08 1.041435e-08 0.000000e+00 0.000000e+00 0.000000e+00 5.646810e-08 
5.274771e-08 -7.433649e-09 0.000000e+00 0.000000e+00 0.000000e+00 1.114894e-07 
3.889085e-08 2.997112e-08 0.000000e+00 0.000000e+00 0.000000e+00 -3.278915e-08 
-6.982671e-08 5.041143e-08 0.000000e+00 0.000000e+00 0.000000e+00 -5.771768e-08 
6.467076e-08 8.841752e-08 0.000000e+00 0.000000e+00 0.000000e+00 5.247472e-08 
1.245106e-07 3.177640e-08 0.000000e+00 0.000000e+00 0.000000e+00 4.847990e-09 
-8.074880e-08 9.078704e-09 0.000000e+00 0.000000e+00 0.000000e+00 1.642977e-07 
1.053440e-08 -1.104735e-08 0.000000e+00 0.000000e+00 0.000000e+00 -1.169183e-07 
4.242521e-09 3.055577e-08 0.000000e+00 0.000000e+00 0.000000e+00 -1.083059e-08 
-3.135189e-08 4.694447e-08 0.000000e+00 0.000000e+00 0.000000e+00 -1.221643e-07 
5.246052e-08 -2.409544e-08 0.000000e+00 0.000000e+00 0.000000e+00 -1.644601e-07 
1.366551e-07 5.469585e-08 0.000000e+00 0.000000e+00 0.000000e+00 1.980298e-07 
2.862016e-08 -4.710893e-08 0.000000e+00 0.000000e+00 0.000000e+00 4.561413e-08 
-1.487457e-08 2.959177e-08 0.000000e+00 0.000000e+00 0.000000e+00 -2.183058e-07 
-4.408055e-08 -2.640809e-07 0.000000e+00 0.000000e+00 0.000000e+00 9.141661e-08 
-1.189530e-07 -1.719177e-07 0.000000e+00 0.000000e+00 0.000000e+00 1.350519e-07 
2.260905e-08 -2.586369e-07 0.000000e+00 0.000000e+00 0.000000e+00 -1.159013e-07 
-1.808300e-08 2.902773e-07 0.000000e+00 0.000000e+00 0.000000e+00 5.564237e-08 
-4.407011e-08 7.478358e-08 0.000000e+00 0.000000e+00 0.000000e+00 -6.493710e-08 
1.809497e-07 1.020123e-07 0.000000e+00 0.000000e+00 0.000000e+00 -5.251586e-08 
1.333974e-07 1.807560e-07 0.000000e+00 0.000000e+00 0.000000e+00 5.675407e-08 
2.068692e-07 1.001414e-07 0.000000e+00 0.000000e+00 0.000000e+00 -3.965926e-08 
-2.122514e-07 -5.728795e-09 0.000000e+00 0.000000e+00 0.000000e+00 2.290718e-07 
-1.078548e-07 2.128064e-07 0.000000e+00 0.000000e+00 0.000000e+00 -3.075935e-08 
1.337610e-07 2.120806e-07 0.000000e+00 0.000000e+00 0.000000e+00 8.581812e-08 
-5.548210e-08 2.804772e-08 0.000000e+00 0.000000e+00 0.000000e+00 -3.030085e-08 
2.341281e-08 2.304013e-07 0.000000e+00 0.000000e+00 0.000000e+00 -4.078630e-07 
-1.923321e-07 -5.163572e-08 0.000000e+00 0.000000e+00 0.000000e+00 1.374948e-07 
5.443803e-08 1.750770e-07 0.000000e+00 0.000000e+00 0.000000e+00 -2.583357e-07 
1.594178e-07 3.094752e-07 0.000000e+00 0.000000e+00 0.000000e+00 -1.468637e-07 
-1.939459e-07 3.190098e-08 0.000000e+00 0.000000e+00 0.000000e+00 5.913861e-08 
-1.433325e-07 -2.585821e-07 0.000000e+00 0.000000e+00 0.000000e+00 1.005966e-07 
-8.926255e-08 1.522506e-07 0.000000e+00 0.000000e+00 0.000000e+00 -2.317776e-08 
6.220352e-09 2.550940e-07 0.000000e+00 0.000000e+00 0.000000e+00 2.104236e-07 
-3.828133e-08 2.873566e-07 0.000000e+00 0.000000e+00 0.000000e+00 1.166546e-07 
-1.136944e-08 -1.382238e-07 0.000000e+00 0.000000e+00 0.000000e+00 2.180795e-07 
-2.640975e-07 -1.677300e-07 0.000000e+00 0.000000e+00 0.000000e+00 4.815160e-07 
-6.271029e-08 2.351948e-07 0.000000e+00 0.000000e+00 0.000000e+00 -1.098325e-07 
-1.149987e-07 1.147218e-07 0.000000e+00 0.000000e+00 0.000000e+00 -8.589829e-08 
-9.974804e-08 7.169065e-08 0.000000e+00 0.000000e+00 0.000000e+00 -8.978985e-08 
-1.933084e-07 -2.078308e-08 0.000000e+00 0.000000e+00 0.000000e+00 2.714814e-07 
-3.571001e-08 2.077402e-09 0.000000e+00 0.000000e+00 0.000000e+00 -3.628820e-08 
4.913558e-08 -2.497549e-07 0.000000e+00 0.000000e+00 0.000000e+00 4.189192e-08 
1.532685e-07 -2.496154e-07 0.000000e+00 0.000000e+00 0.000000e+00 7.078049e-08 
-1.321345e-08 3.004870e-07 0.000000e+00 0.000000e+00 0.000000e+00 3.461877e-07 
2.055460e-07 1.804586e-10 0.000000e+00 0.000000e+00 0.000000e+00 8.831714e-08 
6.816954e-09 -1.802371e-08 0.000000e+00 0.000000e+00 0.000000e+00 -3.083901e-07 
-4.301597e-08 -1.569858e-08 0.000000e+00 0.000000e+00 0.000000e+00 -2.234747e-08 
2.098043e-07 -5.858822e-08 0.000000e+00 0.000000e+00 0.000000e+00 -1.757577e-07 
1.496682e-07 1.684855e-07 0.000000e+00 0.000000e+00 0.000000e+00 -4.579471e-07 
2.212351e-07 -2.078005e-07 0.000000e+00 0.000000e+00 0.000000e+00 -2.541411e-07 
-7.846512e-08 -2.832988e-07 0.000000e+00 0.000000e+00 0.000000e+00 -3.288548e-07 
-2.769866e-07 3.666145e-07 0.000000e+00 0.000000e+00 0.000000e+00 2.247996e-07 
-1.746403e-07 2.042776e-07 0.000000e+00 0.000000e+00 0.000000e+00 -7.339826e-08 
1.354989e-07 3.844308e-07 0.000000e+00 0.000000e+00 0.000000e+00 3.714680e-07 
1.953726e-07 -5.899292e-07 0.000000e+00 0.000000e+00 0.000000e+00 -6.312227e-07 
-3.230401e-07 -1.898141e-07 0.000000e+00 0.000000e+00 0.000000e+00 -2.619687e-07 
1.002294e-07 -2.277726e-07 0.000000e+00 0.000000e+00 0.000000e+00 -3.251541e-07 
-1.498823e-07 8.499890e-08 0.000000e+00 0.000000e+00 0.000000e+00 -4.325640e-07 
7.188047e-08 -7.106459e-08 0.000000e+00 0.000000e+00 0.000000e+00 -1.110220e-07 
-1.679659e-07 -1.035307e-07 0.000000e+00 0.000000e+00 0.000000e+00 -5.455693e-07 
2.647171e-07 2.279484e-07 0.000000e+00 0.000000e+00 0.000000e+00 2.009513e-07 
-1.388047e-07 1.570446e-09 0.000000e+00 0.000000e+00 0.000000e+00 -1.832363e-07 
-2.357937e-07 -4.174481e-07 0.000000e+00 0.000000e+00 0.000000e+00 -3.293932e-07 
-1.232131e-07 1.731660e-07 0.000000e+00 0.000000e+00 0.000000e+00 1.066362e-07 
2.579801e-07 -3.827485e-08 0.000000e+00 0.000000e+00 0.000000e+00 -2.213319e-07 
-3.408636e-07 -2.852742e-08 0.000000e+00 0.000000e+00 0.000000e+00 4.235027e-07 
-2.856649e-07 2.980456e-07 0.000000e+00 0.000000e+00 0.000000e+00 4.336725e-07 
4.927212e-08 -7.822844e-08 0.000000e+00 0.000000e+00 0.000000e+00 8.859536e-07 
9.687295e-08 9.374238e-08 0.000000e+00 0.000000e+00 0.000000e+00 8.409332e-07 
1.023721e-07 7.345946e-08 0.000000e+00 0.000000e+00 0.000000e+00 2.896280e-07 
3.061158e-07 7.474678e-08 0.000000e+00 0.000000e+00 0.000000e+00 -4.712612e-07 
1.908088e-07 -2.196735e-07 0.000000e+00 0.000000e+00 0.000000e+00 -4.092939e-07 
-2.457177e-07 -2.404062e-07 0.000000e+00 0.000000e+00 0.000000e+00 8.471769e-07 
-1.075766e-07 -4.015131e-09 0.000000e+00 0.000000e+00 0.000000e+00 2.454040e-07 
-1.241637e-07 4.038529e-08 0.000000e+00 0.000000e+00 0.000000e+00 7.191643e-07 
9.527559e-08 3.757121e-07 0.000000e+00 0.000000e+00 0.000000e+00 4.475797e-08 
3.083116e-08 8.434001e-08 0.000000e+00 0.000000e+00 0.000000e+00 -1.910665e-07 
6.210427e-08 4.159368e-07 0.000000e+00 0.000000e+00 0.000000e+00 1.002264e-06 
2.726895e-07 3.558540e-07 0.000000e+00 0.000000e+00 0.000000e+00 3.138873e-07 
-3.178156e-07 2.666637e-07 0.000000e+00 0.000000e+00 0.000000e+00 1.763032e-07 
-2.947400e-07 2.913751e-07 0.000000e+00 0.000000e+00 0.000000e+00 7.755167e-07 
2.665896e-07 3.623385e-09 0.000000e+00 0.000000e+00 0.000000e+00 -3.714182e-07 
2.209883e-07 6.333995e-08 0.000000e+00 0.000000e+00 0.000000e+00 4.120450e-08 
-9.362102e-08 1.026470e-07 0.000000e+00 0.000000e+00 0.000000e+00 -1.662680e-07 
4.143986e-07 1.613717e-07 0.000000e+00 0.000000e+00 0.000000e+00 4.136946e-08 
-1.606757e-07 -1.290904e-07 0.000000e+00 0.000000e+00 0.000000e+00 2.611563e-07 
-1.126872e-07 8.989130e-08 0.000000e+00 0.000000e+00 0.000000e+00 -8.510657e-07 
-2.237081e-07 1.582554e-09 0.000000e+00 0.000000e+00 0.000000e+00 5.984533e-07 
2.569486e-07 -2.899786e-07 0.000000e+00 0.000000e+00 0.000000e+00 -6.048279e-07 
-1.596953e-08 -2.189590e-07 0.000000e+00 0.000000e+00 0.000000e+00 -4.946710e-07 
-1.173326e-08 -1.544858e-07 0.000000e+00 0.000000e+00 0.000000e+00 -3.973163e-08 
9.797122e-08 -1.134564e-07 0.000000e+00 0.000000e+00 0.000000e+00 -1.079989e-06 
-3.169395e-08 -1.881809e-07 0.000000e+00 0.000000e+00 0.000000e+00 2.940975e-07 
-2.435881e-07 1.673261e-07 0.000000e+00 0.000000e+00 0.000000e+00 3.646473e-07 
-2.703959e-07 -5.265506e-09 0.000000e+00 0.000000e+00 0.000000e+00 -6.198841e-08 
9.267969e-08 3.737872e-08 0.000000e+00 0.000000e+00 0.000000e+00 -1.928020e-07 
-4.341883e-07 -2.914556e-07 0.000000e+00 0.000000e+00 0.000000e+00 -2.885458e-07 
3.077133e-07 -3.058424e-07 0.000000e+00 0.000000e+00 0.000000e+00 -3.255711e-07 
-4.512416e-09 -1.662112e-07 0.000000e+00 0.000000e+00 0.000000e+00 1.023350e-07 
-5.423413e-08 -2.761744e-07 0.000000e+00 0.000000e+00 0.000000e+00 -3.887766e-07 
1.618989e-07 -2.592711e-07 0.000000e+00 0.000000e+00 0.000000e+00 4.549300e-08 
1.737124e-07 1.004505e-07 0.000000e+00 0.000000e+00 0.000000e+00 -2.026502e-07 
-2.727421e-07 -2.379966e-07 0.000000e+00 0.000000e+00 0.000000e+00 -8.982066e-07 
2.485837e-07 -5.851454e-07 0.000000e+00 0.000000e+00 0.000000e+00 6.635260e-07 
6.885301e-08 4.401348e-07 0.000000e+00 0.000000e+00 0.000000e+00 -6.168239e-07 
-5.174984e-07 3.133587e-07 0.000000e+00 0.000000e+00 0.000000e+00 2.118354e-07 
-7.984345e-08 -3.221727e-07 0.000000e+00 0.000000e+00 0.000000e+00 9.269999e-07 
-3.727865e-07 -1.494916e-07 0.000000e+00 0.000000e+00 0.000000e+00 -3.975253e-08 
-3.093590e-07 -2.784738e-08 0.000000e+00 0.000000e+00 0.000000e+00 -1.020607e-06 
2.902642e-07 -4.356922e-07 0.000000e+00 0.000000e+00 0.000000e+00 4.918661e-07 
-3.474483e-07 -1.474668e-08 0.000000e+00 0.000000e+00 0.000000e+00 1.059239e-07 
-9.367523e-08 5.255030e-08 0.000000e+00 0.000000e+00 0.000000e+00 -7.626849e-07 
3.498559e-07 -5.076975e-07 0.000000e+00 0.000000e+00 0.000000e+00 1.297836e-07 
1.542328e-07 9.612470e-08 0.000000e+00 0.000000e+00 0.000000e+00 6.107435e-07 
3.174994e-07 3.140222e-07 0.000000e+00 0.000000e+00 0.000000e+00 -6.732288e-08 
-1.338820e-07 1.607711e-08 0.000000e+00 0.000000e+00 0.000000e+00 5.111767e-07 
-3.085691e-07 1.730356e-07 0.000000e+00 0.000000e+00 0.000000e+00 -3.870403e-07 
-7.346498e-08 7.612707e-08 0.000000e+00 0.000000e+00 0.000000e+00 6.084257e-07 
2.148697e-07 1.404526e-08 0.000000e+00 0.000000e+00 0.000000e+00 -1.986481e-07 
1.740906e-07 8.856545e-08 0.000000e+00 0.000000e+00 0.000000e+00 6.488174e-07 
6.959526e-08 -1.803773e-07 0.000000e+00 0.000000e+00 0.000000e+00 7.962403e-07 
-4.497462e-07 -5.502017e-07 0.000000e+00 0.000000e+00 0.000000e+00 8.438646e-07 
-5.241735e-07 -6.509789e-08 0.000000e+00 0.000000e+00 0.000000e+00 1.215767e-07 
3.886531e-07 3.559563e-07 0.000000e+00 0.000000e+00 0.000000e+00 1.037120e-06 
-2.403137e-07 1.087492e-07 0.000000e+00 0.000000e+00 0.000000e+00 8.089132e-07 
3.685689e-08 3.036092e-07 0.000000e+00 0.000000e+00 0.000000e+00 -5.934975e-07 
-2.389677e-08 -1.760890e-07 0.000000e+00 0.000000e+00 0.000000e+00 -1.002012e-07 
-2.029127e-07 -2.462740e-08 0.000000e+00 0.000000e+00 0.000000e+00 -2.044269e-07 
-1.156763e-07 -2.303229e-07 0.000000e+00 0.000000e+00 0.000000e+00 5.278972e-07 
-6.501637e-07 -1.132106e-07 0.000000e+00 0.000000e+00 0.000000e+00 5.014422e-07 
4.660496e-07 -1.085544e-07 0.000000e+00 0.000000e+00 0.000000e+00 -1.035421e-06 
4.518546e-07 1.559205e-07 0.000000e+00 0.000000e+00 0.000000e+00 -1.016517e-06 
2.796543e-07 6.259036e-09 0.000000e+00 0.000000e+00 0.000000e+00 5.994783e-07 
-6.488354e-08 -5.015225e-08 0.000000e+00 0.000000e+00 0.000000e+00 4.324971e-07 
3.381395e-07 -2.626644e-07 0.000000e+00 0.000000e+00 0.000000e+00 3.770783e-07 
3.339484e-07 1.626431e-07 0.000000e+00 0.000000e+00 0.000000e+00 6.935500e-07 
-9.616431e-08 1.508460e-07 0.000000e+00 0.000000e+00 0.000000e+00 -2.697918e-07 
1.795937e-07 1.094712e-07 0.000000e+00 0.000000e+00 0.000000e+00 -7.565363e-07 
-2.738965e-07 2.304202e-07 0.000000e+00 0.000000e+00 0.000000e+00 -9.016946e-07 
1.017621e-07 4.236497e-07 0.000000e+00 0.000000e+00 0.000000e+00 3.724804e-08 
5.179187e-07 2.745524e-07 0.000000e+00 0.000000e+00 0.000000e+00 -2.381746e-07 
-5.386779e-07 -6.700284e-07 0.000000e+00 0.000000e+00 0.000000e+00 1.109358e-06 
-2.140370e-07 -2.007795e-07 0.000000e+00 0.000000e+00 0.000000e+00 -1.741585e-08 
8.225235e-08 -7.304885e-08 0.000000e+00 0.000000e+00 0.000000e+00 -8.255566e-08 
-1.629733e-07 -2.539397e-07 0.000000e+00 0.000000e+00 0.000000e+00 -1.396867e-07 
-1.411038e-07 2.793529e-07 0.000000e+00 0.000000e+00 0.000000e+00 -8.239660e-07 
1.433928e-07 4.648803e-07 0.000000e+00 0.000000e+00 0.000000e+00 -4.541763e-07 
2.158339e-07 3.411316e-07 0.000000e+00 0.000000e+00 0.000000e+00 -4.881379e-07 
9.144229e-08 -1.444340e-07 0.000000e+00 0.000000e+00 0.000000e+00 -4.506590e-07 
4.339215e-07 -1.603114e-07 0.000000e+00 0.000000e+00 0.000000e+00 8.057207e-08 
-3.168410e-07 -3.640568e-07 0.000000e+00 0.000000e+00 0.000000e+00 -1.535742e-07 
5.140003e-07 4.995712e-07 0.000000e+00 0.000000e+00 0.000000e+00 -1.561941e-07 
1.981859e-07 2.227129e-07 0.000000e+00 0.000000e+00 0.000000e+00 6.538337e-07 
5.027842e-07 3.324028e-07 0.000000e+00 0.000000e+00 0.000000e+00 8.298813e-07 
3.294635e-07 4.937055e-09 0.000000e+00 0.000000e+00 0.000000e+00 -4.641717e-07 
5.571169e-07 3.273554e-07 0.000000e+00 0.000000e+00 0.000000e+00 -8.441465e-07 
-4.013284e-07 1.589017e-07 0.000000e+00 0.000000e+00 0.000000e+00 -6.173569e-07 
-4.046411e-07 -1.320847e-07 0.000000e+00 0.000000e+00 0.000000e+00 -1.638446e-07 
-2.227773e-07 3.847736e-07 0.000000e+00 0.000000e+00 0.000000e+00 -1.162304e-06 
1.519076e-07 2.935630e-07 0.000000e+00 0.000000e+00 0.000000e+00 -3.831570e-07 
-5.380799e-07 -2.068397e-07 0.000000e+00 0.000000e+00 0.000000e+00 3.938674e-07 
-1.320391e-07 -5.246763e-07 0.000000e+00 0.000000e+00 0.000000e+00 9.053462e-07 
-6.937530e-08 2.563826e-07 0.000000e+00 0.000000e+00 0.000000e+00 9.309397e-08 
-2.904490e-07 1.670110e-07 0.000000e+00 0.000000e+00 0.000000e+00 2.591942e-08 
4.352323e-07 2.263873e-07 0.000000e+00 0.000000e+00 0.000000e+00 -3.791208e-09 
5.671595e-07 8.894864e-07 0.000000e+00 0.000000e+00 0.000000e+00 -4.785163e-07 
-7.173575e-07 -7.359148e-07 0.000000e+00 0.000000e+00 0.000000e+00 1.289749e-06 
5.767904e-07 5.509933e-07 0.000000e+00 0.000000e+00 0.000000e+00 -3.191641e-07 
-5.542788e-07 -1.185150e-07 0.000000e+00 0.000000e+00 0.000000e+00 2.251993e-07 
-3.839087e-07 -9.277048e-08 0.000000e+00 0.000000e+00 0.000000e+00 -1.819901e-07 
-2.686540e-07 1.986773e-07 0.000000e+00 0.000000e+00 0.000000e+00 -9.477013e-07 
-1.892498e-07 -1.547459e-07 0.000000e+00 0.000000e+00 0.000000e+00 -8.049236e-07 
2.067628e-07 1.133949e-07 0.000000e+00 0.000000e+00 0.000000e+00 -2.549439e-07 
-1.413512e-07 -3.001270e-08 0.000000e+00 0.000000e+00 0.000000e+00 9.482670e-07 
3.938632e-07 4.628946e-07 0.000000e+00 0.000000e+00 0.000000e+00 -8.005002e-07 
3.996767e-07 -2.177908e-07 0.000000e+00 0.000000e+00 0.000000e+00 6.048268e-07 
-5.679308e-08 5.926712e-07 0.000000e+00 0.000000e+00 0.000000e+00 3.393549e-07 
6.703494e-07 -8.799981e-09 0.000000e+00 0.000000e+00 0.000000e+00 -1.150177e-06 
-1.085849e-06 -2.333310e-07 0.000000e+00 0.000000e+00 0.000000e+00 1.834918e-06 
1.562586e-07 2.276433e-08 0.000000e+00 0.000000e+00 0.000000e+00 4.977504e-07 
2.920866e-07 4.691385e-07 0.000000e+00 0.000000e+00 0.000000e+00 -8.030200e-07 
5.894950e-07 1.919906e-07 0.000000e+00 0.000000e+00 0.000000e+00 -1.412064e-06 
-3.065247e-07 -4.149226e-07 0.000000e+00 0.000000e+00 0.000000e+00 7.708619e-07 
2.040029e-07 3.300777e-07 0.000000e+00 0.000000e+00 0.000000e+00 -1.701824e-07 
7.223324e-07 9.119171e-08 0.000000e+00 0.000000e+00 0.000000e+00 -1.873331e-06 
4.467131e-08 4.104400e-07 0.000000e+00 0.000000e+00 0.000000e+00 7.905515e-07 
9.987024e-08 -8.020488e-07 0.000000e+00 0.000000e+00 0.000000e+00 -9.411219e-08 
-1.440517e-07 3.830789e-07 0.000000e+00 0.000000e+00 0.000000e+00 3.486550e-07 
-3.323220e-07 1.590881e-07 0.000000e+00 0.000000e+00 0.000000e+00 -1.281217e-08 
-6.995263e-08 1.583984e-07 0.000000e+00 0.000000e+00 0.000000e+00 4.099284e-07 
-7.142311e-07 4.733898e-07 0.000000e+00 0.000000e+00 0.000000e+00 -1.105065e-06 
-7.184181e-08 -3.839252e-07 0.000000e+00 0.000000e+00 0.000000e+00 -2.202961e-07 
7.201802e-07 5.593622e-07 0.000000e+00 0.000000e+00 0.000000e+00 -6.858484e-07 
4.935402e-07 1.727637e-07 0.000000e+00 0.000000e+00 0.000000e+00 -2.323834e-07 
2.737136e-08 5.045667e-07 0.000000e+00 0.000000e+00 0.000000e+00 -1.512643e-07 
-5.943384e-07 3.576476e-07 0.000000e+00 0.000000e+00 0.000000e+00 -2.420941e-07 
3.568893e-07 2.395129e-07 0.000000e+00 0.000000e+00 0.000000e+00 9.509323e-07 
-1.343084e-07 9.750575e-07 0.000000e+00 0.000000e+00 0.000000e+00 -4.754142e-07 
-5.886148e-10 1.118684e-06 0.000000e+00 0.000000e+00 0.000000e+00 2.950067e-07 
4.272655e-08 -3.428631e-07 0.000000e+00 0.000000e+00 0.000000e+00 -1.890372e-06 
-2.130849e-07 -6.987910e-07 0.000000e+00 0.000000e+00 0.000000e+00 -2.775149e-07 
2.100230e-07 -1.041419e-06 0.000000e+00 0.000000e+00 0.000000e+00 3.584091e-07 
-1.513397e-07 -7.388528e-07 0.000000e+00 0.000000e+00 0.000000e+00 1.044169e-06 
-2.728277e-07 -5.934217e-07 0.000000e+00 0.000000e+00 0.000000e+00 6.956196e-07 
6.883880e-08 -2.995986e-07 0.000000e+00 0.000000e+00 0.000000e+00 1.547889e-06 
-3.179854e-07 3.061159e-07 0.000000e+00 0.000000e+00 0.000000e+00 2.789721e-07 
-9.963174e-08 -4.940236e-07 0.000000e+00 0.000000e+00 0.000000e+00 2.361081e-08 
-2.274244e-07 -1.856564e-08 0.000000e+00 0.000000e+00 0.000000e+00 -7.827307e-07 
-3.231588e-07 -3.858830e-07 0.000000e+00 0.000000e+00 0.000000e+00 -1.411904e-06 
-3.139157e-07 -9.619346e-07 0.000000e+00 0.000000e+00 0.000000e+00 7.187369e-07 
-2.920189e-08 -8.239707e-08 0.000000e+00 0.000000e+00 0.000000e+00 -8.279024e-07 
-1.201760e-07 1.963521e-07 0.000000e+00 0.000000e+00 0.000000e+00 1.867569e-06 
9.975053e-07 -2.312525e-07 0.000000e+00 0.000000e+00 0.000000e+00 -1.166950e-06 
-5.921366e-08 1.212282e-06 0.000000e+00 0.000000e+00 0.000000e+00 6.770588e-07 
-3.803104e-07 -2.200502e-07 0.000000e+00 0.000000e+00 0.000000e+00 1.677915e-06 
3.074507e-07 4.393410e-08 0.000000e+00 0.000000e+00 0.000000e+00 -2.238130e-06 
-2.614458e-07 -2.612952e-07 0.000000e+00 0.000000e+00 0.000000e+00 6.306657e-07 
2.391048e-07 4.847986e-07 0.000000e+00 0.000000e+00 0.000000e+00 1.436003e-06 
-8.627172e-07 -4.955759e-08 0.000000e+00 0.000000e+00 0.000000e+00 1.100844e-06 
9.761209e-07 -9.118902e-09 0.000000e+00 0.000000e+00 0.000000e+00 -9.119066e-07 
2.514553e-07 8.379606e-07 0.000000e+00 0.000000e+00 0.000000e+00 -9.851325e-07 
3.314318e-07 2.910612e-07 0.000000e+00 0.000000e+00 0.000000e+00 -9.623194e-07 
-1.953249e-07 -4.471251e-07 0.000000e+00 0.000000e+00 0.000000e+00 -1.256124e-08 
5.220843e-08 7.875339e-07 0.000000e+00 0.000000e+00 0.000000e+00 7.909811e-08 
-1.968267e-07 -5.017990e-07 0.000000e+00 0.000000e+00 0.000000e+00 -2.540849e-07 
-2.516809e-07 -2.070895e-07 0.000000e+00 0.000000e+00 0.000000e+00 3.261203e-07 
6.461473e-07 -6.027992e-08 0.000000e+00 0.000000e+00 0.000000e+00 2.642721e-07 
-5.587059e-07 3.825595e-07 0.000000e+00 0.000000e+00 0.000000e+00 1.124148e-06 
2.476083e-08 6.239850e-07 0.000000e+00 0.000000e+00 0.000000e+00 -6.166086e-07 
-2.930229e-07 -3.992774e-07 0.000000e+00 0.000000e+00 0.000000e+00 2.879991e-07 
-5.159459e-08 1.203125e-09 0.000000e+00 0.000000e+00 0.000000e+00 4.354459e-07 
2.493125e-07 5.547928e-07 0.000000e+00 0.000000e+00 0.000000e+00 6.427848e-07 
-1.628565e-07 -5.064478e-08 0.000000e+00 0.000000e+00 0.000000e+00 1.258488e-06 
-6.553408e-07 -5.381139e-07 0.000000e+00 0.000000e+00 0.000000e+00 1.342171e-06 
2.958590e-07 1.579903e-07 0.000000e+00 0.000000e+00 0.000000e+00 -1.048484e-06 
2.626484e-07 1.009859e-08 0.000000e+00 0.000000e+00 0.000000e+00 3.246697e-07 
4.333763e-07 6.520426e-07 0.000000e+00 0.000000e+00 0.000000e+00 -6.728993e-07 
-5.380310e-07 -9.722887e-07 0.000000e+00 0.000000e+00 0.000000e+00 4.881333e-07 
-2.059739e-07 2.546524e-07 0.000000e+00 0.000000e+00 0.000000e+00 -2.017522e-07 
1.742966e-07 2.194883e-07 0.000000e+00 0.000000e+00 0.000000e+00 -1.049114e-06 
-4.461429e-07 1.289962e-07 0.000000e+00 0.000000e+00 0.000000e+00 1.526657e-06 
2.158175e-07 -3.387595e-07 0.000000e+00 0.000000e+00 0.000000e+00 5.232034e-08 
3.456299e-07 -3.223582e-07 0.000000e+00 0.000000e+00 0.000000e+00 -1.046343e-06 
2.015443e-08 -5.292797e-07 0.000000e+00 0.000000e+00 0.000000e+00 -6.802139e-07 
4.295354e-07 -1.194425e-07 0.000000e+00 0.000000e+00 0.000000e+00 -1.430029e-06 
3.881094e-08 -6.226947e-09 0.000000e+00 0.000000e+00 0.000000e+00 1.712244e-06 
-1.350997e-07 7.498990e-08 0.000000e+00 0.000000e+00 0.000000e+00 -7.856534e-07 
-6.224345e-07 -1.082085e-07 0.000000e+00 0.000000e+00 0.000000e+00 7.277675e-08 
8.792224e-07 -1.709455e-07 0.000000e+00 0.000000e+00 0.000000e+00 -1.173616e-06 
-2.997625e-07 -9.636947e-07 0.000000e+00 0.000000e+00 0.000000e+00 1.093383e-06 
-6.114475e-07 4.877059e-07 0.000000e+00 0.000000e+00 0.000000e+00 3.590192e-07 
7.588508e-08 3.610774e-07 0.000000e+00 0.000000e+00 0.000000e+00 -1.471848e-06 
-2.027752e-07 -8.075038e-08 0.000000e+00 0.000000e+00 0.000000e+00 3.665346e-07 
4.582330e-07 -2.169429e-07 0.000000e+00 0.000000e+00 0.000000e+00 -1.270925e-06 
-7.978575e-09 1.027476e-06 0.000000e+00 0.000000e+00 0.000000e+00 -8.923270e-07 
7.703555e-07 8.695832e-07 0.000000e+00 0.000000e+00 0.000000e+00 -1.022775e-06 
4.181602e-07 -1.631988e-09 0.000000e+00 0.000000e+00 0.000000e+00 -8.597762e-07 
-4.225376e-08 2.840901e-07 0.000000e+00 0.000000e+00 0.000000e+00 7.650404e-07 
-3.855148e-07 8.807498e-07 0.000000e+00 0.000000e+00 0.000000e+00 4.120417e-07 
1.190037e-07 -1.024304e-06 0.000000e+00 0.000000e+00 0.000000e+00 3.047877e-07 
2.150521e-08 5.875264e-07 0.000000e+00 0.000000e+00 0.000000e+00 -3.178732e-07 
-2.243333e-08 -1.173029e-06 0.000000e+00 0.000000e+00 0.000000e+00 3.800048e-07 
1.070767e-07 -9.055650e-09 0.000000e+00 0.000000e+00 0.000000e+00 6.613802e-07 
3.490441e-07 1.178041e-06 0.000000e+00 0.000000e+00 0.000000e+00 -3.815193e-07 
2.570339e-07 -1.189055e-06 0.000000e+00 0.000000e+00 0.000000e+00 1.240915e-07 
4.287216e-07 7.796512e-08 0.000000e+00 0.000000e+00 0.000000e+00 4.243994e-07 
1.313667e-07 -9.569397e-07 0.000000e+00 0.000000e+00 0.000000e+00 7.743999e-08 
-3.520052e-07 9.651092e-07 0.000000e+00 0.000000e+00 0.000000e+00 -4.720170e-07 
8.195174e-08 -7.721659e-07 0.000000e+00 0.000000e+00 0.000000e+00 -7.408884e-07 
-1.162585e-07 -2.468269e-07 0.000000e+00 0.000000e+00 0.000000e+00 8.822948e-07 
6.831473e-07 -4.841777e-07 0.000000e+00 0.000000e+00 0.000000e+00 -3.224745e-07 
2.358295e-07 -6.118840e-07 0.000000e+00 0.000000e+00 0.000000e+00 -2.392917e-07 
6.826689e-08 9.789364e-07 0.000000e+00 0.000000e+00 0.000000e+00 4.805963e-08 
-8.432862e-09 -3.845509e-07 0.000000e+00 0.000000e+00 0.000000e+00 7.192199e-07 
2.557760e-07 -5.773742e-07 0.000000e+00 0.000000e+00 0.000000e+00 -8.883636e-07 
7.521531e-08 -3.333572e-07 0.000000e+00 0.000000e+00 0.000000e+00 -1.957746e-06 
-5.532100e-08 -1.248719e-06 0.000000e+00 0.000000e+00 0.000000e+00 4.731500e-07 
-1.041356e-07 -1.062048e-06 0.000000e+00 0.000000e+00 0.000000e+00 3.241671e-07 
3.956026e-08 -7.692581e-07 0.000000e+00 0.000000e+00 0.000000e+00 -3.178887e-07 
8.931279e-08 3.885255e-07 0.000000e+00 0.000000e+00 0.000000e+00 8.338643e-07 
-2.156384e-07 4.533202e-07 0.000000e+00 0.000000e+00 0.000000e+00 4.880570e-07 
-6.074546e-08 -1.305530e-06 0.000000e+00 0.000000e+00 0.000000e+00 -5.625205e-07 
-8.913783e-09 -3.516889e-07 0.000000e+00 0.000000e+00 0.000000e+00 -9.340380e-07 
1.894529e-07 3.697893e-07 0.000000e+00 0.000000e+00 0.000000e+00 6.876396e-07 
-2.530918e-07 -6.182963e-07 0.000000e+00 0.000000e+00 0.000000e+00 1.040285e-08 
3.149125e-07 3.302588e-07 0.000000e+00 0.000000e+00 0.000000e+00 -5.556636e-07 
1.541948e-08 4.814629e-07 0.000000e+00 0.000000e+00 0.000000e+00 -1.036391e-06 
-2.610914e-08 -6.227514e-07 0.000000e+00 0.000000e+00 0.000000e+00 -1.781021e-06 
-8.674869e-08 -1.850428e-07 0.000000e+00 0.000000e+00 0.000000e+00 5.895847e-08 
-1.270235e-07 7.277377e-07 0.000000e+00 0.000000e+00 0.000000e+00 -1.465809e-07 
-3.750165e-07 -6.810356e-08 0.000000e+00 0.000000e+00 0.000000e+00 7.145224e-07 
5.557544e-08 -9.293302e-07 0.000000e+00 0.000000e+00 0.000000e+00 5.202240e-07 
-1.463176e-07 3.210720e-09 0.000000e+00 0.000000e+00 0.000000e+00 -1.940847e-06 
-4.124070e-07 -8.522965e-08 0.000000e+00 0.000000e+00 0.000000e+00 -1.755198e-07 
-3.047747e-07 2.525618e-07 0.000000e+00 0.000000e+00 0.000000e+00 1.569951e-06 
5.523955e-07 -9.931178e-08 0.000000e+00 0.000000e+00 0.000000e+00 -5.331368e-07 
1.441868e-08 -6.232445e-07 0.000000e+00 0.000000e+00 0.000000e+00 4.849057e-07 
1.758184e-07 -2.240288e-07 0.000000e+00 0.000000e+00 0.000000e+00 1.814544e-06 
2.348076e-07 7.061283e-07 0.000000e+00 0.000000e+00 0.000000e+00 1.190610e-06 
-7.199018e-08 -2.873594e-08 0.000000e+00 0.000000e+00 0.000000e+00 -3.824583e-07 
7.426585e-08 -6.065312e-08 0.000000e+00 0.000000e+00 0.000000e+00 1.844714e-06 
2.845078e-07 -6.608707e-07 0.000000e+00 0.000000e+00 0.000000e+00 1.255670e-07 
-4.913635e-08 -5.312732e-07 0.000000e+00 0.000000e+00 0.000000e+00 6.449471e-07 
3.119284e-07 6.726527e-07 0.000000e+00 0.000000e+00 0.000000e+00 -7.833222e-07 
-2.230841e-07 -2.758997e-07 0.000000e+00 0.000000e+00 0.000000e+00 -1.782412e-07 
1.165582e-08 -6.725570e-07 0.000000e+00 0.000000e+00 0.000000e+00 6.521748e-07 
7.759495e-08 9.340678e-07 0.000000e+00 0.000000e+00 0.000000e+00 7.181760e-07 
-2.328156e-07 4.694512e-08 0.000000e+00 0.000000e+00 0.000000e+00 -4.122478e-07 
-1.372536e-07 -1.063039e-06 0.000000e+00 0.000000e+00 0.000000e+00 -2.810219e-07 
2.544621e-08 2.781713e-07 0.000000e+00 0.000000e+00 0.000000e+00 1.775635e-06 
-2.498184e-08 -3.766861e-07 0.000000e+00 0.000000e+00 0.000000e+00 -7.816710e-09 
1.202367e-07 -7.664183e-07 0.000000e+00 0.000000e+00 0.000000e+00 -5.692199e-07 
-1.042880e-07 -4.482057e-07 0.000000e+00 0.000000e+00 0.000000e+00 8.178896e-07 
-1.116731e-07 -8.972443e-07 0.000000e+00 0.000000e+00 0.000000e+00 -4.554728e-07 
-3.550198e-08 7.632479e-08 0.000000e+00 0.000000e+00 0.000000e+00 -1.486683e-07 
4.312060e-07 -3.769853e-07 0.000000e+00 0.000000e+00 0.000000e+00 -5.500379e-07 
-2.111877e-08 8.693773e-07 0.000000e+00 0.000000e+00 0.000000e+00 3.398480e-07 
1.597069e-07 -2.810131e-07 0.000000e+00 0.000000e+00 0.000000e+00 -5.717677e-07 
-1.968428e-07 -1.202300e-06 0.000000e+00 0.000000e+00 0.000000e+00 -4.080154e-07 
1.917028e-07 5.296421e-08 0.000000e+00 0.000000e+00 0.000000e+00 1.481983e-06 
-1.430474e-07 -6.844915e-08 0.000000e+00 0.000000e+00 0.000000e+00 -6.547402e-07 
-2.375373e-07 4.175166e-07 0.000000e+00 0.000000e+00 0.000000e+00 3.403753e-07 
-1.200479e-07 1.600605e-07 0.000000e+00 0.000000e+00 0.000000e+00 -1.050125e-06 
1.554394e-08 -3.086774e-07 0.000000e+00 0.000000e+00 0.000000e+00 1.172672e-07 
1.042931e-07 1.258090e-07 0.000000e+00 0.000000e+00 0.000000e+00 1.059053e-06 
-1.241626e-07 1.153152e-07 0.000000e+00 0.000000e+00 0.000000e+00 4.147687e-07 
4.897500e-08 -3.531439e-07 0.000000e+00 0.000000e+00 0.000000e+00 8.035997e-08 
-8.045853e-08 -2.361583e-07 0.000000e+00 0.000000e+00 0.000000e+00 2.389748e-07 
-1.372202e-07 -1.313258e-07 0.000000e+00 0.000000e+00 0.000000e+00 1.515931e-07 
5.835066e-08 -4.199827e-07 0.000000e+00 0.000000e+00 0.000000e+00 1.299987e-06 
1.633983e-07 -6.643104e-08 0.000000e+00 0.000000e+00 0.000000e+00 -4.023622e-07 
1.034161e-07 4.394068e-07 0.000000e+00 0.000000e+00 0.000000e+00 -2.250045e-07 
-2.721344e-07 1.068358e-07 0.000000e+00 0.000000e+00 0.000000e+00 7.973306e-08 
-1.689940e-07 -1.302139e-06 0.000000e+00 0.000000e+00 0.000000e+00 -6.198354e-07 
-1.780242e-07 -4.977566e-07 0.000000e+00 0.000000e+00 0.000000e+00 -9.903676e-07 
1.432098e-07 -5.963922e-08 0.000000e+00 0.000000e+00 0.000000e+00 1.273669e-06 
1.567794e-07 -2.618805e-07 0.000000e+00 0.000000e+00 0.000000e+00 -1.137132e-07 
-3.488562e-08 -2.281646e-07 0.000000e+00 0.000000e+00 0.000000e+00 -3.605449e-07 
-1.684665e-07 -1.355252e-07 0.000000e+00 0.000000e+00 0.000000e+00 1.879758e-07 
-1.934472e-07 -1.354524e-08 0.000000e+00 0.000000e+00 0.000000e+00 -1.484744e-06 
3.991913e-08 -1.844670e-08 0.000000e+00 0.000000e+00 0.000000e+00 6.407822e-07 
-1.243248e-07 -1.562505e-07 0.000000e+00 0.000000e+00 0.000000e+00 -2.689524e-07 
4.010517e-08 -2.522715e-07 0.000000e+00 0.000000e+00 0.000000e+00 3.111880e-07 
-4.698481e-07 -5.210292e-07 0.000000e+00 0.000000e+00 0.000000e+00 -1.683886e-06 
-6.059972e-08 -5.307528e-07 0.000000e+00 0.000000e+00 0.000000e+00 -6.373170e-07 
-1.592910e-07 3.285661e-07 0.000000e+00 0.000000e+00 0.000000e+00 -3.562397e-07 
5.178930e-08 4.600802e-08 0.000000e+00 0.000000e+00 0.000000e+00 1.232210e-06 
-8.282120e-08 -7.765188e-07 0.000000e+00 0.000000e+00 0.000000e+00 -1.836335e-07 
1.465730e-07 4.516457e-07 0.000000e+00 0.000000e+00 0.000000e+00 5.708968e-07 
1.235567e-07 -4.151419e-08 0.000000e+00 0.000000e+00 0.000000e+00 6.316161e-07 
-2.169169e-07 -7.114305e-08 0.000000e+00 0.000000e+00 0.000000e+00 -6.970779e-07 
-9.450562e-08 1.199860e-07 0.000000e+00 0.000000e+00 0.000000e+00 8.738202e-07 
-1.062559e-07 2.443755e-08 0.000000e+00 0.000000e+00 0.000000e+00 1.809775e-07 
5.197174e-08 -3.829217e-07 0.000000e+00 0.000000e+00 0.000000e+00 7.914148e-07 
3.349974e-08 2.269684e-07 0.000000e+00 0.000000e+00 0.000000e+00 6.835812e-07 
2.503410e-07 -7.116501e-07 0.000000e+00 0.000000e+00 0.000000e+00 3.682448e-07 
-1.199481e-07 4.743234e-07 0.000000e+00 0.000000e+00 0.000000e+00 1.289497e-07 
-1.489511e-07 5.733197e-07 0.000000e+00 0.000000e+00 0.000000e+00 9.059527e-08 
1.657578e-07 -4.301689e-07 0.000000e+00 0.000000e+00 0.000000e+00 5.150762e-07 
-1.233808e-07 -9.346008e-08 0.000000e+00 0.000000e+00 0.000000e+00 -4.897501e-07 
2.664390e-07 8.080289e-08 0.000000e+00 0.000000e+00 0.000000e+00 8.194502e-07 
3.108823e-07 2.366881e-07 0.000000e+00 0.000000e+00 0.000000e+00 6.842361e-07 
-5.207037e-08 -4.189321e-07 0.000000e+00 0.000000e+00 0.000000e+00 1.414267e-07 
-1.302787e-07 -2.993921e-07 0.000000e+00 0.000000e+00 0.000000e+00 6.254952e-08 
2.103537e-07 -1.851933e-08 0.000000e+00 0.000000e+00 0.000000e+00 2.837296e-07 
-1.701328e-07 8.143140e-08 0.000000e+00 0.000000e+00 0.000000e+00 3.226070e-07 
-1.601751e-07 -1.543032e-07 0.000000e+00 0.000000e+00 0.000000e+00 -5.969386e-07 
-1.071730e-07 -2.237820e-07 0.000000e+00 0.000000e+00 0.000000e+00 -1.635933e-07 
-5.707805e-07 -1.920818e-07 0.000000e+00 0.000000e+00 0.000000e+00 -1.422806e-06 
1.752763e-07 2.858977e-07 0.000000e+00 0.000000e+00 0.000000e+00 5.356705e-07 
1.149658e-07 -3.218116e-07 0.000000e+00 0.000000e+00 0.000000e+00 3.334212e-07 
1.528684e-07 -1.239560e-10 0.000000e+00 0.000000e+00 0.000000e+00 7.954788e-07 
-5.968368e-08 -3.373918e-07 0.000000e+00 0.000000e+00 0.000000e+00 -4.165364e-07 
-5.482921e-08 1.476711e-07 0.000000e+00 0.000000e+00 0.000000e+00 -3.351453e-07 
-2.661771e-07 -5.337884e-08 0.000000e+00 0.000000e+00 0.000000e+00 -3.561163e-07 
4.980647e-08 -2.715241e-07 0.000000e+00 0.000000e+00 0.000000e+00 4.691921e-07 
-6.580981e-08 3.635312e-07 0.000000e+00 0.000000e+00 0.000000e+00 -2.531861e-07 
8.024656e-08 7.026200e-08 0.000000e+00 0.000000e+00 0.000000e+00 2.077205e-07 
-1.163095e-07 1.554350e-07 0.000000e+00 0.000000e+00 0.000000e+00 -4.000957e-07 
-8.627660e-08 1.774225e-07 0.000000e+00 0.000000e+00 0.000000e+00 -3.391622e-07 
9.886554e-08 -7.306729e-08 0.000000e+00 0.000000e+00 0.000000e+00 5.770726e-08 
-2.246609e-07 -1.599055e-07 0.000000e+00 0.000000e+00 0.000000e+00 -6.855768e-07 
1.131536e-08 -1.104519e-07 0.000000e+00 0.000000e+00 0.000000e+00 -3.160883e-07 
-5.990750e-08 -2.159479e-08 0.000000e+00 0.000000e+00 0.000000e+00 -7.451288e-07 
2.507797e-07 1.399964e-07 0.000000e+00 0.000000e+00 0.000000e+00 7.938376e-07 
2.646784e-07 -3.510648e-08 0.000000e+00 0.000000e+00 0.000000e+00 7.536891e-07 
2.438972e-08 -5.221025e-08 0.000000e+00 0.000000e+00 0.000000e+00 -4.892178e-08 
-2.953993e-07 -3.298815e-07 0.000000e+00 0.000000e+00 0.000000e+00 -8.772841e-07 
-5.617584e-08 6.163379e-07 0.000000e+00 0.000000e+00 0.000000e+00 -1.015756e-07 
-4.772316e-08 1.800692e-08 0.000000e+00 0.000000e+00 0.000000e+00 -7.131593e-08 
4.102147e-09 4.617982e-07 0.000000e+00 0.000000e+00 0.000000e+00 -1.632427e-07 
2.092577e-07 -1.536474e-07 0.000000e+00 0.000000e+00 0.000000e+00 8.067460e-08 
-6.893531e-08 -1.434304e-07 0.000000e+00 0.000000e+00 0.000000e+00 -1.600944e-07 
-1.803882e-08 2.303904e-09 0.000000e+00 0.000000e+00 0.000000e+00 -3.266595e-07 
-5.755411e-08 -4.109123e-08 0.000000e+00 0.000000e+00 0.000000e+00 -4.923676e-07 
2.431766e-07 -1.631813e-08 0.000000e+00 0.000000e+00 0.000000e+00 7.924037e-07 
-2.950872e-07 -1.241093e-07 0.000000e+00 0.000000e+00 0.000000e+00 -8.914152e-07 
-2.130692e-07 -3.537565e-07 0.000000e+00 0.000000e+00 0.000000e+00 -2.950009e-07 
2.901092e-08 1.991617e-07 0.000000e+00 0.000000e+00 0.000000e+00 1.679899e-07 
-3.831075e-07 -1.376465e-07 0.000000e+00 0.000000e+00 0.000000e+00 -7.552400e-07 
-3.827682e-07 -1.930808e-07 0.000000e+00 0.000000e+00 0.000000e+00 -9.143623e-07 
1.429088e-07 3.690098e-07 0.000000e+00 0.000000e+00 0.000000e+00 1.371137e-07 
1.263700e-07 1.435865e-07 0.000000e+00 0.000000e+00 0.000000e+00 1.213011e-07 
1.183313e-07 -3.807196e-08 0.000000e+00 0.000000e+00 0.000000e+00 7.331954e-07 
-9.542795e-08 1.540038e-07 0.000000e+00 0.000000e+00 0.000000e+00 -1.647999e-07 
-7.328176e-08 2.251393e-07 0.000000e+00 0.000000e+00 0.000000e+00 -1.017461e-07 
-4.712629e-08 1.001205e-07 0.000000e+00 0.000000e+00 0.000000e+00 -3.138702e-07 
-2.129923e-07 -9.318795e-08 0.000000e+00 0.000000e+00 0.000000e+00 -7.281161e-07 
2.488429e-07 3.675669e-07 0.000000e+00 0.000000e+00 0.000000e+00 3.513301e-07 
-1.565899e-08 -9.540734e-08 0.000000e+00 0.000000e+00 0.000000e+00 3.268293e-07 
2.352617e-07 1.168828e-07 0.000000e+00 0.000000e+00 0.000000e+00 4.360368e-07 
1.515758e-09 -9.717109e-08 0.000000e+00 0.000000e+00 0.000000e+00 2.410014e-07 
1.470047e-08 -1.269739e-07 0.000000e+00 0.000000e+00 0.000000e+00 1.202866e-07 
-1.564477e-07 -2.601746e-07 0.000000e+00 0.000000e+00 0.000000e+00 -5.723277e-07 
-2.574225e-08 -5.941794e-08 0.000000e+00 0.000000e+00 0.000000e+00 1.277642e-07 
-9.916897e-08 2.163116e-07 0.000000e+00 0.000000e+00 0.000000e+00 -1.132276e-07 
6.293259e-08 -3.913663e-09 0.000000e+00 0.000000e+00 0.000000e+00 -1.623472e-07 
3.097766e-08 5.835747e-08 0.000000e+00 0.000000e+00 0.000000e+00 1.046945e-07 
-1.708522e-07 -2.579659e-07 0.000000e+00 0.000000e+00 0.000000e+00 -3.384857e-07 
-7.633780e-08 -4.198705e-08 0.000000e+00 0.000000e+00 0.000000e+00 -4.916203e-07 
1.036698e-08 4.181578e-08 0.000000e+00 0.000000e+00 0.000000e+00 -2.810293e-07 
4.769355e-08 -6.629273e-08 0.000000e+00 0.000000e+00 0.000000e+00 2.472349e-07 
-8.865757e-09 -3.582897e-07 0.000000e+00 0.000000e+00 0.000000e+00 -1.579657e-07 
-1.631839e-08 1.321728e-07 0.000000e+00 0.000000e+00 0.000000e+00 -9.332062e-08 
1.078400e-07 1.425616e-07 0.000000e+00 0.000000e+00 0.000000e+00 3.225573e-07 
9.925418e-08 1.924602e-07 0.000000e+00 0.000000e+00 0.000000e+00 2.319826e-07 
-4.546674e-08 4.892990e-08 0.000000e+00 0.000000e+00 0.000000e+00 7.298369e-08 
-2.147261e-08 1.672904e-07 0.000000e+00 0.000000e+00 0.000000e+00 5.462217e-08 
1.157531e-07 2.571880e-08 0.000000e+00 0.000000e+00 0.000000e+00 3.005590e-07 
3.954203e-08 2.663647e-07 0.000000e+00 0.000000e+00 0.000000e+00 -6.779389e-08 
-1.757956e-08 -1.069200e-07 0.000000e+00 0.000000e+00 0.000000e+00 -1.318145e-07 
7.252179e-08 1.258401e-07 0.000000e+00 0.000000e+00 0.000000e+00 2.090577e-07 
-1.681732e-08 -1.828890e-07 0.000000e+00 0.000000e+00 0.000000e+00 9.378509e-08 
7.357780e-08 -2.977750e-08 0.000000e+00 0.000000e+00 0.000000e+00 2.973611e-07 
-2.576164e-08 -2.583334e-07 0.000000e+00 0.000000e+00 0.000000e+00 -4.126289e-08 
-9.812521e-08 -1.694358e-07 0.000000e+00 0.000000e+00 0.000000e+00 -2.196350e-07 
8.562144e-08 4.685510e-08 0.000000e+00 0.000000e+00 0.000000e+00 1.276611e-07 
8.778616e-09 1.358369e-07 0.000000e+00 0.000000e+00 0.000000e+00 -6.928634e-08 
9.333308e-08 2.092051e-07 0.000000e+00 0.000000e+00 0.000000e+00 1.246510e-07 
1.280493e-08 -5.942954e-08 0.000000e+00 0.000000e+00 0.000000e+00 6.893839e-08 
1.731170e-07 1.726062e-07 0.000000e+00 0.000000e+00 0.000000e+00 3.509703e-07 
2.593395e-08 4.752314e-08 0.000000e+00 0.000000e+00 0.000000e+00 -7.856247e-08 
1.908883e-08 -8.823780e-10 0.000000e+00 0.000000e+00 0.000000e+00 1.715335e-07 
-2.220674e-08 1.694695e-07 0.000000e+00 0.000000e+00 0.000000e+00 -6.268707e-08 
-4.718751e-08 -3.681688e-08 0.000000e+00 0.000000e+00 0.000000e+00 -1.766854e-07 
-9.827701e-08 -2.915084e-08 0.000000e+00 0.000000e+00 0.000000e+00 -3.103890e-07 
-5.425277e-08 -4.257087e-08 0.000000e+00 0.000000e+00 0.000000e+00 -1.158184e-07 
2.186962e-08 4.531771e-08 0.000000e+00 0.000000e+00 0.000000e+00 2.103299e-08 
1.207575e-07 1.691821e-07 0.000000e+00 0.000000e+00 0.000000e+00 2.413836e-07 
-4.528949e-08 -1.780313e-07 0.000000e+00 0.000000e+00 0.000000e+00 -5.659386e-09 
4.971142e-08 1.717676e-07 0.000000e+00 0.000000e+00 0.000000e+00 1.641288e-07 
5.052197e-08 -1.359742e-07 0.000000e+00 0.000000e+00 0.000000e+00 1.247201e-07 
-2.405091e-08 -6.570777e-08 0.000000e+00 0.000000e+00 0.000000e+00 -3.069237e-08 
-5.459345e-08 -2.903590e-08 0.000000e+00 0.000000e+00 0.000000e+00 -8.029357e-08 
5.096514e-08 -5.861745e-08 0.000000e+00 0.000000e+00 0.000000e+00 1.516884e-07 
5.497539e-08 -5.196893e-08 0.000000e+00 0.000000e+00 0.000000e+00 2.071357e-07 
3.454636e-08 5.266055e-08 0.000000e+00 0.000000e+00 0.000000e+00 7.907621e-08 
-4.864071e-08 -6.222713e-08 0.000000e+00 0.000000e+00 0.000000e+00 -1.594844e-07 
-5.278069e-08 -5.178576e-08 0.000000e+00 0.000000e+00 0.000000e+00 -5.935439e-08 
-8.879438e-09 8.028682e-08 0.000000e+00 0.000000e+00 0.000000e+00 -1.986716e-08 
-6.963476e-09 -5.074056e-08 0.000000e+00 0.000000e+00 0.000000e+00 5.909438e-08 
-6.059698e-08 -6.401269e-08 0.000000e+00 0.000000e+00 0.000000e+00 -1.647427e-07 
-2.374495e-08 2.247476e-08 0.000000e+00 0.000000e+00 0.000000e+00 -1.636591e-08 
2.259193e-08 3.779588e-08 0.000000e+00 0.000000e+00 0.000000e+00 5.791100e-08 
-4.303990e-08 -7.292330e-09 0.000000e+00 0.000000e+00 0.000000e+00 -4.237722e-08 
2.125834e-08 3.222247e-08 0.000000e+00 0.000000e+00 0.000000e+00 4.706784e-08 
-3.870298e-09 1.114872e-07 0.000000e+00 0.000000e+00 0.000000e+00 -2.734899e-08 
-4.834690e-08 -6.191780e-08 0.000000e+00 0.000000e+00 0.000000e+00 -1.137113e-07 
-3.799994e-08 2.245805e-08 0.000000e+00 0.000000e+00 0.000000e+00 -1.241124e-07 
-3.782845e-08 -8.599648e-09 0.000000e+00 0.000000e+00 0.000000e+00 -1.423973e-07 
-1.952578e-08 3.271613e-08 0.000000e+00 0.000000e+00 0.000000e+00 -8.318528e-08 
-1.078730e-08 -6.952637e-08 0.000000e+00 0.000000e+00 0.000000e+00 -1.362378e-08 
2.852093e-08 7.736922e-08 0.000000e+00 0.000000e+00 0.000000e+00 4.734449e-08 
-1.130647e-08 -2.381264e-08 0.000000e+00 0.000000e+00 0.000000e+00 -1.148608e-08 
-1.312438e-08 -6.209494e-08 0.000000e+00 0.000000e+00 0.000000e+00 -4.157031e-08 
-5.438387e-08 -3.135619e-08 0.000000e+00 0.000000e+00 0.000000e+00 -1.240470e-07 
3.152140e-08 -6.244306e-09 0.000000e+00 0.000000e+00 0.000000e+00 8.702029e-08 
-2.708781e-09 -2.641423e-09 0.000000e+00 0.000000e+00 0.000000e+00 -9.279896e-09 
2.430327e-08 -6.043902e-08 0.000000e+00 0.000000e+00 0.000000e+00 5.657080e-08 
3.438112e-08 5.381048e-08 0.000000e+00 0.000000e+00 0.000000e+00 6.783718e-08 
-2.260099e-08 1.790308e-08 0.000000e+00 0.000000e+00 0.000000e+00 -8.788697e-08 
-7.194294e-09 -4.407114e-08 0.000000e+00 0.000000e+00 0.000000e+00 -1.166291e-08 
-2.956970e-08 1.708826e-08 0.000000e+00 0.000000e+00 0.000000e+00 -8.289611e-08 
-1.319328e-09 3.406123e-08 0.000000e+00 0.000000e+00 0.000000e+00 -2.770354e-08 
2.660758e-09 2.773764e-08 0.000000e+00 0.000000e+00 0.000000e+00 -5.805761e-10 
1.131349e-08 -1.988393e-09 0.000000e+00 0.000000e+00 0.000000e+00 2.872778e-08 
1.160326e-09 1.861918e-08 0.000000e+00 0.000000e+00 0.000000e+00 2.847533e-08 
3.020675e-09 2.391501e-08 0.000000e+00 0.000000e+00 0.000000e+00 1.037511e-08 
2.244757e-08 1.313413e-08 0.000000e+00 0.000000e+00 0.000000e+00 1.284354e-08 
-2.657580e-09 2.813730e-08 0.000000e+00 0.000000e+00 0.000000e+00 -3.309826e-08 
-1.215310e-08 7.222339e-09 0.000000e+00 0.000000e+00 0.000000e+00 -3.860029e-09 
1.493378e-09 -4.308191e-09 0.000000e+00 0.000000e+00 0.000000e+00 1.289517e-08 
-8.852520e-09 -8.008204e-09 0.000000e+00 0.000000e+00 0.000000e+00 -1.558162e-08 
1.831837e-08 1.587345e-08 0.000000e+00 0.000000e+00 0.000000e+00 1.926260e-08 
-1.082094e-08 -1.970309e-08 0.000000e+00 0.000000e+00 0.000000e+00 -2.621585e-08 
-2.392923e-08 -8.464056e-09 0.000000e+00 0.000000e+00 0.000000e+00 -4.470666e-08 
8.032120e-09 2.209534e-08 0.000000e+00 0.000000e+00 0.000000e+00 2.433950e-08 
8.518690e-09 -9.799068e-11 0.000000e+00 0.000000e+00 0.000000e+00 2.804677e-08 
5.521855e-09 1.580118e-08 0.000000e+00 0.000000e+00 0.000000e+00 -1.274124e-09 
1.572122e-09 1.112875e-08 0.000000e+00 0.000000e+00 0.000000e+00 -1.060914e-08 
-6.075552e-09 4.670707e-09 0.000000e+00 0.000000e+00 0.000000e+00 -2.760778e-08 
-9.318654e-09 -4.641728e-09 0.000000e+00 0.000000e+00 0.000000e+00 -2.333957e-08 
-3.596603e-09 1.075914e-08 0.000000e+00 0.000000e+00 0.000000e+00 -1.235602e-08 
-5.248162e-09 -2.209552e-09 0.000000e+00 0.000000e+00 0.000000e+00 -2.164613e-08 
-1.693018e-09 2.089511e-09 0.000000e+00 0.000000e+00 0.000000e+00 -1.092950e-08 
-9.282798e-09 -4.237333e-09 0.000000e+00 0.000000e+00 0.000000e+00 -1.947191e-08 
-2.558146e-09 9.387951e-09 0.000000e+00 0.000000e+00 0.000000e+00 -1.443649e-08 
5.710400e-09 1.204547e-08 0.000000e+00 0.000000e+00 0.000000e+00 7.116456e-09 
-1.408259e-09 7.999783e-09 0.000000e+00 0.000000e+00 0.000000e+00 -1.443603e-08 
9.170275e-11 7.478235e-09 0.000000e+00 0.000000e+00 0.000000e+00 -3.772473e-09 
-1.104546e-09 5.673505e-09 0.000000e+00 0.000000e+00 0.000000e+00 -7.946934e-09 
-2.002124e-09 7.510108e-09 0.000000e+00 0.000000e+00 0.000000e+00 -7.908854e-09 
3.169384e-10 3.804199e-09 0.000000e+00 0.000000e+00 0.000000e+00 -6.916074e-09 
-8.468752e-10 4.229954e-09 0.000000e+00 0.000000e+00 0.000000e+00 -6.072550e-09 
1.149652e-10 5.418470e-09 0.000000e+00 0.000000e+00 0.000000e+00 -5.748397e-09 
8.382143e-10 5.017571e-09 0.000000e+00 0.000000e+00 0.000000e+00 -5.577297e-09 
-5.993472e-10 4.194315e-09 0.000000e+00 0.000000e+00 0.000000e+00 -7.350024e-09 
-2.076849e-10 6.931167e-09 0.000000e+00 0.000000e+00 0.000000e+00 -6.638729e-09 
1.004558e-09 4.746979e-09 0.000000e+00 0.000000e+00 0.000000e+00 -2.960224e-09 
-1.157649e-09 3.197238e-09 0.000000e+00 0.000000e+00 0.000000e+00 -6.211967e-09 
-1.344568e-09 7.095795e-09 0.000000e+00 0.000000e+00 0.000000e+00 -6.374142e-09 
-2.179456e-10 4.920073e-09 0.000000e+00 0.000000e+00 0.000000e+00 -3.596498e-09 
2.007943e-09 6.641582e-09 0.000000e+00 0.000000e+00 0.000000e+00 2.403330e-09 
2.498820e-10 3.387785e-09 0.000000e+00 0.000000e+00 0.000000e+00 -5.996981e-09 
-2.439678e-09 1.835692e-09 0.000000e+00 0.000000e+00 0.000000e+00 -1.318357e-08 
2.424037e-09 3.891922e-09 0.000000e+00 0.000000e+00 0.000000e+00 3.640679e-10 
-2.687178e-09 5.023502e-09 0.000000e+00 0.000000e+00 0.000000e+00 -1.460453e-08 
1.743312e-09 2.474011e-09 0.000000e+00 0.000000e+00 0.000000e+00 1.149417e-09 
9.568742e-10 3.697371e-09 0.000000e+00 0.000000e+00 0.000000e+00 -5.005697e-09 
1.796067e-09 5.427712e-09 0.000000e+00 0.000000e+00 0.000000e+00 -9.211087e-10 
-1.552672e-10 1.293409e-08 0.000000e+00 0.000000e+00 0.000000e+00 -6.703445e-09 
