0.000000e+00 0.000000e+00 0.000000e+00 0.000000e+00 0.000000e+00 0.000000e+00 3.803000e-01 -6.198000e-01 0.000000e+00 0.000000e+00 0.000000e+00 0.000000e+00 0.000000e+00 0.000000e+00 -0.000000e+00 -0.000000e+00 0.000000e+00 
-2.305786e-09 1.164094e-08 0.000000e+00 1.391031e-07 0.000000e+00 0.000000e+00 3.802995e-01 -6.198002e-01 -6.917249e-08 3.492230e-07 0.000000e+00 4.173033e-06 0.000000e+00 0.000000e+00 -1.426359e-05 -6.952307e-06 -2.177922e-09 
-1.844215e-08 9.311542e-08 0.000000e+00 1.112678e-06 0.000000e+00 0.000000e+00 3.802962e-01 -6.198019e-01 -2.766493e-07 1.396740e-06 0.000000e+00 1.669030e-05 0.000000e+00 0.000000e+00 -5.704810e-05 -2.780618e-05 -3.476184e-08 
-6.224085e-08 3.142459e-07 0.000000e+00 3.755069e-06 0.000000e+00 0.000000e+00 3.802872e-01 -6.198063e-01 -6.223211e-07 3.142094e-06 0.000000e+00 3.754629e-05 0.000000e+00 0.000000e+00 -1.283348e-04 -6.255247e-05 -1.762444e-07 
-1.475108e-07 7.447807e-07 0.000000e+00 8.899720e-06 0.000000e+00 0.000000e+00 3.802696e-01 -6.198148e-01 -1.105962e-06 5.584526e-06 0.000000e+00 6.673181e-05 0.000000e+00 0.000000e+00 -2.280923e-04 -1.111759e-04 -5.569927e-07 
-2.880248e-07 1.454363e-06 0.000000e+00 1.737879e-05 0.000000e+00 0.000000e+00 3.802406e-01 -6.198290e-01 -1.727207e-06 8.722983e-06 0.000000e+00 1.042340e-04 0.000000e+00 0.000000e+00 -3.562770e-04 -1.736552e-04 -1.358890e-06 
-4.975194e-07 2.512529e-06 0.000000e+00 3.002313e-05 0.000000e+00 0.000000e+00 3.801974e-01 -6.198500e-01 -2.485546e-06 1.255611e-05 0.000000e+00 1.500362e-04 0.000000e+00 0.000000e+00 -5.128326e-04 -2.499630e-04 -2.815337e-06 
-7.893110e-07 3.988370e-06 0.000000e+00 4.765770e-05 0.000000e+00 0.000000e+00 3.801371e-01 -6.198794e-01 -3.380081e-06 1.708231e-05 0.000000e+00 2.041182e-04 0.000000e+00 0.000000e+00 -6.976904e-04 -3.400657e-04 -5.193867e-06 
-1.177010e-06 5.951106e-06 0.000000e+00 7.110945e-05 0.000000e+00 0.000000e+00 3.800569e-01 -6.199185e-01 -4.409937e-06 2.229964e-05 0.000000e+00 2.664561e-04 0.000000e+00 0.000000e+00 -9.107694e-04 -4.439239e-04 -8.828839e-06 
-1.674544e-06 8.470099e-06 0.000000e+00 1.012075e-04 0.000000e+00 0.000000e+00 3.799540e-01 -6.199686e-01 -5.574276e-06 2.820584e-05 0.000000e+00 3.370219e-04 0.000000e+00 0.000000e+00 -1.151976e-03 -5.614920e-04 -1.412334e-05 
-2.295549e-06 1.161432e-05 0.000000e+00 1.387761e-04 0.000000e+00 0.000000e+00 3.798256e-01 -6.200312e-01 -6.871911e-06 3.479839e-05 0.000000e+00 4.157841e-04 0.000000e+00 0.000000e+00 -1.421205e-03 -6.927184e-04 -2.152154e-05 
-3.053362e-06 1.545234e-05 0.000000e+00 1.846341e-04 0.000000e+00 0.000000e+00 3.796688e-01 -6.201076e-01 -8.301307e-06 4.207448e-05 0.000000e+00 5.027077e-04 0.000000e+00 0.000000e+00 -1.718337e-03 -8.375455e-04 -3.150869e-05 
-3.961030e-06 2.005236e-05 0.000000e+00 2.395954e-04 0.000000e+00 0.000000e+00 3.794810e-01 -6.201992e-01 -9.860581e-06 5.003107e-05 0.000000e+00 5.977535e-04 0.000000e+00 0.000000e+00 -2.043243e-03 -9.959099e-04 -4.461114e-05 
-5.031302e-06 2.548218e-05 0.000000e+00 3.044691e-04 0.000000e+00 0.000000e+00 3.792593e-01 -6.203073e-01 -1.154750e-05 5.866484e-05 0.000000e+00 7.008791e-04 0.000000e+00 0.000000e+00 -2.395779e-03 -1.167742e-03 -6.139630e-05 
-6.276634e-06 3.180919e-05 0.000000e+00 3.800588e-04 0.000000e+00 0.000000e+00 3.790009e-01 -6.204332e-01 -1.335949e-05 6.797219e-05 0.000000e+00 8.120382e-04 0.000000e+00 0.000000e+00 -2.775792e-03 -1.352967e-03 -8.247269e-05 
-7.709187e-06 3.910042e-05 0.000000e+00 4.671635e-04 0.000000e+00 0.000000e+00 3.787032e-01 -6.205783e-01 -1.529361e-05 7.794929e-05 0.000000e+00 9.311808e-04 0.000000e+00 0.000000e+00 -3.183115e-03 -1.551502e-03 -1.084899e-04 
-9.340827e-06 4.742249e-05 0.000000e+00 5.665766e-04 0.000000e+00 0.000000e+00 3.783634e-01 -6.207439e-01 -1.734659e-05 8.859201e-05 0.000000e+00 1.058253e-03 0.000000e+00 0.000000e+00 -3.617569e-03 -1.763262e-03 -1.401386e-04 
-1.118313e-05 5.684164e-05 0.000000e+00 6.790869e-04 0.000000e+00 0.000000e+00 3.779788e-01 -6.209314e-01 -1.951481e-05 9.989599e-05 0.000000e+00 1.193198e-03 0.000000e+00 0.000000e+00 -4.078963e-03 -1.988153e-03 -1.781506e-04 
-1.324736e-05 6.742371e-05 0.000000e+00 8.054778e-04 0.000000e+00 0.000000e+00 3.775467e-01 -6.211420e-01 -2.179429e-05 1.118566e-04 0.000000e+00 1.335954e-03 0.000000e+00 0.000000e+00 -4.567095e-03 -2.226077e-03 -2.232986e-04 
-1.554452e-05 7.923416e-05 0.000000e+00 9.465280e-04 0.000000e+00 0.000000e+00 3.770645e-01 -6.213770e-01 -2.418071e-05 1.244689e-04 0.000000e+00 1.486457e-03 0.000000e+00 0.000000e+00 -5.081751e-03 -2.476929e-03 -2.763967e-04 
-1.808528e-05 9.233804e-05 0.000000e+00 1.103011e-03 0.000000e+00 0.000000e+00 3.765295e-01 -6.216378e-01 -2.666940e-05 1.377277e-04 0.000000e+00 1.644639e-03 0.000000e+00 0.000000e+00 -5.622705e-03 -2.740598e-03 -3.382999e-04 
-2.088004e-05 1.068000e-04 0.000000e+00 1.275694e-03 0.000000e+00 0.000000e+00 3.759391e-01 -6.219256e-01 -2.925534e-05 1.516276e-04 0.000000e+00 1.810426e-03 0.000000e+00 0.000000e+00 -6.189720e-03 -3.016971e-03 -4.099042e-04 
-2.393842e-05 1.226841e-04 0.000000e+00 1.465338e-03 0.000000e+00 0.000000e+00 3.752907e-01 -6.222416e-01 -3.193304e-05 1.661629e-04 0.000000e+00 1.983744e-03 0.000000e+00 0.000000e+00 -6.782547e-03 -3.305924e-03 -4.921224e-04 
-2.726831e-05 1.400529e-04 0.000000e+00 1.672682e-03 0.000000e+00 0.000000e+00 3.745817e-01 -6.225872e-01 -3.469619e-05 1.813279e-04 0.000000e+00 2.164514e-03 0.000000e+00 0.000000e+00 -7.400926e-03 -3.607333e-03 -5.858398e-04 
-3.087848e-05 1.589694e-04 0.000000e+00 1.898472e-03 0.000000e+00 0.000000e+00 3.738096e-01 -6.229635e-01 -3.753823e-05 1.971162e-04 0.000000e+00 2.352653e-03 0.000000e+00 0.000000e+00 -8.044586e-03 -3.921063e-03 -6.920505e-04 
-3.477693e-05 1.794959e-04 0.000000e+00 2.143443e-03 0.000000e+00 0.000000e+00 3.729720e-01 -6.233718e-01 -4.045218e-05 2.135216e-04 0.000000e+00 2.548073e-03 0.000000e+00 0.000000e+00 -8.713245e-03 -4.246978e-03 -8.117663e-04 
-3.897067e-05 2.016937e-04 0.000000e+00 2.408321e-03 0.000000e+00 0.000000e+00 3.720662e-01 -6.238133e-01 -4.343054e-05 2.305375e-04 0.000000e+00 2.750686e-03 0.000000e+00 0.000000e+00 -9.406609e-03 -4.584935e-03 -9.460065e-04 
-4.346576e-05 2.256237e-04 0.000000e+00 2.693821e-03 0.000000e+00 0.000000e+00 3.710898e-01 -6.242892e-01 -4.646531e-05 2.481570e-04 0.000000e+00 2.960398e-03 0.000000e+00 0.000000e+00 -1.012437e-02 -4.934786e-03 -1.095798e-03 
-4.826727e-05 2.513457e-04 0.000000e+00 3.000645e-03 0.000000e+00 0.000000e+00 3.700405e-01 -6.248007e-01 -4.954798e-05 2.663730e-04 0.000000e+00 3.177111e-03 0.000000e+00 0.000000e+00 -1.086623e-02 -5.296376e-03 -1.262174e-03 
-5.337931e-05 2.789191e-04 0.000000e+00 3.329490e-03 0.000000e+00 0.000000e+00 3.689158e-01 -6.253489e-01 -5.266956e-05 2.851782e-04 0.000000e+00 3.400727e-03 0.000000e+00 0.000000e+00 -1.163184e-02 -5.669548e-03 -1.446177e-03 
-5.880501e-05 3.084021e-04 0.000000e+00 3.681037e-03 0.000000e+00 0.000000e+00 3.677133e-01 -6.259349e-01 -5.582054e-05 3.045650e-04 0.000000e+00 3.631140e-03 0.000000e+00 0.000000e+00 -1.242087e-02 -6.054138e-03 -1.648856e-03 
-6.454652e-05 3.398524e-04 0.000000e+00 4.055958e-03 0.000000e+00 0.000000e+00 3.664308e-01 -6.265601e-01 -5.899091e-05 3.245258e-04 0.000000e+00 3.868245e-03 0.000000e+00 0.000000e+00 -1.323299e-02 -6.449977e-03 -1.871267e-03 
-7.060505e-05 3.733270e-04 0.000000e+00 4.454917e-03 0.000000e+00 0.000000e+00 3.650660e-01 -6.272253e-01 -6.217018e-05 3.450523e-04 0.000000e+00 4.111931e-03 0.000000e+00 0.000000e+00 -1.406783e-02 -6.856891e-03 -2.114474e-03 
-7.698081e-05 4.088818e-04 0.000000e+00 4.878565e-03 0.000000e+00 0.000000e+00 3.636165e-01 -6.279318e-01 -6.534732e-05 3.661365e-04 0.000000e+00 4.362085e-03 0.000000e+00 0.000000e+00 -1.492503e-02 -7.274702e-03 -2.379549e-03 
-8.367304e-05 4.465723e-04 0.000000e+00 5.327542e-03 0.000000e+00 0.000000e+00 3.620802e-01 -6.286806e-01 -6.851084e-05 3.877697e-04 0.000000e+00 4.618589e-03 0.000000e+00 0.000000e+00 -1.580420e-02 -7.703227e-03 -2.667571e-03 
-9.068001e-05 4.864530e-04 0.000000e+00 5.802479e-03 0.000000e+00 0.000000e+00 3.604550e-01 -6.294728e-01 -7.164872e-05 4.099433e-04 0.000000e+00 4.881322e-03 0.000000e+00 0.000000e+00 -1.670497e-02 -8.142278e-03 -2.979626e-03 
-9.799902e-05 5.285777e-04 0.000000e+00 6.303995e-03 0.000000e+00 0.000000e+00 3.587385e-01 -6.303094e-01 -7.474845e-05 4.326482e-04 0.000000e+00 5.150162e-03 0.000000e+00 0.000000e+00 -1.762694e-02 -8.591661e-03 -3.316809e-03 
-1.056263e-04 5.729994e-04 0.000000e+00 6.832700e-03 0.000000e+00 0.000000e+00 3.569289e-01 -6.311915e-01 -7.779704e-05 4.558753e-04 0.000000e+00 5.424980e-03 0.000000e+00 0.000000e+00 -1.856971e-02 -9.051181e-03 -3.680215e-03 
-1.135554e-04 6.197692e-04 0.000000e+00 7.389179e-03 0.000000e+00 0.000000e+00 3.550239e-01 -6.321200e-01 -8.078127e-05 4.796150e-04 0.000000e+00 5.705648e-03 0.000000e+00 0.000000e+00 -1.953286e-02 -9.520635e-03 -4.070841e-03 
-1.217788e-04 6.689380e-04 0.000000e+00 7.974009e-03 0.000000e+00 0.000000e+00 3.530216e-01 -6.330959e-01 -8.368707e-05 5.038577e-04 0.000000e+00 5.992032e-03 0.000000e+00 0.000000e+00 -2.051597e-02 -9.999818e-03 -4.489724e-03 
-1.302885e-04 7.205560e-04 0.000000e+00 8.587759e-03 0.000000e+00 0.000000e+00 3.509201e-01 -6.341203e-01 -8.649977e-05 5.285934e-04 0.000000e+00 6.283996e-03 0.000000e+00 0.000000e+00 -2.151860e-02 -1.048852e-02 -4.937918e-03 
-1.390746e-04 7.746720e-04 0.000000e+00 9.230981e-03 0.000000e+00 0.000000e+00 3.487173e-01 -6.351939e-01 -8.920435e-05 5.538121e-04 0.000000e+00 6.581400e-03 0.000000e+00 0.000000e+00 -2.254033e-02 -1.098652e-02 -5.416444e-03 
-1.481256e-04 8.313341e-04 0.000000e+00 9.904215e-03 0.000000e+00 0.000000e+00 3.464114e-01 -6.363179e-01 -9.178544e-05 5.795031e-04 0.000000e+00 6.884102e-03 0.000000e+00 0.000000e+00 -2.358069e-02 -1.149362e-02 -5.926288e-03 
-1.574283e-04 8.905887e-04 0.000000e+00 1.060798e-02 0.000000e+00 0.000000e+00 3.440005e-01 -6.374929e-01 -9.422729e-05 6.056559e-04 0.000000e+00 7.191956e-03 0.000000e+00 0.000000e+00 -2.463924e-02 -1.200957e-02 -6.468400e-03 
-1.669678e-04 9.524816e-04 0.000000e+00 1.134279e-02 0.000000e+00 0.000000e+00 3.414830e-01 -6.387201e-01 -9.651379e-05 6.322594e-04 0.000000e+00 7.504815e-03 0.000000e+00 0.000000e+00 -2.571551e-02 -1.253416e-02 -7.043697e-03 
-1.767276e-04 1.017057e-03 0.000000e+00 1.210912e-02 0.000000e+00 0.000000e+00 3.388569e-01 -6.400001e-01 -9.862848e-05 6.593023e-04 0.000000e+00 7.822527e-03 0.000000e+00 0.000000e+00 -2.680902e-02 -1.306716e-02 -7.653063e-03 
-1.866893e-04 1.084358e-03 0.000000e+00 1.290746e-02 0.000000e+00 0.000000e+00 3.361206e-01 -6.413338e-01 -1.005545e-04 6.867731e-04 0.000000e+00 8.144938e-03 0.000000e+00 0.000000e+00 -2.791931e-02 -1.360833e-02 -8.297345e-03 
-1.968332e-04 1.154427e-03 0.000000e+00 1.373827e-02 0.000000e+00 0.000000e+00 3.332725e-01 -6.427220e-01 -1.022747e-04 7.146599e-04 0.000000e+00 8.471894e-03 0.000000e+00 0.000000e+00 -2.904587e-02 -1.415743e-02 -8.977359e-03 
-2.071375e-04 1.227304e-03 0.000000e+00 1.460200e-02 0.000000e+00 0.000000e+00 3.303109e-01 -6.441655e-01 -1.037715e-04 7.429505e-04 0.000000e+00 8.803233e-03 0.000000e+00 0.000000e+00 -3.018822e-02 -1.471423e-02 -9.693882e-03 
-2.175791e-04 1.303030e-03 0.000000e+00 1.549906e-02 0.000000e+00 0.000000e+00 3.272343e-01 -6.456651e-01 -1.050270e-04 7.716326e-04 0.000000e+00 9.138793e-03 0.000000e+00 0.000000e+00 -3.134586e-02 -1.527848e-02 -1.044766e-02 
-2.281329e-04 1.381643e-03 0.000000e+00 1.642988e-02 0.000000e+00 0.000000e+00 3.240412e-01 -6.472214e-01 -1.060229e-04 8.006934e-04 0.000000e+00 9.478411e-03 0.000000e+00 0.000000e+00 -3.251827e-02 -1.584994e-02 -1.123941e-02 
-2.387724e-04 1.463180e-03 0.000000e+00 1.739486e-02 0.000000e+00 0.000000e+00 3.207302e-01 -6.488353e-01 -1.067406e-04 8.301201e-04 0.000000e+00 9.821917e-03 0.000000e+00 0.000000e+00 -3.370495e-02 -1.642835e-02 -1.206980e-02 
-2.494692e-04 1.547677e-03 0.000000e+00 1.839438e-02 0.000000e+00 0.000000e+00 3.172998e-01 -6.505073e-01 -1.071610e-04 8.598993e-04 0.000000e+00 1.016914e-02 0.000000e+00 0.000000e+00 -3.490537e-02 -1.701345e-02 -1.293947e-02 
-2.601932e-04 1.635170e-03 0.000000e+00 1.942880e-02 0.000000e+00 0.000000e+00 3.137487e-01 -6.522382e-01 -1.072652e-04 8.900174e-04 0.000000e+00 1.051991e-02 0.000000e+00 0.000000e+00 -3.611901e-02 -1.760500e-02 -1.384902e-02 
-2.709116e-04 1.725690e-03 0.000000e+00 2.049847e-02 0.000000e+00 0.000000e+00 3.100756e-01 -6.540285e-01 -1.070350e-04 9.204603e-04 0.000000e+00 1.087405e-02 0.000000e+00 0.000000e+00 -3.734533e-02 -1.820273e-02 -1.479891e-02 
-2.815897e-04 1.819270e-03 0.000000e+00 2.160371e-02 0.000000e+00 0.000000e+00 3.062792e-01 -6.558790e-01 -1.064503e-04 9.512139e-04 0.000000e+00 1.123139e-02 0.000000e+00 0.000000e+00 -3.858380e-02 -1.880638e-02 -1.578962e-02 
-2.921907e-04 1.915940e-03 0.000000e+00 2.274483e-02 0.000000e+00 0.000000e+00 3.023584e-01 -6.577900e-01 -1.054913e-04 9.822636e-04 0.000000e+00 1.159174e-02 0.000000e+00 0.000000e+00 -3.983387e-02 -1.941568e-02 -1.682157e-02 
-3.026761e-04 2.015730e-03 0.000000e+00 2.392214e-02 0.000000e+00 0.000000e+00 2.983121e-01 -6.597623e-01 -1.041379e-04 1.013594e-03 0.000000e+00 1.195491e-02 0.000000e+00 0.000000e+00 -4.109500e-02 -2.003037e-02 -1.789512e-02 
-3.130053e-04 2.118668e-03 0.000000e+00 2.513590e-02 0.000000e+00 0.000000e+00 2.941391e-01 -6.617963e-01 -1.023703e-04 1.045191e-03 0.000000e+00 1.232074e-02 0.000000e+00 0.000000e+00 -4.236662e-02 -2.065019e-02 -1.901058e-02 
-3.231360e-04 2.224778e-03 0.000000e+00 2.638637e-02 0.000000e+00 0.000000e+00 2.898384e-01 -6.638925e-01 -1.001689e-04 1.077038e-03 0.000000e+00 1.268902e-02 0.000000e+00 0.000000e+00 -4.364819e-02 -2.127485e-02 -2.016819e-02 
-3.330237e-04 2.334086e-03 0.000000e+00 2.767379e-02 0.000000e+00 0.000000e+00 2.854091e-01 -6.660514e-01 -9.751405e-05 1.109119e-03 0.000000e+00 1.305956e-02 0.000000e+00 0.000000e+00 -4.493915e-02 -2.190408e-02 -2.136810e-02 
-3.426222e-04 2.446612e-03 0.000000e+00 2.899837e-02 0.000000e+00 0.000000e+00 2.808503e-01 -6.682734e-01 -9.438631e-05 1.141418e-03 0.000000e+00 1.343219e-02 0.000000e+00 0.000000e+00 -4.623891e-02 -2.253760e-02 -2.261045e-02 
-3.518834e-04 2.562380e-03 0.000000e+00 3.036031e-02 0.000000e+00 0.000000e+00 2.761610e-01 -6.705590e-01 -9.076634e-05 1.173918e-03 0.000000e+00 1.380670e-02 0.000000e+00 0.000000e+00 -4.754693e-02 -2.317515e-02 -2.389527e-02 
-3.607572e-04 2.681406e-03 0.000000e+00 3.175979e-02 0.000000e+00 0.000000e+00 2.713406e-01 -6.729086e-01 -8.663493e-05 1.206602e-03 0.000000e+00 1.418291e-02 0.000000e+00 0.000000e+00 -4.886261e-02 -2.381644e-02 -2.522254e-02 
-3.691915e-04 2.803708e-03 0.000000e+00 3.319696e-02 0.000000e+00 0.000000e+00 2.663883e-01 -6.753224e-01 -8.197298e-05 1.239453e-03 0.000000e+00 1.456061e-02 0.000000e+00 0.000000e+00 -5.018539e-02 -2.446118e-02 -2.659220e-02 
-3.771324e-04 2.929303e-03 0.000000e+00 3.467196e-02 0.000000e+00 0.000000e+00 2.613033e-01 -6.778009e-01 -7.676151e-05 1.272451e-03 0.000000e+00 1.493961e-02 0.000000e+00 0.000000e+00 -5.151469e-02 -2.510910e-02 -2.800410e-02 
-3.845241e-04 3.058203e-03 0.000000e+00 3.618492e-02 0.000000e+00 0.000000e+00 2.560852e-01 -6.803444e-01 -7.098166e-05 1.305581e-03 0.000000e+00 1.531970e-02 0.000000e+00 0.000000e+00 -5.284991e-02 -2.575991e-02 -2.945803e-02 
-3.913089e-04 3.190421e-03 0.000000e+00 3.773592e-02 0.000000e+00 0.000000e+00 2.507332e-01 -6.829530e-01 -6.461469e-05 1.338821e-03 0.000000e+00 1.570069e-02 0.000000e+00 0.000000e+00 -5.419048e-02 -2.641333e-02 -3.095372e-02 
-3.974269e-04 3.325968e-03 0.000000e+00 3.932506e-02 0.000000e+00 0.000000e+00 2.452469e-01 -6.856271e-01 -5.764198e-05 1.372155e-03 0.000000e+00 1.608238e-02 0.000000e+00 0.000000e+00 -5.553581e-02 -2.706906e-02 -3.249085e-02 
-4.028168e-04 3.464852e-03 0.000000e+00 4.095240e-02 0.000000e+00 0.000000e+00 2.396259e-01 -6.883669e-01 -5.004503e-05 1.405562e-03 0.000000e+00 1.646454e-02 0.000000e+00 0.000000e+00 -5.688530e-02 -2.772683e-02 -3.406903e-02 
-4.074148e-04 3.607080e-03 0.000000e+00 4.261797e-02 0.000000e+00 0.000000e+00 2.338697e-01 -6.911725e-01 -4.180545e-05 1.439022e-03 0.000000e+00 1.684699e-02 0.000000e+00 0.000000e+00 -5.823837e-02 -2.838634e-02 -3.568778e-02 
-4.111603e-04 3.752655e-03 0.000000e+00 4.432180e-02 0.000000e+00 0.000000e+00 2.279781e-01 -6.940442e-01 -3.290777e-05 1.472516e-03 0.000000e+00 1.722951e-02 0.000000e+00 0.000000e+00 -5.959443e-02 -2.904730e-02 -3.734666e-02 
-4.139882e-04 3.901580e-03 0.000000e+00 4.606387e-02 0.000000e+00 0.000000e+00 2.219508e-01 -6.969820e-01 -2.333650e-05 1.506024e-03 0.000000e+00 1.761190e-02 0.000000e+00 0.000000e+00 -6.095287e-02 -2.970943e-02 -3.904505e-02 
-4.158266e-04 4.053854e-03 0.000000e+00 4.784417e-02 0.000000e+00 0.000000e+00 2.157875e-01 -6.999861e-01 -1.307378e-05 1.539525e-03 0.000000e+00 1.799395e-02 0.000000e+00 0.000000e+00 -6.231310e-02 -3.037242e-02 -4.078226e-02 
-4.166029e-04 4.209478e-03 0.000000e+00 4.966265e-02 0.000000e+00 0.000000e+00 2.094881e-01 -7.030565e-01 -2.102666e-06 1.572995e-03 0.000000e+00 1.837544e-02 0.000000e+00 0.000000e+00 -6.367452e-02 -3.103601e-02 -4.255752e-02 
-4.162434e-04 4.368447e-03 0.000000e+00 5.151925e-02 0.000000e+00 0.000000e+00 2.030525e-01 -7.061933e-01 9.592863e-06 1.606415e-03 0.000000e+00 1.875616e-02 0.000000e+00 0.000000e+00 -6.503654e-02 -3.169988e-02 -4.436998e-02 
-4.146736e-04 4.530756e-03 0.000000e+00 5.341386e-02 0.000000e+00 0.000000e+00 1.964808e-01 -7.093965e-01 2.202789e-05 1.639760e-03 0.000000e+00 1.913588e-02 0.000000e+00 0.000000e+00 -6.639857e-02 -3.236375e-02 -4.621879e-02 
-4.118183e-04 4.696396e-03 0.000000e+00 5.534639e-02 0.000000e+00 0.000000e+00 1.897728e-01 -7.126661e-01 3.521659e-05 1.673010e-03 0.000000e+00 1.951441e-02 0.000000e+00 0.000000e+00 -6.775999e-02 -3.302733e-02 -4.810301e-02 
-4.076014e-04 4.865356e-03 0.000000e+00 5.731670e-02 0.000000e+00 0.000000e+00 1.829288e-01 -7.160019e-01 4.917218e-05 1.706140e-03 0.000000e+00 1.989152e-02 0.000000e+00 0.000000e+00 -6.912022e-02 -3.369033e-02 -5.002164e-02 
-4.019460e-04 5.037623e-03 0.000000e+00 5.932464e-02 0.000000e+00 0.000000e+00 1.759489e-01 -7.194041e-01 6.390697e-05 1.739129e-03 0.000000e+00 2.026700e-02 0.000000e+00 0.000000e+00 -7.047866e-02 -3.435245e-02 -5.197366e-02 
-3.947744e-04 5.213182e-03 0.000000e+00 6.137003e-02 0.000000e+00 0.000000e+00 1.688332e-01 -7.228724e-01 7.943236e-05 1.771952e-03 0.000000e+00 2.064064e-02 0.000000e+00 0.000000e+00 -7.183471e-02 -3.501342e-02 -5.395797e-02 
-3.860080e-04 5.392015e-03 0.000000e+00 6.345269e-02 0.000000e+00 0.000000e+00 1.615820e-01 -7.264067e-01 9.575878e-05 1.804587e-03 0.000000e+00 2.101222e-02 0.000000e+00 0.000000e+00 -7.318778e-02 -3.567293e-02 -5.597342e-02 
-3.755674e-04 5.574100e-03 0.000000e+00 6.557239e-02 0.000000e+00 0.000000e+00 1.541957e-01 -7.300069e-01 1.128958e-04 1.837009e-03 0.000000e+00 2.138153e-02 0.000000e+00 0.000000e+00 -7.453728e-02 -3.633069e-02 -5.801882e-02 
-3.633723e-04 5.759416e-03 0.000000e+00 6.772891e-02 0.000000e+00 0.000000e+00 1.466747e-01 -7.336728e-01 1.308519e-04 1.869194e-03 0.000000e+00 2.174836e-02 0.000000e+00 0.000000e+00 -7.588261e-02 -3.698643e-02 -6.009289e-02 
-3.493418e-04 5.947938e-03 0.000000e+00 6.992197e-02 0.000000e+00 0.000000e+00 1.390194e-01 -7.374041e-01 1.496349e-04 1.901118e-03 0.000000e+00 2.211249e-02 0.000000e+00 0.000000e+00 -7.722318e-02 -3.763984e-02 -6.219435e-02 
-3.333939e-04 6.139637e-03 0.000000e+00 7.215130e-02 0.000000e+00 0.000000e+00 1.312302e-01 -7.412007e-01 1.692515e-04 1.932757e-03 0.000000e+00 2.247372e-02 0.000000e+00 0.000000e+00 -7.855840e-02 -3.829065e-02 -6.432182e-02 
-3.154459e-04 6.334483e-03 0.000000e+00 7.441660e-02 0.000000e+00 0.000000e+00 1.233079e-01 -7.450622e-01 1.897074e-04 1.964085e-03 0.000000e+00 2.283183e-02 0.000000e+00 0.000000e+00 -7.988770e-02 -3.893857e-02 -6.647389e-02 
-2.954143e-04 6.532444e-03 0.000000e+00 7.671755e-02 0.000000e+00 0.000000e+00 1.152529e-01 -7.489883e-01 2.110077e-04 1.995078e-03 0.000000e+00 2.318661e-02 0.000000e+00 0.000000e+00 -8.121048e-02 -3.958332e-02 -6.864908e-02 
-2.732147e-04 6.733486e-03 0.000000e+00 7.905380e-02 0.000000e+00 0.000000e+00 1.070660e-01 -7.529787e-01 2.331562e-04 2.025710e-03 0.000000e+00 2.353784e-02 0.000000e+00 0.000000e+00 -8.252616e-02 -4.022460e-02 -7.084588e-02 
-2.487619e-04 6.937570e-03 0.000000e+00 8.142499e-02 0.000000e+00 0.000000e+00 9.874795e-02 -7.570331e-01 2.561560e-04 2.055956e-03 0.000000e+00 2.388532e-02 0.000000e+00 0.000000e+00 -8.383417e-02 -4.086215e-02 -7.306271e-02 
-2.219699e-04 7.144658e-03 0.000000e+00 8.383073e-02 0.000000e+00 0.000000e+00 9.029947e-02 -7.611510e-01 2.800093e-04 2.085789e-03 0.000000e+00 2.422884e-02 0.000000e+00 0.000000e+00 -8.513394e-02 -4.149568e-02 -7.529793e-02 
-1.927518e-04 7.354707e-03 0.000000e+00 8.627062e-02 0.000000e+00 0.000000e+00 8.172145e-02 -7.653321e-01 3.047171e-04 2.115184e-03 0.000000e+00 2.456818e-02 0.000000e+00 0.000000e+00 -8.642489e-02 -4.212491e-02 -7.754986e-02 
-1.610199e-04 7.567672e-03 0.000000e+00 8.874423e-02 0.000000e+00 0.000000e+00 7.301481e-02 -7.695758e-01 3.302797e-04 2.144114e-03 0.000000e+00 2.490314e-02 0.000000e+00 0.000000e+00 -8.770647e-02 -4.274957e-02 -7.981675e-02 
-1.266858e-04 7.783508e-03 0.000000e+00 9.125110e-02 0.000000e+00 0.000000e+00 6.418049e-02 -7.738818e-01 3.566965e-04 2.172552e-03 0.000000e+00 2.523350e-02 0.000000e+00 0.000000e+00 -8.897809e-02 -4.336938e-02 -8.209682e-02 
-8.966197e-05 8.002163e-03 0.000000e+00 9.379077e-02 0.000000e+00 0.000000e+00 5.521954e-02 -7.782495e-01 3.839655e-04 2.200473e-03 0.000000e+00 2.555905e-02 0.000000e+00 0.000000e+00 -9.023922e-02 -4.398407e-02 -8.438825e-02 
-4.987281e-05 8.223586e-03 0.000000e+00 9.636277e-02 0.000000e+00 0.000000e+00 4.613302e-02 -7.826785e-01 4.120809e-04 2.227852e-03 0.000000e+00 2.587962e-02 0.000000e+00 0.000000e+00 -9.148929e-02 -4.459338e-02 -8.668940e-02 
-7.232673e-06 8.447719e-03 0.000000e+00 9.896657e-02 0.000000e+00 0.000000e+00 3.692207e-02 -7.871680e-01 4.410366e-04 2.254663e-03 0.000000e+00 2.619499e-02 0.000000e+00 0.000000e+00 -9.272776e-02 -4.519703e-02 -8.899841e-02 
3.834518e-05 8.674503e-03 0.000000e+00 1.016016e-01 0.000000e+00 0.000000e+00 2.758787e-02 -7.917177e-01 4.708258e-04 2.280880e-03 0.000000e+00 2.650497e-02 0.000000e+00 0.000000e+00 -9.395408e-02 -4.579476e-02 -9.131334e-02 
8.694576e-05 8.903878e-03 0.000000e+00 1.042674e-01 0.000000e+00 0.000000e+00 1.813167e-02 -7.963268e-01 5.014403e-04 2.306475e-03 0.000000e+00 2.680936e-02 0.000000e+00 0.000000e+00 -9.516772e-02 -4.638631e-02 -9.363227e-02 
1.386523e-04 9.135778e-03 0.000000e+00 1.069633e-01 0.000000e+00 0.000000e+00 8.554768e-03 -8.009947e-01 5.328708e-04 2.331423e-03 0.000000e+00 2.710796e-02 0.000000e+00 0.000000e+00 -9.636814e-02 -4.697141e-02 -9.595325e-02 
1.935462e-04 9.370139e-03 0.000000e+00 1.096888e-01 0.000000e+00 0.000000e+00 -1.141497e-03 -8.057208e-01 5.651063e-04 2.355698e-03 0.000000e+00 2.740059e-02 0.000000e+00 0.000000e+00 -9.755482e-02 -4.754982e-02 -9.827432e-02 
2.517072e-04 9.606892e-03 0.000000e+00 1.124432e-01 0.000000e+00 0.000000e+00 -1.095572e-02 -8.105045e-01 5.981347e-04 2.379275e-03 0.000000e+00 2.768705e-02 0.000000e+00 0.000000e+00 -9.872723e-02 -4.812127e-02 -1.005935e-01 
3.132133e-04 9.845965e-03 0.000000e+00 1.152260e-01 0.000000e+00 0.000000e+00 -2.088645e-02 -8.153449e-01 6.319425e-04 2.402128e-03 0.000000e+00 2.796717e-02 0.000000e+00 0.000000e+00 -9.988487e-02 -4.868552e-02 -1.029089e-01 
3.781406e-04 1.008729e-02 0.000000e+00 1.180364e-01 0.000000e+00 0.000000e+00 -3.093218e-02 -8.202413e-01 6.665149e-04 2.424235e-03 0.000000e+00 2.824077e-02 0.000000e+00 0.000000e+00 -1.010272e-01 -4.924232e-02 -1.052184e-01 
4.465634e-04 1.033078e-02 0.000000e+00 1.208738e-01 0.000000e+00 0.000000e+00 -4.109137e-02 -8.251931e-01 7.018357e-04 2.445570e-03 0.000000e+00 2.850768e-02 0.000000e+00 0.000000e+00 -1.021538e-01 -4.979143e-02 -1.075202e-01 
5.185546e-04 1.057637e-02 0.000000e+00 1.237376e-01 0.000000e+00 0.000000e+00 -5.136240e-02 -8.301993e-01 7.378875e-04 2.466110e-03 0.000000e+00 2.876772e-02 0.000000e+00 0.000000e+00 -1.032641e-01 -5.033260e-02 -1.098120e-01 
5.941848e-04 1.082397e-02 0.000000e+00 1.266271e-01 0.000000e+00 0.000000e+00 -6.174362e-02 -8.352593e-01 7.746514e-04 2.485832e-03 0.000000e+00 2.902073e-02 0.000000e+00 0.000000e+00 -1.043576e-01 -5.086560e-02 -1.120921e-01 
6.735233e-04 1.107350e-02 0.000000e+00 1.295415e-01 0.000000e+00 0.000000e+00 -7.223334e-02 -8.403722e-01 8.121073e-04 2.504712e-03 0.000000e+00 2.926655e-02 0.000000e+00 0.000000e+00 -1.054338e-01 -5.139019e-02 -1.143583e-01 
7.566373e-04 1.132488e-02 0.000000e+00 1.324801e-01 0.000000e+00 0.000000e+00 -8.282980e-02 -8.455371e-01 8.502337e-04 2.522730e-03 0.000000e+00 2.950501e-02 0.000000e+00 0.000000e+00 -1.064924e-01 -5.190614e-02 -1.166086e-01 
8.435925e-04 1.157802e-02 0.000000e+00 1.354422e-01 0.000000e+00 0.000000e+00 -9.353121e-02 -8.507531e-01 8.890077e-04 2.539862e-03 0.000000e+00 2.973598e-02 0.000000e+00 0.000000e+00 -1.075328e-01 -5.241323e-02 -1.188409e-01 
9.344526e-04 1.183282e-02 0.000000e+00 1.384271e-01 0.000000e+00 0.000000e+00 -1.043357e-01 -8.560194e-01 9.284053e-04 2.556087e-03 0.000000e+00 2.995928e-02 0.000000e+00 0.000000e+00 -1.085545e-01 -5.291124e-02 -1.210533e-01 
1.029280e-03 1.208921e-02 0.000000e+00 1.414339e-01 0.000000e+00 0.000000e+00 -1.152415e-01 -8.613350e-01 9.684010e-04 2.571385e-03 0.000000e+00 3.017479e-02 0.000000e+00 0.000000e+00 -1.095571e-01 -5.339994e-02 -1.232435e-01 
1.128134e-03 1.234708e-02 0.000000e+00 1.444618e-01 0.000000e+00 0.000000e+00 -1.262465e-01 -8.666991e-01 1.008968e-03 2.585734e-03 0.000000e+00 3.038235e-02 0.000000e+00 0.000000e+00 -1.105402e-01 -5.387912e-02 -1.254097e-01 
1.231074e-03 1.260633e-02 0.000000e+00 1.475101e-01 0.000000e+00 0.000000e+00 -1.373489e-01 -8.721105e-01 1.050078e-03 2.599114e-03 0.000000e+00 3.058183e-02 0.000000e+00 0.000000e+00 -1.115034e-01 -5.434857e-02 -1.275496e-01 
1.338157e-03 1.286687e-02 0.000000e+00 1.505779e-01 0.000000e+00 0.000000e+00 -1.485465e-01 -8.775685e-01 1.091702e-03 2.611505e-03 0.000000e+00 3.077310e-02 0.000000e+00 0.000000e+00 -1.124461e-01 -5.480809e-02 -1.296612e-01 
1.449426e-03 1.312860e-02 0.000000e+00 1.536645e-01 0.000000e+00 0.000000e+00 -1.598374e-01 -8.830718e-01 1.133811e-03 2.622891e-03 0.000000e+00 3.095604e-02 0.000000e+00 0.000000e+00 -1.133681e-01 -5.525748e-02 -1.317426e-01 
1.564928e-03 1.339142e-02 0.000000e+00 1.567689e-01 0.000000e+00 0.000000e+00 -1.712194e-01 -8.886196e-01 1.176373e-03 2.633256e-03 0.000000e+00 3.113053e-02 0.000000e+00 0.000000e+00 -1.142689e-01 -5.569653e-02 -1.337918e-01 
1.684708e-03 1.365523e-02 0.000000e+00 1.598904e-01 0.000000e+00 0.000000e+00 -1.826904e-01 -8.942108e-01 1.219355e-03 2.642583e-03 0.000000e+00 3.129646e-02 0.000000e+00 0.000000e+00 -1.151481e-01 -5.612505e-02 -1.358068e-01 
1.808807e-03 1.391991e-02 0.000000e+00 1.630280e-01 0.000000e+00 0.000000e+00 -1.942483e-01 -8.998443e-01 1.262723e-03 2.650855e-03 0.000000e+00 3.145372e-02 0.000000e+00 0.000000e+00 -1.160053e-01 -5.654286e-02 -1.377854e-01 
1.937261e-03 1.418537e-02 0.000000e+00 1.661809e-01 0.000000e+00 0.000000e+00 -2.058908e-01 -9.055190e-01 1.306440e-03 2.658059e-03 0.000000e+00 3.160222e-02 0.000000e+00 0.000000e+00 -1.168401e-01 -5.694978e-02 -1.397259e-01 
2.070105e-03 1.445149e-02 0.000000e+00 1.693481e-01 0.000000e+00 0.000000e+00 -2.176156e-01 -9.112338e-01 1.350471e-03 2.664180e-03 0.000000e+00 3.174185e-02 0.000000e+00 0.000000e+00 -1.176522e-01 -5.734562e-02 -1.416262e-01 
2.207369e-03 1.471816e-02 0.000000e+00 1.725289e-01 0.000000e+00 0.000000e+00 -2.294204e-01 -9.169877e-01 1.394781e-03 2.669208e-03 0.000000e+00 3.187254e-02 0.000000e+00 0.000000e+00 -1.184413e-01 -5.773021e-02 -1.434844e-01 
2.349076e-03 1.498528e-02 0.000000e+00 1.757223e-01 0.000000e+00 0.000000e+00 -2.413030e-01 -9.227795e-01 1.439330e-03 2.673130e-03 0.000000e+00 3.199421e-02 0.000000e+00 0.000000e+00 -1.192069e-01 -5.810338e-02 -1.452986e-01 
2.495250e-03 1.525274e-02 0.000000e+00 1.789274e-01 0.000000e+00 0.000000e+00 -2.532610e-01 -9.286080e-01 1.484082e-03 2.675936e-03 0.000000e+00 3.210677e-02 0.000000e+00 0.000000e+00 -1.199487e-01 -5.846497e-02 -1.470670e-01 
2.645907e-03 1.552041e-02 0.000000e+00 1.821432e-01 0.000000e+00 0.000000e+00 -2.652920e-01 -9.344721e-01 1.528997e-03 2.677619e-03 0.000000e+00 3.221018e-02 0.000000e+00 0.000000e+00 -1.206665e-01 -5.881482e-02 -1.487879e-01 
2.801062e-03 1.578821e-02 0.000000e+00 1.853690e-01 0.000000e+00 0.000000e+00 -2.773935e-01 -9.403706e-01 1.574037e-03 2.678170e-03 0.000000e+00 3.230437e-02 0.000000e+00 0.000000e+00 -1.213598e-01 -5.915278e-02 -1.504594e-01 
2.960725e-03 1.605600e-02 0.000000e+00 1.886037e-01 0.000000e+00 0.000000e+00 -2.895631e-01 -9.463023e-01 1.619160e-03 2.677584e-03 0.000000e+00 3.238928e-02 0.000000e+00 0.000000e+00 -1.220285e-01 -5.947869e-02 -1.520798e-01 
3.124901e-03 1.632368e-02 0.000000e+00 1.918465e-01 0.000000e+00 0.000000e+00 -3.017984e-01 -9.522659e-01 1.664328e-03 2.675854e-03 0.000000e+00 3.246489e-02 0.000000e+00 0.000000e+00 -1.226722e-01 -5.979242e-02 -1.536475e-01 
3.293592e-03 1.659113e-02 0.000000e+00 1.950964e-01 0.000000e+00 0.000000e+00 -3.140967e-01 -9.582603e-01 1.709497e-03 2.672978e-03 0.000000e+00 3.253114e-02 0.000000e+00 0.000000e+00 -1.232905e-01 -6.009383e-02 -1.551607e-01 
3.466797e-03 1.685824e-02 0.000000e+00 1.983524e-01 0.000000e+00 0.000000e+00 -3.264556e-01 -9.642843e-01 1.754626e-03 2.668951e-03 0.000000e+00 3.258801e-02 0.000000e+00 0.000000e+00 -1.238834e-01 -6.038278e-02 -1.566178e-01 
3.644509e-03 1.712489e-02 0.000000e+00 2.016137e-01 0.000000e+00 0.000000e+00 -3.388725e-01 -9.703365e-01 1.799671e-03 2.663773e-03 0.000000e+00 3.263549e-02 0.000000e+00 0.000000e+00 -1.244504e-01 -6.065916e-02 -1.580172e-01 
3.826720e-03 1.739097e-02 0.000000e+00 2.048793e-01 0.000000e+00 0.000000e+00 -3.513448e-01 -9.764157e-01 1.844590e-03 2.657443e-03 0.000000e+00 3.267354e-02 0.000000e+00 0.000000e+00 -1.249913e-01 -6.092283e-02 -1.593574e-01 
4.013414e-03 1.765635e-02 0.000000e+00 2.081482e-01 0.000000e+00 0.000000e+00 -3.638699e-01 -9.825206e-01 1.889338e-03 2.649961e-03 0.000000e+00 3.270217e-02 0.000000e+00 0.000000e+00 -1.255060e-01 -6.117368e-02 -1.606369e-01 
4.204575e-03 1.792093e-02 0.000000e+00 2.114195e-01 0.000000e+00 0.000000e+00 -3.764451e-01 -9.886500e-01 1.933870e-03 2.641330e-03 0.000000e+00 3.272137e-02 0.000000e+00 0.000000e+00 -1.259941e-01 -6.141160e-02 -1.618542e-01 
4.400181e-03 1.818459e-02 0.000000e+00 2.146922e-01 0.000000e+00 0.000000e+00 -3.890678e-01 -9.948025e-01 1.978147e-03 2.631552e-03 0.000000e+00 3.273115e-02 0.000000e+00 0.000000e+00 -1.264555e-01 -6.163649e-02 -1.630079e-01 
4.600203e-03 1.844722e-02 0.000000e+00 2.179655e-01 0.000000e+00 0.000000e+00 -4.017353e-01 -1.000977e+00 2.022125e-03 2.620633e-03 0.000000e+00 3.273153e-02 0.000000e+00 0.000000e+00 -1.268900e-01 -6.184825e-02 -1.640968e-01 
4.804607e-03 1.870870e-02 0.000000e+00 2.212383e-01 0.000000e+00 0.000000e+00 -4.144449e-01 -1.007172e+00 2.065757e-03 2.608581e-03 0.000000e+00 3.272252e-02 0.000000e+00 0.000000e+00 -1.272973e-01 -6.204679e-02 -1.651197e-01 
5.013354e-03 1.896891e-02 0.000000e+00 2.245098e-01 0.000000e+00 0.000000e+00 -4.271939e-01 -1.013386e+00 2.109000e-03 2.595404e-03 0.000000e+00 3.270418e-02 0.000000e+00 0.000000e+00 -1.276773e-01 -6.223201e-02 -1.660751e-01 
5.226401e-03 1.922775e-02 0.000000e+00 2.277789e-01 0.000000e+00 0.000000e+00 -4.399795e-01 -1.019618e+00 2.151808e-03 2.581110e-03 0.000000e+00 3.267652e-02 0.000000e+00 0.000000e+00 -1.280298e-01 -6.240385e-02 -1.669621e-01 
5.443704e-03 1.948511e-02 0.000000e+00 2.310448e-01 0.000000e+00 0.000000e+00 -4.527989e-01 -1.025866e+00 2.194137e-03 2.565712e-03 0.000000e+00 3.263961e-02 0.000000e+00 0.000000e+00 -1.283548e-01 -6.256221e-02 -1.677794e-01 
5.665210e-03 1.974086e-02 0.000000e+00 2.343065e-01 0.000000e+00 0.000000e+00 -4.656495e-01 -1.032130e+00 2.235945e-03 2.549221e-03 0.000000e+00 3.259350e-02 0.000000e+00 0.000000e+00 -1.286519e-01 -6.270704e-02 -1.685261e-01 
5.890868e-03 1.999490e-02 0.000000e+00 2.375631e-01 0.000000e+00 0.000000e+00 -4.785284e-01 -1.038407e+00 2.277187e-03 2.531651e-03 0.000000e+00 3.253824e-02 0.000000e+00 0.000000e+00 -1.289211e-01 -6.283826e-02 -1.692013e-01 
6.120617e-03 2.024713e-02 0.000000e+00 2.408137e-01 0.000000e+00 0.000000e+00 -4.914328e-01 -1.044697e+00 2.317823e-03 2.513015e-03 0.000000e+00 3.247391e-02 0.000000e+00 0.000000e+00 -1.291623e-01 -6.295583e-02 -1.698041e-01 
6.354397e-03 2.049744e-02 0.000000e+00 2.440575e-01 0.000000e+00 0.000000e+00 -5.043599e-01 -1.050998e+00 2.357811e-03 2.493331e-03 0.000000e+00 3.240058e-02 0.000000e+00 0.000000e+00 -1.293754e-01 -6.305969e-02 -1.703338e-01 
6.592141e-03 2.074573e-02 0.000000e+00 2.472934e-01 0.000000e+00 0.000000e+00 -5.173069e-01 -1.057308e+00 2.397111e-03 2.472615e-03 0.000000e+00 3.231833e-02 0.000000e+00 0.000000e+00 -1.295603e-01 -6.314979e-02 -1.707896e-01 
6.833779e-03 2.099190e-02 0.000000e+00 2.505207e-01 0.000000e+00 0.000000e+00 -5.302710e-01 -1.063627e+00 2.435683e-03 2.450886e-03 0.000000e+00 3.222725e-02 0.000000e+00 0.000000e+00 -1.297168e-01 -6.322610e-02 -1.711709e-01 
7.079238e-03 2.123585e-02 0.000000e+00 2.537384e-01 0.000000e+00 0.000000e+00 -5.432493e-01 -1.069953e+00 2.473488e-03 2.428163e-03 0.000000e+00 3.212744e-02 0.000000e+00 0.000000e+00 -1.298450e-01 -6.328858e-02 -1.714772e-01 
7.328438e-03 2.147748e-02 0.000000e+00 2.569458e-01 0.000000e+00 0.000000e+00 -5.562391e-01 -1.076284e+00 2.510487e-03 2.404468e-03 0.000000e+00 3.201899e-02 0.000000e+00 0.000000e+00 -1.299448e-01 -6.333720e-02 -1.717081e-01 
7.581299e-03 2.171670e-02 0.000000e+00 2.601419e-01 0.000000e+00 0.000000e+00 -5.692373e-01 -1.082620e+00 2.546644e-03 2.379822e-03 0.000000e+00 3.190203e-02 0.000000e+00 0.000000e+00 -1.300160e-01 -6.337195e-02 -1.718632e-01 
7.837735e-03 2.195341e-02 0.000000e+00 2.633259e-01 0.000000e+00 0.000000e+00 -5.822413e-01 -1.088958e+00 2.581919e-03 2.354249e-03 0.000000e+00 3.177665e-02 0.000000e+00 0.000000e+00 -1.300588e-01 -6.339280e-02 -1.719421e-01 
8.097655e-03 2.218753e-02 0.000000e+00 2.664969e-01 0.000000e+00 0.000000e+00 -5.952482e-01 -1.095298e+00 2.616278e-03 2.327774e-03 0.000000e+00 3.164299e-02 0.000000e+00 0.000000e+00 -1.300731e-01 -6.339976e-02 -1.719447e-01 
8.360966e-03 2.241896e-02 0.000000e+00 2.696543e-01 0.000000e+00 0.000000e+00 -6.082550e-01 -1.101638e+00 2.649685e-03 2.300422e-03 0.000000e+00 3.150118e-02 0.000000e+00 0.000000e+00 -1.300588e-01 -6.339280e-02 -1.718707e-01 
8.627570e-03 2.264761e-02 0.000000e+00 2.727970e-01 0.000000e+00 0.000000e+00 -6.212590e-01 -1.107976e+00 2.682105e-03 2.272221e-03 0.000000e+00 3.135135e-02 0.000000e+00 0.000000e+00 -1.300160e-01 -6.337195e-02 -1.717203e-01 
8.897365e-03 2.287340e-02 0.000000e+00 2.759244e-01 0.000000e+00 0.000000e+00 -6.342573e-01 -1.114312e+00 2.713503e-03 2.243200e-03 0.000000e+00 3.119364e-02 0.000000e+00 0.000000e+00 -1.299448e-01 -6.333720e-02 -1.714933e-01 
9.170246e-03 2.309624e-02 0.000000e+00 2.790356e-01 0.000000e+00 0.000000e+00 -6.472470e-01 -1.120643e+00 2.743846e-03 2.213388e-03 0.000000e+00 3.102821e-02 0.000000e+00 0.000000e+00 -1.298450e-01 -6.328858e-02 -1.711898e-01 
9.446105e-03 2.331606e-02 0.000000e+00 2.821299e-01 0.000000e+00 0.000000e+00 -6.602253e-01 -1.126969e+00 2.773102e-03 2.182815e-03 0.000000e+00 3.085522e-02 0.000000e+00 0.000000e+00 -1.297168e-01 -6.322610e-02 -1.708101e-01 
9.724841e-03 2.353278e-02 0.000000e+00 2.852064e-01 0.000000e+00 0.000000e+00 -6.731894e-01 -1.133288e+00 2.801245e-03 2.151509e-03 0.000000e+00 3.067479e-02 0.000000e+00 0.000000e+00 -1.295603e-01 -6.314979e-02 -1.703544e-01 
1.000634e-02 2.374634e-02 0.000000e+00 2.882646e-01 0.000000e+00 0.000000e+00 -6.861364e-01 -1.139599e+00 2.828246e-03 2.119502e-03 0.000000e+00 3.048709e-02 0.000000e+00 0.000000e+00 -1.293754e-01 -6.305969e-02 -1.698232e-01 
1.029048e-02 2.395666e-02 0.000000e+00 2.913036e-01 0.000000e+00 0.000000e+00 -6.990635e-01 -1.145899e+00 2.854080e-03 2.086828e-03 0.000000e+00 3.029231e-02 0.000000e+00 0.000000e+00 -1.291623e-01 -6.295583e-02 -1.692170e-01 
1.057714e-02 2.416369e-02 0.000000e+00 2.943229e-01 0.000000e+00 0.000000e+00 -7.119679e-01 -1.152189e+00 2.878720e-03 2.053523e-03 0.000000e+00 3.009061e-02 0.000000e+00 0.000000e+00 -1.289211e-01 -6.283826e-02 -1.685364e-01 
1.086620e-02 2.436735e-02 0.000000e+00 2.973216e-01 0.000000e+00 0.000000e+00 -7.248468e-01 -1.158467e+00 2.902144e-03 2.019621e-03 0.000000e+00 2.988218e-02 0.000000e+00 0.000000e+00 -1.286519e-01 -6.270704e-02 -1.677821e-01 
1.115754e-02 2.456759e-02 0.000000e+00 3.002991e-01 0.000000e+00 0.000000e+00 -7.376974e-01 -1.164730e+00 2.924328e-03 1.985157e-03 0.000000e+00 2.966720e-02 0.000000e+00 0.000000e+00 -1.283548e-01 -6.256221e-02 -1.669548e-01 
1.145102e-02 2.476436e-02 0.000000e+00 3.032548e-01 0.000000e+00 0.000000e+00 -7.505168e-01 -1.170979e+00 2.945252e-03 1.950167e-03 0.000000e+00 2.944585e-02 0.000000e+00 0.000000e+00 -1.280298e-01 -6.240385e-02 -1.660555e-01 
1.174653e-02 2.495761e-02 0.000000e+00 3.061880e-01 0.000000e+00 0.000000e+00 -7.633024e-01 -1.177211e+00 2.964899e-03 1.914686e-03 0.000000e+00 2.921831e-02 0.000000e+00 0.000000e+00 -1.276773e-01 -6.223201e-02 -1.650851e-01 
1.204393e-02 2.514728e-02 0.000000e+00 3.090982e-01 0.000000e+00 0.000000e+00 -7.760514e-01 -1.183425e+00 2.983249e-03 1.878751e-03 0.000000e+00 2.898479e-02 0.000000e+00 0.000000e+00 -1.272973e-01 -6.204679e-02 -1.640445e-01 
1.234310e-02 2.533334e-02 0.000000e+00 3.119847e-01 0.000000e+00 0.000000e+00 -7.887610e-01 -1.189619e+00 3.000288e-03 1.842397e-03 0.000000e+00 2.874545e-02 0.000000e+00 0.000000e+00 -1.268900e-01 -6.184825e-02 -1.629349e-01 
1.264390e-02 2.551574e-02 0.000000e+00 3.148470e-01 0.000000e+00 0.000000e+00 -8.014285e-01 -1.195794e+00 3.016003e-03 1.805660e-03 0.000000e+00 2.850050e-02 0.000000e+00 0.000000e+00 -1.264555e-01 -6.163649e-02 -1.617574e-01 
1.294622e-02 2.569446e-02 0.000000e+00 3.176846e-01 0.000000e+00 0.000000e+00 -8.140512e-01 -1.201946e+00 3.030379e-03 1.768577e-03 0.000000e+00 2.825013e-02 0.000000e+00 0.000000e+00 -1.259941e-01 -6.141160e-02 -1.605133e-01 
1.324990e-02 2.586944e-02 0.000000e+00 3.204969e-01 0.000000e+00 0.000000e+00 -8.266264e-01 -1.208076e+00 3.043408e-03 1.731184e-03 0.000000e+00 2.799453e-02 0.000000e+00 0.000000e+00 -1.255060e-01 -6.117368e-02 -1.592039e-01 
1.355482e-02 2.604068e-02 0.000000e+00 3.232833e-01 0.000000e+00 0.000000e+00 -8.391515e-01 -1.214181e+00 3.055081e-03 1.693518e-03 0.000000e+00 2.773391e-02 0.000000e+00 0.000000e+00 -1.249913e-01 -6.092283e-02 -1.578305e-01 
1.386085e-02 2.620814e-02 0.000000e+00 3.260435e-01 0.000000e+00 0.000000e+00 -8.516238e-01 -1.220260e+00 3.065388e-03 1.655617e-03 0.000000e+00 2.746845e-02 0.000000e+00 0.000000e+00 -1.244504e-01 -6.065916e-02 -1.563948e-01 
1.416785e-02 2.637180e-02 0.000000e+00 3.287768e-01 0.000000e+00 0.000000e+00 -8.640407e-01 -1.226312e+00 3.074326e-03 1.617518e-03 0.000000e+00 2.719837e-02 0.000000e+00 0.000000e+00 -1.238834e-01 -6.038278e-02 -1.548981e-01 
1.447568e-02 2.653164e-02 0.000000e+00 3.314830e-01 0.000000e+00 0.000000e+00 -8.763996e-01 -1.232336e+00 3.081891e-03 1.579257e-03 0.000000e+00 2.692387e-02 0.000000e+00 0.000000e+00 -1.232905e-01 -6.009383e-02 -1.533423e-01 
1.478420e-02 2.668765e-02 0.000000e+00 3.341615e-01 0.000000e+00 0.000000e+00 -8.886980e-01 -1.238330e+00 3.088078e-03 1.540873e-03 0.000000e+00 2.664514e-02 0.000000e+00 0.000000e+00 -1.226722e-01 -5.979242e-02 -1.517289e-01 
1.509328e-02 2.683981e-02 0.000000e+00 3.368119e-01 0.000000e+00 0.000000e+00 -9.009332e-01 -1.244294e+00 3.092889e-03 1.502404e-03 0.000000e+00 2.636241e-02 0.000000e+00 0.000000e+00 -1.220285e-01 -5.947869e-02 -1.500598e-01 
1.540277e-02 2.698813e-02 0.000000e+00 3.394339e-01 0.000000e+00 0.000000e+00 -9.131028e-01 -1.250226e+00 3.096324e-03 1.463887e-03 0.000000e+00 2.607587e-02 0.000000e+00 0.000000e+00 -1.213598e-01 -5.915278e-02 -1.483369e-01 
1.571253e-02 2.713260e-02 0.000000e+00 3.420270e-01 0.000000e+00 0.000000e+00 -9.252044e-01 -1.256124e+00 3.098384e-03 1.425362e-03 0.000000e+00 2.578575e-02 0.000000e+00 0.000000e+00 -1.206665e-01 -5.881482e-02 -1.465621e-01 
1.602241e-02 2.727321e-02 0.000000e+00 3.445910e-01 0.000000e+00 0.000000e+00 -9.372353e-01 -1.261988e+00 3.099076e-03 1.386865e-03 0.000000e+00 2.549225e-02 0.000000e+00 0.000000e+00 -1.199487e-01 -5.846497e-02 -1.447374e-01 
1.633230e-02 2.740997e-02 0.000000e+00 3.471254e-01 0.000000e+00 0.000000e+00 -9.491933e-01 -1.267817e+00 3.098401e-03 1.348429e-03 0.000000e+00 2.519555e-02 0.000000e+00 0.000000e+00 -1.192069e-01 -5.810338e-02 -1.428647e-01 
1.664206e-02 2.754288e-02 0.000000e+00 3.496299e-01 0.000000e+00 0.000000e+00 -9.610759e-01 -1.273609e+00 3.096370e-03 1.310090e-03 0.000000e+00 2.489586e-02 0.000000e+00 0.000000e+00 -1.184413e-01 -5.773021e-02 -1.409458e-01 
1.695155e-02 2.767198e-02 0.000000e+00 3.521044e-01 0.000000e+00 0.000000e+00 -9.728808e-01 -1.279362e+00 3.092991e-03 1.271882e-03 0.000000e+00 2.459339e-02 0.000000e+00 0.000000e+00 -1.176522e-01 -5.734562e-02 -1.389832e-01 
1.726063e-02 2.779726e-02 0.000000e+00 3.545485e-01 0.000000e+00 0.000000e+00 -9.846056e-01 -1.285077e+00 3.088276e-03 1.233841e-03 0.000000e+00 2.428833e-02 0.000000e+00 0.000000e+00 -1.168401e-01 -5.694978e-02 -1.369789e-01 
1.756916e-02 2.791874e-02 0.000000e+00 3.569620e-01 0.000000e+00 0.000000e+00 -9.962480e-01 -1.290752e+00 3.082237e-03 1.196000e-03 0.000000e+00 2.398088e-02 0.000000e+00 0.000000e+00 -1.160053e-01 -5.654286e-02 -1.349352e-01 
1.787703e-02 2.803646e-02 0.000000e+00 3.593446e-01 0.000000e+00 0.000000e+00 -1.007806e+00 -1.296386e+00 3.074888e-03 1.158393e-03 0.000000e+00 2.367124e-02 0.000000e+00 0.000000e+00 -1.151481e-01 -5.612505e-02 -1.328543e-01 
1.818409e-02 2.815044e-02 0.000000e+00 3.616962e-01 0.000000e+00 0.000000e+00 -1.019277e+00 -1.301977e+00 3.066243e-03 1.121052e-03 0.000000e+00 2.335961e-02 0.000000e+00 0.000000e+00 -1.142689e-01 -5.569653e-02 -1.307385e-01 
1.849022e-02 2.826069e-02 0.000000e+00 3.640165e-01 0.000000e+00 0.000000e+00 -1.030659e+00 -1.307525e+00 3.056318e-03 1.084007e-03 0.000000e+00 2.304617e-02 0.000000e+00 0.000000e+00 -1.133681e-01 -5.525748e-02 -1.285899e-01 
1.879530e-02 2.836726e-02 0.000000e+00 3.663054e-01 0.000000e+00 0.000000e+00 -1.041950e+00 -1.313028e+00 3.045130e-03 1.047288e-03 0.000000e+00 2.273110e-02 0.000000e+00 0.000000e+00 -1.124461e-01 -5.480809e-02 -1.264109e-01 
1.909919e-02 2.847018e-02 0.000000e+00 3.685627e-01 0.000000e+00 0.000000e+00 -1.053147e+00 -1.318486e+00 3.032697e-03 1.010925e-03 0.000000e+00 2.241460e-02 0.000000e+00 0.000000e+00 -1.115034e-01 -5.434857e-02 -1.242036e-01 
1.940178e-02 2.856948e-02 0.000000e+00 3.707883e-01 0.000000e+00 0.000000e+00 -1.064250e+00 -1.323897e+00 3.019038e-03 9.749452e-04 0.000000e+00 2.209683e-02 0.000000e+00 0.000000e+00 -1.105402e-01 -5.387912e-02 -1.219704e-01 
1.970294e-02 2.866520e-02 0.000000e+00 3.729821e-01 0.000000e+00 0.000000e+00 -1.075255e+00 -1.329261e+00 3.004173e-03 9.393764e-04 0.000000e+00 2.177799e-02 0.000000e+00 0.000000e+00 -1.095571e-01 -5.339994e-02 -1.197136e-01 
2.000256e-02 2.875738e-02 0.000000e+00 3.751439e-01 0.000000e+00 0.000000e+00 -1.086161e+00 -1.334577e+00 2.988124e-03 9.042445e-04 0.000000e+00 2.145824e-02 0.000000e+00 0.000000e+00 -1.085545e-01 -5.291124e-02 -1.174354e-01 
2.030052e-02 2.884607e-02 0.000000e+00 3.772737e-01 0.000000e+00 0.000000e+00 -1.096965e+00 -1.339843e+00 2.970914e-03 8.695749e-04 0.000000e+00 2.113776e-02 0.000000e+00 0.000000e+00 -1.075328e-01 -5.241323e-02 -1.151381e-01 
2.059670e-02 2.893131e-02 0.000000e+00 3.793715e-01 0.000000e+00 0.000000e+00 -1.107667e+00 -1.345059e+00 2.952566e-03 8.353916e-04 0.000000e+00 2.081670e-02 0.000000e+00 0.000000e+00 -1.064924e-01 -5.190614e-02 -1.128241e-01 
2.089100e-02 2.901316e-02 0.000000e+00 3.814370e-01 0.000000e+00 0.000000e+00 -1.118263e+00 -1.350224e+00 2.933105e-03 8.017181e-04 0.000000e+00 2.049524e-02 0.000000e+00 0.000000e+00 -1.054338e-01 -5.139019e-02 -1.104956e-01 
2.118330e-02 2.909166e-02 0.000000e+00 3.834705e-01 0.000000e+00 0.000000e+00 -1.128753e+00 -1.355337e+00 2.912557e-03 7.685766e-04 0.000000e+00 2.017355e-02 0.000000e+00 0.000000e+00 -1.043576e-01 -5.086560e-02 -1.081551e-01 
2.147349e-02 2.916688e-02 0.000000e+00 3.854717e-01 0.000000e+00 0.000000e+00 -1.139134e+00 -1.360397e+00 2.890950e-03 7.359885e-04 0.000000e+00 1.985177e-02 0.000000e+00 0.000000e+00 -1.032641e-01 -5.033260e-02 -1.058048e-01 
2.176147e-02 2.923887e-02 0.000000e+00 3.874408e-01 0.000000e+00 0.000000e+00 -1.149405e+00 -1.365403e+00 2.868310e-03 7.039742e-04 0.000000e+00 1.953006e-02 0.000000e+00 0.000000e+00 -1.021538e-01 -4.979143e-02 -1.034472e-01 
2.204713e-02 2.930769e-02 0.000000e+00 3.893777e-01 0.000000e+00 0.000000e+00 -1.159564e+00 -1.370355e+00 2.844669e-03 6.725531e-04 0.000000e+00 1.920859e-02 0.000000e+00 0.000000e+00 -1.010272e-01 -4.924232e-02 -1.010845e-01 
2.233037e-02 2.937339e-02 0.000000e+00 3.912825e-01 0.000000e+00 0.000000e+00 -1.169610e+00 -1.375251e+00 2.820051e-03 6.417431e-04 0.000000e+00 1.888748e-02 0.000000e+00 0.000000e+00 -9.988487e-02 -4.868552e-02 -9.871880e-02 
2.261111e-02 2.943604e-02 0.000000e+00 3.931552e-01 0.000000e+00 0.000000e+00 -1.179541e+00 -1.380092e+00 2.794484e-03 6.115596e-04 0.000000e+00 1.856688e-02 0.000000e+00 0.000000e+00 -9.872723e-02 -4.812127e-02 -9.635228e-02 
2.288924e-02 2.949570e-02 0.000000e+00 3.949958e-01 0.000000e+00 0.000000e+00 -1.189355e+00 -1.384875e+00 2.768000e-03 5.820171e-04 0.000000e+00 1.824693e-02 0.000000e+00 0.000000e+00 -9.755482e-02 -4.754982e-02 -9.398716e-02 
2.316468e-02 2.955244e-02 0.000000e+00 3.968045e-01 0.000000e+00 0.000000e+00 -1.199051e+00 -1.389602e+00 2.740631e-03 5.531290e-04 0.000000e+00 1.792775e-02 0.000000e+00 0.000000e+00 -9.636814e-02 -4.697141e-02 -9.162565e-02 
2.343734e-02 2.960633e-02 0.000000e+00 3.985813e-01 0.000000e+00 0.000000e+00 -1.208628e+00 -1.394270e+00 2.712408e-03 5.249074e-04 0.000000e+00 1.760948e-02 0.000000e+00 0.000000e+00 -9.516772e-02 -4.638631e-02 -8.926989e-02 
2.370713e-02 2.965743e-02 0.000000e+00 4.003264e-01 0.000000e+00 0.000000e+00 -1.218084e+00 -1.398879e+00 2.683362e-03 4.973635e-04 0.000000e+00 1.729223e-02 0.000000e+00 0.000000e+00 -9.395408e-02 -4.579476e-02 -8.692195e-02 
2.397398e-02 2.970582e-02 0.000000e+00 4.020398e-01 0.000000e+00 0.000000e+00 -1.227418e+00 -1.403428e+00 2.653526e-03 4.705071e-04 0.000000e+00 1.697613e-02 0.000000e+00 0.000000e+00 -9.272776e-02 -4.519703e-02 -8.458387e-02 
2.423781e-02 2.975157e-02 0.000000e+00 4.037217e-01 0.000000e+00 0.000000e+00 -1.236629e+00 -1.407918e+00 2.622931e-03 4.443471e-04 0.000000e+00 1.666129e-02 0.000000e+00 0.000000e+00 -9.148929e-02 -4.459338e-02 -8.225762e-02 
2.449854e-02 2.979473e-02 0.000000e+00 4.053722e-01 0.000000e+00 0.000000e+00 -1.245716e+00 -1.412347e+00 2.591608e-03 4.188913e-04 0.000000e+00 1.634782e-02 0.000000e+00 0.000000e+00 -9.023922e-02 -4.398407e-02 -7.994510e-02 
2.475611e-02 2.983539e-02 0.000000e+00 4.069914e-01 0.000000e+00 0.000000e+00 -1.254677e+00 -1.416714e+00 2.559589e-03 3.941463e-04 0.000000e+00 1.603583e-02 0.000000e+00 0.000000e+00 -8.897809e-02 -4.336938e-02 -7.764818e-02 
2.501044e-02 2.987362e-02 0.000000e+00 4.085795e-01 0.000000e+00 0.000000e+00 -1.263511e+00 -1.421020e+00 2.526905e-03 3.701176e-04 0.000000e+00 1.572542e-02 0.000000e+00 0.000000e+00 -8.770647e-02 -4.274957e-02 -7.536865e-02 
2.526147e-02 2.990947e-02 0.000000e+00 4.101366e-01 0.000000e+00 0.000000e+00 -1.272218e+00 -1.425264e+00 2.493589e-03 3.468097e-04 0.000000e+00 1.541670e-02 0.000000e+00 0.000000e+00 -8.642489e-02 -4.212491e-02 -7.310826e-02 
2.550913e-02 2.994303e-02 0.000000e+00 4.116630e-01 0.000000e+00 0.000000e+00 -1.280796e+00 -1.429445e+00 2.459672e-03 3.242257e-04 0.000000e+00 1.510975e-02 0.000000e+00 0.000000e+00 -8.513394e-02 -4.149568e-02 -7.086869e-02 
2.575338e-02 2.997437e-02 0.000000e+00 4.131588e-01 0.000000e+00 0.000000e+00 -1.289244e+00 -1.433563e+00 2.425186e-03 3.023680e-04 0.000000e+00 1.480466e-02 0.000000e+00 0.000000e+00 -8.383417e-02 -4.086215e-02 -6.865156e-02 
2.599415e-02 3.000356e-02 0.000000e+00 4.146241e-01 0.000000e+00 0.000000e+00 -1.297562e+00 -1.437618e+00 2.390162e-03 2.812374e-04 0.000000e+00 1.450154e-02 0.000000e+00 0.000000e+00 -8.252616e-02 -4.022460e-02 -6.645846e-02 
2.623140e-02 3.003066e-02 0.000000e+00 4.160592e-01 0.000000e+00 0.000000e+00 -1.305749e+00 -1.441608e+00 2.354631e-03 2.608340e-04 0.000000e+00 1.420045e-02 0.000000e+00 0.000000e+00 -8.121048e-02 -3.958332e-02 -6.429090e-02 
2.646507e-02 3.005575e-02 0.000000e+00 4.174643e-01 0.000000e+00 0.000000e+00 -1.313804e+00 -1.445534e+00 2.318627e-03 2.411566e-04 0.000000e+00 1.390148e-02 0.000000e+00 0.000000e+00 -7.988770e-02 -3.893857e-02 -6.215033e-02 
2.669511e-02 3.007891e-02 0.000000e+00 4.188395e-01 0.000000e+00 0.000000e+00 -1.321727e+00 -1.449396e+00 2.282179e-03 2.222029e-04 0.000000e+00 1.360471e-02 0.000000e+00 0.000000e+00 -7.855840e-02 -3.829065e-02 -6.003816e-02 
2.692149e-02 3.010020e-02 0.000000e+00 4.201852e-01 0.000000e+00 0.000000e+00 -1.329516e+00 -1.453192e+00 2.245321e-03 2.039695e-04 0.000000e+00 1.331020e-02 0.000000e+00 0.000000e+00 -7.722318e-02 -3.763984e-02 -5.795572e-02 
2.714416e-02 3.011970e-02 0.000000e+00 4.215016e-01 0.000000e+00 0.000000e+00 -1.337171e+00 -1.456924e+00 2.208083e-03 1.864519e-04 0.000000e+00 1.301802e-02 0.000000e+00 0.000000e+00 -7.588261e-02 -3.698643e-02 -5.590432e-02 
2.736309e-02 3.013749e-02 0.000000e+00 4.227888e-01 0.000000e+00 0.000000e+00 -1.344692e+00 -1.460589e+00 2.170498e-03 1.696444e-04 0.000000e+00 1.272824e-02 0.000000e+00 0.000000e+00 -7.453728e-02 -3.633069e-02 -5.388517e-02 
2.757825e-02 3.015363e-02 0.000000e+00 4.240472e-01 0.000000e+00 0.000000e+00 -1.352078e+00 -1.464190e+00 2.132597e-03 1.535404e-04 0.000000e+00 1.244092e-02 0.000000e+00 0.000000e+00 -7.318778e-02 -3.567293e-02 -5.189946e-02 
2.778961e-02 3.016820e-02 0.000000e+00 4.252770e-01 0.000000e+00 0.000000e+00 -1.359330e+00 -1.467724e+00 2.094412e-03 1.381319e-04 0.000000e+00 1.215611e-02 0.000000e+00 0.000000e+00 -7.183471e-02 -3.501342e-02 -4.994830e-02 
2.799712e-02 3.018127e-02 0.000000e+00 4.264785e-01 0.000000e+00 0.000000e+00 -1.366445e+00 -1.471192e+00 2.055972e-03 1.234135e-04 0.000000e+00 1.187387e-02 0.000000e+00 0.000000e+00 -7.047866e-02 -3.435245e-02 -4.803271e-02 
2.820078e-02 3.019290e-02 0.000000e+00 4.276519e-01 0.000000e+00 0.000000e+00 -1.373425e+00 -1.474594e+00 2.017305e-03 1.093783e-04 0.000000e+00 1.159427e-02 0.000000e+00 0.000000e+00 -6.912022e-02 -3.369033e-02 -4.615359e-02 
2.840057e-02 3.020316e-02 0.000000e+00 4.287974e-01 0.000000e+00 0.000000e+00 -1.380269e+00 -1.477930e+00 1.978442e-03 9.601516e-05 0.000000e+00 1.131735e-02 0.000000e+00 0.000000e+00 -6.775999e-02 -3.302733e-02 -4.431176e-02 
2.859645e-02 3.021212e-02 0.000000e+00 4.299154e-01 0.000000e+00 0.000000e+00 -1.386977e+00 -1.481200e+00 1.939409e-03 8.331285e-05 0.000000e+00 1.104314e-02 0.000000e+00 0.000000e+00 -6.639857e-02 -3.236375e-02 -4.250797e-02 
2.878843e-02 3.021984e-02 0.000000e+00 4.310061e-01 0.000000e+00 0.000000e+00 -1.393549e+00 -1.484403e+00 1.900237e-03 7.125964e-05 0.000000e+00 1.077170e-02 0.000000e+00 0.000000e+00 -6.503654e-02 -3.169988e-02 -4.074293e-02 
2.897649e-02 3.022639e-02 0.000000e+00 4.320698e-01 0.000000e+00 0.000000e+00 -1.399984e+00 -1.487540e+00 1.860954e-03 5.984351e-05 0.000000e+00 1.050305e-02 0.000000e+00 0.000000e+00 -6.367452e-02 -3.103601e-02 -3.901727e-02 
2.916061e-02 3.023183e-02 0.000000e+00 4.331068e-01 0.000000e+00 0.000000e+00 -1.406284e+00 -1.490610e+00 1.821585e-03 4.905213e-05 0.000000e+00 1.023725e-02 0.000000e+00 0.000000e+00 -6.231310e-02 -3.037242e-02 -3.733156e-02 
2.934080e-02 3.023622e-02 0.000000e+00 4.341173e-01 0.000000e+00 0.000000e+00 -1.412447e+00 -1.493614e+00 1.782160e-03 3.887284e-05 0.000000e+00 9.974329e-03 0.000000e+00 0.000000e+00 -6.095287e-02 -2.970943e-02 -3.568632e-02 
2.951705e-02 3.023963e-02 0.000000e+00 4.351018e-01 0.000000e+00 0.000000e+00 -1.418474e+00 -1.496552e+00 1.742704e-03 2.929264e-05 0.000000e+00 9.714317e-03 0.000000e+00 0.000000e+00 -5.959443e-02 -2.904730e-02 -3.408199e-02 
2.968935e-02 3.024210e-02 0.000000e+00 4.360603e-01 0.000000e+00 0.000000e+00 -1.424366e+00 -1.499424e+00 1.703243e-03 2.029822e-05 0.000000e+00 9.457253e-03 0.000000e+00 0.000000e+00 -5.823837e-02 -2.838634e-02 -3.251896e-02 
2.985771e-02 3.024371e-02 0.000000e+00 4.369934e-01 0.000000e+00 0.000000e+00 -1.430122e+00 -1.502229e+00 1.663802e-03 1.187594e-05 0.000000e+00 9.203167e-03 0.000000e+00 0.000000e+00 -5.688530e-02 -2.772683e-02 -3.099756e-02 
3.002213e-02 3.024451e-02 0.000000e+00 4.379011e-01 0.000000e+00 0.000000e+00 -1.435743e+00 -1.504969e+00 1.624408e-03 4.011836e-06 0.000000e+00 8.952092e-03 0.000000e+00 0.000000e+00 -5.553581e-02 -2.706906e-02 -2.951806e-02 
3.018262e-02 3.024455e-02 0.000000e+00 4.387839e-01 0.000000e+00 0.000000e+00 -1.441230e+00 -1.507643e+00 1.585084e-03 -3.308377e-06 0.000000e+00 8.704057e-03 0.000000e+00 0.000000e+00 -5.419048e-02 -2.641333e-02 -2.808066e-02 
3.033917e-02 3.024388e-02 0.000000e+00 4.396421e-01 0.000000e+00 0.000000e+00 -1.446581e+00 -1.510252e+00 1.545854e-03 -1.009931e-05 0.000000e+00 8.459090e-03 0.000000e+00 0.000000e+00 -5.284991e-02 -2.575991e-02 -2.668549e-02 
3.049181e-02 3.024255e-02 0.000000e+00 4.404759e-01 0.000000e+00 0.000000e+00 -1.451800e+00 -1.512795e+00 1.506743e-03 -1.637591e-05 0.000000e+00 8.217218e-03 0.000000e+00 0.000000e+00 -5.151469e-02 -2.510910e-02 -2.533264e-02 
3.064054e-02 3.024063e-02 0.000000e+00 4.412857e-01 0.000000e+00 0.000000e+00 -1.456885e+00 -1.515274e+00 1.467772e-03 -2.215344e-05 0.000000e+00 7.978466e-03 0.000000e+00 0.000000e+00 -5.018539e-02 -2.446118e-02 -2.402212e-02 
3.078538e-02 3.023815e-02 0.000000e+00 4.420717e-01 0.000000e+00 0.000000e+00 -1.461837e+00 -1.517688e+00 1.428965e-03 -2.744749e-05 0.000000e+00 7.742857e-03 0.000000e+00 0.000000e+00 -4.886261e-02 -2.381644e-02 -2.275389e-02 
3.092634e-02 3.023516e-02 0.000000e+00 4.428344e-01 0.000000e+00 0.000000e+00 -1.466657e+00 -1.520037e+00 1.390344e-03 -3.227396e-05 0.000000e+00 7.510414e-03 0.000000e+00 0.000000e+00 -4.754693e-02 -2.317515e-02 -2.152784e-02 
3.106345e-02 3.023170e-02 0.000000e+00 4.435739e-01 0.000000e+00 0.000000e+00 -1.471347e+00 -1.522323e+00 1.351930e-03 -3.664910e-05 0.000000e+00 7.281157e-03 0.000000e+00 0.000000e+00 -4.623891e-02 -2.253760e-02 -2.034381e-02 
3.119673e-02 3.022784e-02 0.000000e+00 4.442907e-01 0.000000e+00 0.000000e+00 -1.475905e+00 -1.524545e+00 1.313745e-03 -4.058948e-05 0.000000e+00 7.055105e-03 0.000000e+00 0.000000e+00 -4.493915e-02 -2.190408e-02 -1.920156e-02 
3.132620e-02 3.022359e-02 0.000000e+00 4.449850e-01 0.000000e+00 0.000000e+00 -1.480335e+00 -1.526704e+00 1.275808e-03 -4.411197e-05 0.000000e+00 6.832277e-03 0.000000e+00 0.000000e+00 -4.364819e-02 -2.127485e-02 -1.810080e-02 
3.145189e-02 3.021902e-02 0.000000e+00 4.456572e-01 0.000000e+00 0.000000e+00 -1.484635e+00 -1.528800e+00 1.238141e-03 -4.723380e-05 0.000000e+00 6.612688e-03 0.000000e+00 0.000000e+00 -4.236662e-02 -2.065019e-02 -1.704118e-02 
3.157382e-02 3.021415e-02 0.000000e+00 4.463076e-01 0.000000e+00 0.000000e+00 -1.488808e+00 -1.530834e+00 1.200763e-03 -4.997251e-05 0.000000e+00 6.396353e-03 0.000000e+00 0.000000e+00 -4.109500e-02 -2.003037e-02 -1.602229e-02 
3.169204e-02 3.020903e-02 0.000000e+00 4.469365e-01 0.000000e+00 0.000000e+00 -1.492855e+00 -1.532806e+00 1.163692e-03 -5.234595e-05 0.000000e+00 6.183286e-03 0.000000e+00 0.000000e+00 -3.983387e-02 -1.941568e-02 -1.504363e-02 
3.180657e-02 3.020369e-02 0.000000e+00 4.475444e-01 0.000000e+00 0.000000e+00 -1.496776e+00 -1.534717e+00 1.126949e-03 -5.437179e-05 0.000000e+00 5.973499e-03 0.000000e+00 0.000000e+00 -3.858380e-02 -1.880638e-02 -1.410472e-02 
3.191744e-02 3.019816e-02 0.000000e+00 4.481313e-01 0.000000e+00 0.000000e+00 -1.500572e+00 -1.536568e+00 1.090550e-03 -5.606395e-05 0.000000e+00 5.767016e-03 0.000000e+00 0.000000e+00 -3.734533e-02 -1.820273e-02 -1.320513e-02 
3.202468e-02 3.019249e-02 0.000000e+00 4.486979e-01 0.000000e+00 0.000000e+00 -1.504245e+00 -1.538358e+00 1.054514e-03 -5.743857e-05 0.000000e+00 5.563853e-03 0.000000e+00 0.000000e+00 -3.611901e-02 -1.760500e-02 -1.234430e-02 
3.212835e-02 3.018669e-02 0.000000e+00 4.492442e-01 0.000000e+00 0.000000e+00 -1.507796e+00 -1.540089e+00 1.018859e-03 -5.851228e-05 0.000000e+00 5.364026e-03 0.000000e+00 0.000000e+00 -3.490537e-02 -1.701345e-02 -1.152159e-02 
3.222847e-02 3.018080e-02 0.000000e+00 4.497708e-01 0.000000e+00 0.000000e+00 -1.511227e+00 -1.541761e+00 9.836008e-04 -5.930143e-05 0.000000e+00 5.167550e-03 0.000000e+00 0.000000e+00 -3.370495e-02 -1.642835e-02 -1.073631e-02 
3.232508e-02 3.017484e-02 0.000000e+00 4.502779e-01 0.000000e+00 0.000000e+00 -1.514538e+00 -1.543375e+00 9.487561e-04 -5.982207e-05 0.000000e+00 4.974439e-03 0.000000e+00 0.000000e+00 -3.251827e-02 -1.584994e-02 -9.987777e-03 
3.241823e-02 3.016884e-02 0.000000e+00 4.507658e-01 0.000000e+00 0.000000e+00 -1.517731e+00 -1.544931e+00 9.143413e-04 -6.008997e-05 0.000000e+00 4.784710e-03 0.000000e+00 0.000000e+00 -3.134586e-02 -1.527848e-02 -9.275265e-03 
3.250797e-02 3.016283e-02 0.000000e+00 4.512349e-01 0.000000e+00 0.000000e+00 -1.520807e+00 -1.546431e+00 8.803719e-04 -6.012060e-05 0.000000e+00 4.598377e-03 0.000000e+00 0.000000e+00 -3.018822e-02 -1.471423e-02 -8.598028e-03 
3.259433e-02 3.015682e-02 0.000000e+00 4.516856e-01 0.000000e+00 0.000000e+00 -1.523769e+00 -1.547874e+00 8.468636e-04 -5.992916e-05 0.000000e+00 4.415457e-03 0.000000e+00 0.000000e+00 -2.904587e-02 -1.415743e-02 -7.955292e-03 
3.267736e-02 3.015084e-02 0.000000e+00 4.521181e-01 0.000000e+00 0.000000e+00 -1.526617e+00 -1.549263e+00 8.138314e-04 -5.953056e-05 0.000000e+00 4.235964e-03 0.000000e+00 0.000000e+00 -2.791931e-02 -1.360833e-02 -7.346260e-03 
3.275711e-02 3.014492e-02 0.000000e+00 4.525329e-01 0.000000e+00 0.000000e+00 -1.529353e+00 -1.550596e+00 7.812899e-04 -5.893942e-05 0.000000e+00 4.059917e-03 0.000000e+00 0.000000e+00 -2.680902e-02 -1.306716e-02 -6.770109e-03 
3.283364e-02 3.013906e-02 0.000000e+00 4.529302e-01 0.000000e+00 0.000000e+00 -1.531979e+00 -1.551876e+00 7.492534e-04 -5.817007e-05 0.000000e+00 3.887330e-03 0.000000e+00 0.000000e+00 -2.571551e-02 -1.253416e-02 -6.225989e-03 
3.290698e-02 3.013329e-02 0.000000e+00 4.533105e-01 0.000000e+00 0.000000e+00 -1.534497e+00 -1.553103e+00 7.177360e-04 -5.723656e-05 0.000000e+00 3.718219e-03 0.000000e+00 0.000000e+00 -2.463924e-02 -1.200957e-02 -5.713028e-03 
3.297720e-02 3.012762e-02 0.000000e+00 4.536740e-01 0.000000e+00 0.000000e+00 -1.536908e+00 -1.554278e+00 6.867512e-04 -5.615264e-05 0.000000e+00 3.552602e-03 0.000000e+00 0.000000e+00 -2.358069e-02 -1.149362e-02 -5.230325e-03 
3.304435e-02 3.012206e-02 0.000000e+00 4.540211e-01 0.000000e+00 0.000000e+00 -1.539214e+00 -1.555402e+00 6.563122e-04 -5.493179e-05 0.000000e+00 3.390495e-03 0.000000e+00 0.000000e+00 -2.254033e-02 -1.098652e-02 -4.776955e-03 
3.310848e-02 3.011664e-02 0.000000e+00 4.543522e-01 0.000000e+00 0.000000e+00 -1.541416e+00 -1.556476e+00 6.264320e-04 -5.358719e-05 0.000000e+00 3.231915e-03 0.000000e+00 0.000000e+00 -2.151860e-02 -1.048852e-02 -4.351968e-03 
3.316965e-02 3.011135e-02 0.000000e+00 4.546676e-01 0.000000e+00 0.000000e+00 -1.543518e+00 -1.557500e+00 5.971229e-04 -5.213174e-05 0.000000e+00 3.076879e-03 0.000000e+00 0.000000e+00 -2.051597e-02 -9.999818e-03 -3.954389e-03 
3.322792e-02 3.010622e-02 0.000000e+00 4.549677e-01 0.000000e+00 0.000000e+00 -1.545520e+00 -1.558476e+00 5.683972e-04 -5.057805e-05 0.000000e+00 2.925404e-03 0.000000e+00 0.000000e+00 -1.953286e-02 -9.520635e-03 -3.583217e-03 
3.328335e-02 3.010124e-02 0.000000e+00 4.552528e-01 0.000000e+00 0.000000e+00 -1.547425e+00 -1.559405e+00 5.402665e-04 -4.893843e-05 0.000000e+00 2.777508e-03 0.000000e+00 0.000000e+00 -1.856971e-02 -9.051181e-03 -3.237430e-03 
3.333600e-02 3.009643e-02 0.000000e+00 4.555233e-01 0.000000e+00 0.000000e+00 -1.549235e+00 -1.560287e+00 5.127427e-04 -4.722432e-05 0.000000e+00 2.633208e-03 0.000000e+00 0.000000e+00 -1.762694e-02 -8.591661e-03 -2.916117e-03 
3.338592e-02 3.009180e-02 0.000000e+00 4.557796e-01 0.000000e+00 0.000000e+00 -1.550951e+00 -1.561124e+00 4.858371e-04 -4.544670e-05 0.000000e+00 2.492523e-03 0.000000e+00 0.000000e+00 -1.670497e-02 -8.142278e-03 -2.618296e-03 
3.343318e-02 3.008735e-02 0.000000e+00 4.560219e-01 0.000000e+00 0.000000e+00 -1.552577e+00 -1.561916e+00 4.595607e-04 -4.361631e-05 0.000000e+00 2.355473e-03 0.000000e+00 0.000000e+00 -1.580420e-02 -7.703227e-03 -2.342929e-03 
3.347785e-02 3.008308e-02 0.000000e+00 4.562508e-01 0.000000e+00 0.000000e+00 -1.554113e+00 -1.562665e+00 4.339242e-04 -4.174350e-05 0.000000e+00 2.222078e-03 0.000000e+00 0.000000e+00 -1.492503e-02 -7.274702e-03 -2.088991e-03 
3.351999e-02 3.007900e-02 0.000000e+00 4.564665e-01 0.000000e+00 0.000000e+00 -1.555562e+00 -1.563371e+00 4.089380e-04 -3.983818e-05 0.000000e+00 2.092357e-03 0.000000e+00 0.000000e+00 -1.406783e-02 -6.856891e-03 -1.855472e-03 
3.355966e-02 3.007511e-02 0.000000e+00 4.566694e-01 0.000000e+00 0.000000e+00 -1.556927e+00 -1.564036e+00 3.846123e-04 -3.790984e-05 0.000000e+00 1.966330e-03 0.000000e+00 0.000000e+00 -1.323299e-02 -6.449977e-03 -1.641372e-03 
3.359693e-02 3.007142e-02 0.000000e+00 4.568599e-01 0.000000e+00 0.000000e+00 -1.558210e+00 -1.564661e+00 3.609569e-04 -3.596756e-05 0.000000e+00 1.844017e-03 0.000000e+00 0.000000e+00 -1.242087e-02 -6.054138e-03 -1.445707e-03 
3.363188e-02 3.006792e-02 0.000000e+00 4.570383e-01 0.000000e+00 0.000000e+00 -1.559412e+00 -1.565247e+00 3.379813e-04 -3.402001e-05 0.000000e+00 1.725439e-03 0.000000e+00 0.000000e+00 -1.163184e-02 -5.669548e-03 -1.267505e-03 
3.366456e-02 3.006461e-02 0.000000e+00 4.572051e-01 0.000000e+00 0.000000e+00 -1.560537e+00 -1.565796e+00 3.156949e-04 -3.207543e-05 0.000000e+00 1.610615e-03 0.000000e+00 0.000000e+00 -1.086623e-02 -5.296376e-03 -1.105806e-03 
3.369504e-02 3.006150e-02 0.000000e+00 4.573605e-01 0.000000e+00 0.000000e+00 -1.561586e+00 -1.566307e+00 2.941066e-04 -3.014165e-05 0.000000e+00 1.499566e-03 0.000000e+00 0.000000e+00 -1.012437e-02 -4.934786e-03 -9.596650e-04 
3.372340e-02 3.005858e-02 0.000000e+00 4.575051e-01 0.000000e+00 0.000000e+00 -1.562562e+00 -1.566783e+00 2.732252e-04 -2.822607e-05 0.000000e+00 1.392313e-03 0.000000e+00 0.000000e+00 -9.406609e-03 -4.584935e-03 -8.281491e-04 
3.374971e-02 3.005585e-02 0.000000e+00 4.576391e-01 0.000000e+00 0.000000e+00 -1.563468e+00 -1.567225e+00 2.530590e-04 -2.633568e-05 0.000000e+00 1.288876e-03 0.000000e+00 0.000000e+00 -8.713245e-03 -4.246978e-03 -7.103389e-04 
3.377404e-02 3.005331e-02 0.000000e+00 4.577630e-01 0.000000e+00 0.000000e+00 -1.564306e+00 -1.567633e+00 2.336162e-04 -2.447707e-05 0.000000e+00 1.189276e-03 0.000000e+00 0.000000e+00 -8.044586e-03 -3.921063e-03 -6.053278e-04 
3.379646e-02 3.005095e-02 0.000000e+00 4.578771e-01 0.000000e+00 0.000000e+00 -1.565078e+00 -1.568009e+00 2.149046e-04 -2.265638e-05 0.000000e+00 1.093533e-03 0.000000e+00 0.000000e+00 -7.400926e-03 -3.607333e-03 -5.122228e-04 
3.381705e-02 3.004878e-02 0.000000e+00 4.579818e-01 0.000000e+00 0.000000e+00 -1.565787e+00 -1.568355e+00 1.969318e-04 -2.087935e-05 0.000000e+00 1.001669e-03 0.000000e+00 0.000000e+00 -6.782547e-03 -3.305924e-03 -4.301436e-04 
3.383587e-02 3.004678e-02 0.000000e+00 4.580776e-01 0.000000e+00 0.000000e+00 -1.566435e+00 -1.568671e+00 1.797052e-04 -1.915131e-05 0.000000e+00 9.137054e-04 0.000000e+00 0.000000e+00 -6.189720e-03 -3.016971e-03 -3.582234e-04 
3.385301e-02 3.004495e-02 0.000000e+00 4.581647e-01 0.000000e+00 0.000000e+00 -1.567026e+00 -1.568959e+00 1.632316e-04 -1.747714e-05 0.000000e+00 8.296623e-04 0.000000e+00 0.000000e+00 -5.622705e-03 -2.740598e-03 -2.956082e-04 
3.386854e-02 3.004328e-02 0.000000e+00 4.582437e-01 0.000000e+00 0.000000e+00 -1.567561e+00 -1.569219e+00 1.475178e-04 -1.586135e-05 0.000000e+00 7.495616e-04 0.000000e+00 0.000000e+00 -5.081751e-03 -2.476929e-03 -2.414573e-04 
3.388254e-02 3.004177e-02 0.000000e+00 4.583148e-01 0.000000e+00 0.000000e+00 -1.568043e+00 -1.569454e+00 1.325701e-04 -1.430849e-05 0.000000e+00 6.734217e-04 0.000000e+00 0.000000e+00 -4.567095e-03 -2.226077e-03 -1.950175e-04 
3.389508e-02 3.004042e-02 0.000000e+00 4.583785e-01 0.000000e+00 0.000000e+00 -1.568475e+00 -1.569665e+00 1.183946e-04 -1.282263e-05 0.000000e+00 6.012610e-04 0.000000e+00 0.000000e+00 -4.078963e-03 -1.988153e-03 -1.555880e-04 
3.390624e-02 3.003921e-02 0.000000e+00 4.584351e-01 0.000000e+00 0.000000e+00 -1.568860e+00 -1.569852e+00 1.049973e-04 -1.140688e-05 0.000000e+00 5.331011e-04 0.000000e+00 0.000000e+00 -3.617569e-03 -1.763262e-03 -1.224292e-04 
3.391610e-02 3.003814e-02 0.000000e+00 4.584852e-01 0.000000e+00 0.000000e+00 -1.569200e+00 -1.570018e+00 9.238361e-05 -1.006414e-05 0.000000e+00 4.689621e-04 0.000000e+00 0.000000e+00 -3.183115e-03 -1.551502e-03 -9.484225e-05 
3.392474e-02 3.003720e-02 0.000000e+00 4.585291e-01 0.000000e+00 0.000000e+00 -1.569497e+00 -1.570163e+00 8.055886e-05 -8.797095e-06 0.000000e+00 4.088635e-04 0.000000e+00 0.000000e+00 -2.775792e-03 -1.352967e-03 -7.216937e-05 
3.393224e-02 3.003638e-02 0.000000e+00 4.585671e-01 0.000000e+00 0.000000e+00 -1.569756e+00 -1.570289e+00 6.952795e-05 -7.608219e-06 0.000000e+00 3.528234e-04 0.000000e+00 0.000000e+00 -2.395779e-03 -1.167742e-03 -5.379376e-05 
3.393867e-02 3.003567e-02 0.000000e+00 4.585998e-01 0.000000e+00 0.000000e+00 -1.569977e+00 -1.570397e+00 5.929546e-05 -6.499767e-06 0.000000e+00 3.008590e-04 0.000000e+00 0.000000e+00 -2.043243e-03 -9.959099e-04 -3.913964e-05 
3.394413e-02 3.003507e-02 0.000000e+00 4.586274e-01 0.000000e+00 0.000000e+00 -1.570165e+00 -1.570489e+00 4.986565e-05 -5.473782e-06 0.000000e+00 2.529864e-04 0.000000e+00 0.000000e+00 -1.718337e-03 -8.375455e-04 -2.767219e-05 
3.394868e-02 3.003457e-02 0.000000e+00 4.586505e-01 0.000000e+00 0.000000e+00 -1.570322e+00 -1.570565e+00 4.124245e-05 -4.532093e-06 0.000000e+00 2.092207e-04 0.000000e+00 0.000000e+00 -1.421205e-03 -6.927184e-04 -1.889760e-05 
3.395241e-02 3.003416e-02 0.000000e+00 4.586694e-01 0.000000e+00 0.000000e+00 -1.570450e+00 -1.570628e+00 3.342944e-05 -3.676315e-06 0.000000e+00 1.695758e-04 0.000000e+00 0.000000e+00 -1.151976e-03 -5.614920e-04 -1.236305e-05 
3.395539e-02 3.003383e-02 0.000000e+00 4.586846e-01 0.000000e+00 0.000000e+00 -1.570553e+00 -1.570678e+00 2.642990e-05 -2.907847e-06 0.000000e+00 1.340648e-04 0.000000e+00 0.000000e+00 -9.107694e-04 -4.439239e-04 -7.656705e-06 
3.395772e-02 3.003357e-02 0.000000e+00 4.586964e-01 0.000000e+00 0.000000e+00 -1.570633e+00 -1.570717e+00 2.024675e-05 -2.227877e-06 0.000000e+00 1.026996e-04 0.000000e+00 0.000000e+00 -6.976904e-04 -3.400657e-04 -4.407746e-06 
3.395947e-02 3.003338e-02 0.000000e+00 4.587053e-01 0.000000e+00 0.000000e+00 -1.570694e+00 -1.570746e+00 1.488260e-05 -1.637377e-06 0.000000e+00 7.549089e-05 0.000000e+00 0.000000e+00 -5.128326e-04 -2.499630e-04 -2.286334e-06 
3.396073e-02 3.003324e-02 0.000000e+00 4.587116e-01 0.000000e+00 0.000000e+00 -1.570737e+00 -1.570767e+00 1.033972e-05 -1.137105e-06 0.000000e+00 5.244854e-05 0.000000e+00 0.000000e+00 -3.562770e-04 -1.736552e-04 -1.003627e-06 
3.396157e-02 3.003315e-02 0.000000e+00 4.587159e-01 0.000000e+00 0.000000e+00 -1.570766e+00 -1.570781e+00 6.620055e-06 -7.276062e-07 0.000000e+00 3.358125e-05 0.000000e+00 0.000000e+00 -2.280923e-04 -1.111759e-04 -3.117775e-07 
3.396208e-02 3.003309e-02 0.000000e+00 4.587185e-01 0.000000e+00 0.000000e+00 -1.570783e+00 -1.570790e+00 3.725222e-06 -4.092101e-07 0.000000e+00 1.889670e-05 0.000000e+00 0.000000e+00 -1.283348e-04 -6.255247e-05 -3.933605e-09 
3.396234e-02 3.003307e-02 0.000000e+00 4.587198e-01 0.000000e+00 0.000000e+00 -1.570793e+00 -1.570794e+00 1.656500e-06 -1.820330e-07 0.000000e+00 8.401483e-06 0.000000e+00 0.000000e+00 -5.704810e-05 -2.780618e-05 8.576312e-08 
3.396243e-02 3.003306e-02 0.000000e+00 4.587203e-01 0.000000e+00 0.000000e+00 -1.570796e+00 -1.570796e+00 4.148438e-07 -4.597700e-08 0.000000e+00 2.101162e-06 0.000000e+00 0.000000e+00 -1.426359e-05 -6.952307e-06 8.217645e-08 
3.396245e-02 3.003306e-02 0.000000e+00 4.587204e-01 0.000000e+00 0.000000e+00 -1.570796e+00 -1.570796e+00 8.748796e-10 -7.300124e-10 0.000000e+00 2.321481e-10 0.000000e+00 0.000000e+00 -0.000000e+00 -0.000000e+00 6.917568e-08 
