0.000000e+00 0.000000e+00 0.000000e+00 0.000000e+00 
0.000000e+00 7.724119e-14 -7.720542e-14 3.577483e-17 
0.000000e+00 4.081306e-12 -4.457005e-12 -3.756988e-13 
0.000000e+00 4.142896e-11 -4.219913e-11 -7.701737e-13 
0.000000e+00 2.174468e-10 -2.251338e-10 -7.687039e-12 
0.000000e+00 7.957445e-10 -8.045462e-10 -8.801678e-12 
0.000000e+00 2.331091e-09 -2.347730e-09 -1.663889e-11 
0.000000e+00 5.828497e-09 -5.854130e-09 -2.563272e-11 
0.000000e+00 1.294573e-08 -1.297421e-08 -2.847691e-11 
0.000000e+00 2.622180e-08 -2.625517e-08 -3.336928e-11 
0.000000e+00 4.929291e-08 -4.933577e-08 -4.285967e-11 
0.000000e+00 8.710291e-08 -8.715539e-08 -5.248326e-11 
0.000000e+00 1.460969e-07 -1.461544e-07 -5.746050e-11 
0.000000e+00 2.343783e-07 -2.344407e-07 -6.244427e-11 
0.000000e+00 3.617993e-07 -3.618698e-07 -7.047283e-11 
0.000000e+00 5.400064e-07 -5.400880e-07 -8.160969e-11 
0.000000e+00 7.824279e-07 -7.825211e-07 -9.316606e-11 
0.000000e+00 1.104208e-06 -1.104311e-06 -1.025357e-10 
0.000000e+00 1.522101e-06 -1.522210e-06 -1.090540e-10 
0.000000e+00 2.054292e-06 -2.054409e-06 -1.171301e-10 
0.000000e+00 2.720198e-06 -2.720324e-06 -1.261407e-10 
0.000000e+00 3.540237e-06 -3.540374e-06 -1.369053e-10 
0.000000e+00 4.535583e-06 -4.535733e-06 -1.497335e-10 
0.000000e+00 5.727919e-06 -5.728081e-06 -1.620700e-10 
0.000000e+00 7.139186e-06 -7.139362e-06 -1.756262e-10 
0.000000e+00 8.791369e-06 -8.791557e-06 -1.884230e-10 
0.000000e+00 1.070629e-05 -1.070649e-05 -1.984393e-10 
0.000000e+00 1.290545e-05 -1.290565e-05 -2.021554e-10 
0.000000e+00 1.540984e-05 -1.541008e-05 -2.352073e-10 
0.000000e+00 1.824003e-05 -1.824026e-05 -2.283653e-10 
0.000000e+00 2.141586e-05 -2.141611e-05 -2.496320e-10 
0.000000e+00 2.495670e-05 -2.495696e-05 -2.589869e-10 
0.000000e+00 2.888136e-05 -2.888164e-05 -2.848628e-10 
0.000000e+00 3.320824e-05 -3.320853e-05 -2.871804e-10 
0.000000e+00 3.795545e-05 -3.795575e-05 -3.021543e-10 
0.000000e+00 4.314091e-05 -4.314123e-05 -3.196296e-10 
0.000000e+00 4.878266e-05 -4.878300e-05 -3.441736e-10 
0.000000e+00 5.489893e-05 -5.489927e-05 -3.447911e-10 
0.000000e+00 6.150837e-05 -6.150873e-05 -3.603721e-10 
0.000000e+00 6.863030e-05 -6.863068e-05 -3.844281e-10 
0.000000e+00 7.628488e-05 -7.628527e-05 -3.882713e-10 
0.000000e+00 8.449322e-05 -8.449365e-05 -4.300086e-10 
0.000000e+00 9.327776e-05 -9.327816e-05 -4.025970e-10 
0.000000e+00 1.026620e-04 -1.026624e-04 -4.065932e-10 
0.000000e+00 1.126711e-04 -1.126715e-04 -4.331904e-10 
0.000000e+00 1.233315e-04 -1.233320e-04 -4.528426e-10 
0.000000e+00 1.346715e-04 -1.346720e-04 -4.672404e-10 
0.000000e+00 1.467207e-04 -1.467212e-04 -5.482212e-10 
0.000000e+00 1.595103e-04 -1.595108e-04 -4.724434e-10 
0.000000e+00 1.730731e-04 -1.730736e-04 -5.474930e-10 
0.000000e+00 1.874432e-04 -1.874438e-04 -6.062774e-10 
0.000000e+00 2.026562e-04 -2.026568e-04 -6.067031e-10 
0.000000e+00 2.187488e-04 -2.187494e-04 -6.099526e-10 
0.000000e+00 2.357586e-04 -2.357594e-04 -7.726886e-10 
0.000000e+00 2.537246e-04 -2.537253e-04 -6.529906e-10 
0.000000e+00 2.726858e-04 -2.726865e-04 -7.225949e-10 
0.000000e+00 2.926821e-04 -2.926828e-04 -7.349293e-10 
0.000000e+00 3.137535e-04 -3.137542e-04 -6.891015e-10 
0.000000e+00 3.359403e-04 -3.359409e-04 -5.942484e-10 
0.000000e+00 3.592822e-04 -3.592829e-04 -7.001961e-10 
0.000000e+00 3.838190e-04 -3.838197e-04 -7.411982e-10 
0.000000e+00 4.095897e-04 -4.095905e-04 -8.198226e-10 
0.000000e+00 4.366327e-04 -4.366336e-04 -9.182912e-10 
0.000000e+00 4.649856e-04 -4.649865e-04 -8.607279e-10 
0.000000e+00 4.946848e-04 -4.946857e-04 -9.220532e-10 
0.000000e+00 5.257658e-04 -5.257666e-04 -8.209002e-10 
0.000000e+00 5.582624e-04 -5.582634e-04 -1.019364e-09 
0.000000e+00 5.922082e-04 -5.922092e-04 -9.801889e-10 
0.000000e+00 6.276346e-04 -6.276355e-04 -8.557828e-10 
0.000000e+00 6.645720e-04 -6.645731e-04 -1.055618e-09 
0.000000e+00 7.030502e-04 -7.030511e-04 -8.993512e-10 
0.000000e+00 7.430969e-04 -7.430979e-04 -1.029248e-09 
0.000000e+00 7.847396e-04 -7.847406e-04 -9.936510e-10 
0.000000e+00 8.280046e-04 -8.280056e-04 -1.046606e-09 
0.000000e+00 8.729173e-04 -8.729186e-04 -1.289044e-09 
0.000000e+00 9.195032e-04 -9.195044e-04 -1.188431e-09 
0.000000e+00 9.677864e-04 -9.677878e-04 -1.380980e-09 
0.000000e+00 1.017792e-03 -1.017793e-03 -1.102674e-09 
0.000000e+00 1.069543e-03 -1.069544e-03 -5.466044e-10 
0.000000e+00 1.123065e-03 -1.123066e-03 -9.050470e-10 
0.000000e+00 1.178381e-03 -1.178383e-03 -1.607817e-09 
0.000000e+00 1.235518e-03 -1.235520e-03 -1.546978e-09 
0.000000e+00 1.294499e-03 -1.294502e-03 -2.701831e-09 
0.000000e+00 1.355352e-03 -1.355354e-03 -1.505802e-09 
0.000000e+00 1.418102e-03 -1.418104e-03 -1.915801e-09 
0.000000e+00 1.482776e-03 -1.482778e-03 -1.941514e-09 
0.000000e+00 1.549403e-03 -1.549404e-03 -1.244178e-09 
0.000000e+00 1.618008e-03 -1.618010e-03 -1.807488e-09 
0.000000e+00 1.688624e-03 -1.688624e-03 -3.676733e-10 
0.000000e+00 1.761276e-03 -1.761277e-03 -7.848392e-10 
0.000000e+00 1.835998e-03 -1.835998e-03 -3.891514e-10 
0.000000e+00 1.912815e-03 -1.912817e-03 -2.469509e-09 
0.000000e+00 1.991763e-03 -1.991764e-03 -6.266290e-10 
0.000000e+00 2.072868e-03 -2.072870e-03 -1.564486e-09 
0.000000e+00 2.156162e-03 -2.156163e-03 -7.975616e-10 
0.000000e+00 2.241674e-03 -2.241675e-03 -1.253601e-09 
0.000000e+00 2.329431e-03 -2.329433e-03 -2.295501e-09 
0.000000e+00 2.419466e-03 -2.419468e-03 -2.432465e-09 
0.000000e+00 2.511804e-03 -2.511806e-03 -1.625098e-09 
0.000000e+00 2.606474e-03 -2.606476e-03 -1.958039e-09 
0.000000e+00 2.703500e-03 -2.703501e-03 -1.350759e-09 
0.000000e+00 2.802905e-03 -2.802907e-03 -2.392257e-09 
0.000000e+00 2.904717e-03 -2.904718e-03 -1.216210e-09 
0.000000e+00 3.008952e-03 -3.008954e-03 -1.709105e-09 
0.000000e+00 3.115635e-03 -3.115637e-03 -1.596641e-09 
0.000000e+00 3.224784e-03 -3.224784e-03 -4.120590e-10 
0.000000e+00 3.336413e-03 -3.336414e-03 -1.428522e-09 
0.000000e+00 3.450539e-03 -3.450541e-03 -2.078027e-09 
0.000000e+00 3.567179e-03 -3.567180e-03 -1.036359e-09 
0.000000e+00 3.686338e-03 -3.686342e-03 -4.478775e-09 
0.000000e+00 3.808038e-03 -3.808039e-03 -1.291676e-09 
0.000000e+00 3.932276e-03 -3.932279e-03 -3.078601e-09 
0.000000e+00 4.059068e-03 -4.059070e-03 -1.711684e-09 
0.000000e+00 4.188420e-03 -4.188419e-03 6.318315e-10 
0.000000e+00 4.320328e-03 -4.320331e-03 -2.525554e-09 
0.000000e+00 4.454808e-03 -4.454809e-03 -1.364864e-09 
0.000000e+00 4.591853e-03 -4.591857e-03 -4.340850e-09 
0.000000e+00 4.731473e-03 -4.731476e-03 -3.445110e-09 
0.000000e+00 4.873664e-03 -4.873667e-03 -2.562926e-09 
0.000000e+00 5.018429e-03 -5.018431e-03 -1.979777e-09 
0.000000e+00 5.165764e-03 -5.165766e-03 -2.396046e-09 
0.000000e+00 5.315670e-03 -5.315671e-03 -9.241407e-10 
0.000000e+00 5.468142e-03 -5.468144e-03 -2.095573e-09 
0.000000e+00 5.623183e-03 -5.623183e-03 -3.029086e-10 
0.000000e+00 5.780783e-03 -5.780784e-03 -1.259625e-09 
0.000000e+00 5.940939e-03 -5.940945e-03 -5.686047e-09 
0.000000e+00 6.103658e-03 -6.103660e-03 -1.724275e-09 
0.000000e+00 6.268922e-03 -6.268926e-03 -4.145231e-09 
0.000000e+00 6.436732e-03 -6.436737e-03 -4.588244e-09 
0.000000e+00 6.607083e-03 -6.607087e-03 -3.641607e-09 
0.000000e+00 6.779966e-03 -6.779972e-03 -6.360851e-09 
0.000000e+00 6.955379e-03 -6.955383e-03 -4.391688e-09 
0.000000e+00 7.133309e-03 -7.133314e-03 -5.375126e-09 
0.000000e+00 7.313753e-03 -7.313756e-03 -3.433117e-09 
0.000000e+00 7.496697e-03 -7.496701e-03 -3.738722e-09 
0.000000e+00 7.682133e-03 -7.682139e-03 -5.993344e-09 
0.000000e+00 7.870057e-03 -7.870058e-03 -5.873222e-10 
0.000000e+00 8.060443e-03 -8.060448e-03 -5.131836e-09 
0.000000e+00 8.253292e-03 -8.253296e-03 -3.838908e-09 
0.000000e+00 8.448580e-03 -8.448588e-03 -7.639059e-09 
0.000000e+00 8.646305e-03 -8.646308e-03 -2.605982e-09 
0.000000e+00 8.846438e-03 -8.846440e-03 -1.989045e-09 
0.000000e+00 9.048964e-03 -9.048967e-03 -2.973549e-09 
0.000000e+00 9.253863e-03 -9.253869e-03 -5.741840e-09 
0.000000e+00 9.461120e-03 -9.461126e-03 -5.926249e-09 
0.000000e+00 9.670712e-03 -9.670716e-03 -4.453145e-09 
0.000000e+00 9.882611e-03 -9.882616e-03 -5.005984e-09 
0.000000e+00 1.009680e-02 -1.009680e-02 -4.447137e-09 
0.000000e+00 1.031324e-02 -1.031324e-02 -7.740036e-10 
0.000000e+00 1.053192e-02 -1.053192e-02 -2.190771e-09 
0.000000e+00 1.075279e-02 -1.075280e-02 -7.561554e-09 
0.000000e+00 1.097584e-02 -1.097584e-02 -6.142667e-10 
0.000000e+00 1.120102e-02 -1.120103e-02 -6.717171e-09 
0.000000e+00 1.142832e-02 -1.142833e-02 -1.157050e-08 
0.000000e+00 1.165769e-02 -1.165769e-02 2.350036e-10 
0.000000e+00 1.188909e-02 -1.188910e-02 -9.563266e-09 
0.000000e+00 1.212250e-02 -1.212250e-02 -3.034114e-09 
0.000000e+00 1.235787e-02 -1.235787e-02 -2.164458e-09 
0.000000e+00 1.259516e-02 -1.259516e-02 -4.428691e-10 
0.000000e+00 1.283433e-02 -1.283434e-02 -6.440685e-09 
0.000000e+00 1.307535e-02 -1.307536e-02 -7.771067e-09 
0.000000e+00 1.331817e-02 -1.331818e-02 -7.244145e-09 
0.000000e+00 1.356276e-02 -1.356276e-02 -4.873909e-09 
0.000000e+00 1.380905e-02 -1.380906e-02 -9.126243e-09 
0.000000e+00 1.405703e-02 -1.405703e-02 -3.202351e-09 
0.000000e+00 1.430662e-02 -1.430663e-02 -1.407156e-08 
0.000000e+00 1.455780e-02 -1.455781e-02 -1.066657e-08 
0.000000e+00 1.481052e-02 -1.481052e-02 -1.214058e-09 
0.000000e+00 1.506472e-02 -1.506473e-02 -7.627690e-09 
0.000000e+00 1.532037e-02 -1.532038e-02 -7.681836e-09 
0.000000e+00 1.557742e-02 -1.557743e-02 -1.406245e-08 
0.000000e+00 1.583582e-02 -1.583582e-02 -1.367847e-09 
0.000000e+00 1.609550e-02 -1.609551e-02 -6.955624e-09 
0.000000e+00 1.635643e-02 -1.635645e-02 -1.716757e-08 
0.000000e+00 1.661857e-02 -1.661858e-02 -5.404394e-09 
0.000000e+00 1.688186e-02 -1.688186e-02 -2.698552e-09 
0.000000e+00 1.714623e-02 -1.714624e-02 -6.171984e-09 
0.000000e+00 1.741166e-02 -1.741166e-02 -3.310213e-09 
0.000000e+00 1.767806e-02 -1.767807e-02 -7.871492e-09 
0.000000e+00 1.794541e-02 -1.794541e-02 -4.980586e-09 
0.000000e+00 1.821363e-02 -1.821364e-02 -5.899966e-09 
0.000000e+00 1.848269e-02 -1.848269e-02 -1.926190e-09 
0.000000e+00 1.875251e-02 -1.875252e-02 -1.331780e-08 
0.000000e+00 1.902305e-02 -1.902306e-02 -1.052332e-08 
0.000000e+00 1.929424e-02 -1.929425e-02 -6.997230e-09 
0.000000e+00 1.956604e-02 -1.956605e-02 -8.465308e-09 
0.000000e+00 1.983838e-02 -1.983839e-02 -1.447269e-08 
0.000000e+00 2.011121e-02 -2.011121e-02 -4.875631e-09 
0.000000e+00 2.038444e-02 -2.038445e-02 -1.287260e-08 
0.000000e+00 2.065804e-02 -2.065805e-02 -8.867449e-09 
0.000000e+00 2.093195e-02 -2.093195e-02 3.047913e-09 
0.000000e+00 2.120609e-02 -2.120610e-02 -1.176804e-08 
0.000000e+00 2.148041e-02 -2.148042e-02 -1.052990e-08 
0.000000e+00 2.175484e-02 -2.175486e-02 -1.868132e-08 
0.000000e+00 2.202933e-02 -2.202934e-02 -9.483753e-09 
0.000000e+00 2.230380e-02 -2.230381e-02 -1.186498e-08 
0.000000e+00 2.257820e-02 -2.257821e-02 -6.483102e-09 
0.000000e+00 2.285246e-02 -2.285247e-02 -1.213488e-08 
0.000000e+00 2.312651e-02 -2.312652e-02 -1.377545e-08 
0.000000e+00 2.340029e-02 -2.340030e-02 -7.257630e-09 
0.000000e+00 2.367373e-02 -2.367374e-02 -5.458549e-09 
0.000000e+00 2.394677e-02 -2.394679e-02 -1.768079e-08 
0.000000e+00 2.421936e-02 -2.421937e-02 -1.278362e-08 
0.000000e+00 2.449140e-02 -2.449141e-02 -1.002514e-08 
0.000000e+00 2.476284e-02 -2.476286e-02 -1.644495e-08 
0.000000e+00 2.503363e-02 -2.503365e-02 -1.540828e-08 
0.000000e+00 2.530369e-02 -2.530370e-02 -9.869833e-09 
0.000000e+00 2.557295e-02 -2.557296e-02 -9.935273e-09 
0.000000e+00 2.584134e-02 -2.584136e-02 -1.759635e-08 
0.000000e+00 2.610882e-02 -2.610883e-02 -1.369625e-08 
0.000000e+00 2.637530e-02 -2.637532e-02 -1.736701e-08 
0.000000e+00 2.664072e-02 -2.664074e-02 -1.683169e-08 
0.000000e+00 2.690502e-02 -2.690504e-02 -2.312632e-08 
0.000000e+00 2.716813e-02 -2.716815e-02 -1.516011e-08 
0.000000e+00 2.743000e-02 -2.743001e-02 -1.367774e-08 
0.000000e+00 2.769053e-02 -2.769055e-02 -1.625327e-08 
0.000000e+00 2.794969e-02 -2.794970e-02 -6.835772e-09 
0.000000e+00 2.820739e-02 -2.820741e-02 -1.712644e-08 
0.000000e+00 2.846360e-02 -2.846361e-02 -1.287104e-08 
0.000000e+00 2.871821e-02 -2.871823e-02 -1.858925e-08 
0.000000e+00 2.897119e-02 -2.897121e-02 -1.816504e-08 
0.000000e+00 2.922247e-02 -2.922249e-02 -1.717889e-08 
0.000000e+00 2.947198e-02 -2.947200e-02 -1.993104e-08 
0.000000e+00 2.971966e-02 -2.971968e-02 -1.652266e-08 
0.000000e+00 2.996545e-02 -2.996547e-02 -2.296089e-08 
0.000000e+00 3.020929e-02 -3.020930e-02 -1.325212e-08 
0.000000e+00 3.045110e-02 -3.045111e-02 -6.161664e-09 
0.000000e+00 3.069083e-02 -3.069085e-02 -2.009815e-08 
0.000000e+00 3.092843e-02 -3.092845e-02 -1.509629e-08 
0.000000e+00 3.116384e-02 -3.116385e-02 -9.926463e-09 
0.000000e+00 3.139696e-02 -3.139698e-02 -1.684189e-08 
0.000000e+00 3.162777e-02 -3.162780e-02 -2.587859e-08 
0.000000e+00 3.185622e-02 -3.185623e-02 -1.143945e-08 
0.000000e+00 3.208221e-02 -3.208223e-02 -2.350463e-08 
0.000000e+00 3.230571e-02 -3.230573e-02 -2.073366e-08 
0.000000e+00 3.252663e-02 -3.252666e-02 -2.563812e-08 
0.000000e+00 3.274496e-02 -3.274499e-02 -2.825749e-08 
0.000000e+00 3.296063e-02 -3.296065e-02 -1.860629e-08 
0.000000e+00 3.317355e-02 -3.317357e-02 -2.271169e-08 
0.000000e+00 3.338370e-02 -3.338372e-02 -2.489708e-08 
0.000000e+00 3.359101e-02 -3.359103e-02 -1.863647e-08 
0.000000e+00 3.379543e-02 -3.379545e-02 -1.847427e-08 
0.000000e+00 3.399690e-02 -3.399692e-02 -1.823467e-08 
0.000000e+00 3.419538e-02 -3.419540e-02 -2.400925e-08 
0.000000e+00 3.439079e-02 -3.439082e-02 -2.690501e-08 
0.000000e+00 3.458312e-02 -3.458315e-02 -2.537686e-08 
0.000000e+00 3.477230e-02 -3.477233e-02 -3.126448e-08 
0.000000e+00 3.495828e-02 -3.495830e-02 -2.079708e-08 
0.000000e+00 3.514101e-02 -3.514103e-02 -2.172968e-08 
0.000000e+00 3.532044e-02 -3.532046e-02 -2.079433e-08 
0.000000e+00 3.549653e-02 -3.549655e-02 -2.370919e-08 
0.000000e+00 3.566922e-02 -3.566925e-02 -2.862994e-08 
0.000000e+00 3.583849e-02 -3.583851e-02 -2.118560e-08 
0.000000e+00 3.600427e-02 -3.600430e-02 -3.351725e-08 
0.000000e+00 3.616654e-02 -3.616656e-02 -2.259083e-08 
0.000000e+00 3.632525e-02 -3.632526e-02 -1.493560e-08 
0.000000e+00 3.648033e-02 -3.648036e-02 -2.938296e-08 
0.000000e+00 3.663179e-02 -3.663181e-02 -2.434962e-08 
0.000000e+00 3.677955e-02 -3.677957e-02 -1.850337e-08 
0.000000e+00 3.692360e-02 -3.692362e-02 -2.432571e-08 
0.000000e+00 3.706387e-02 -3.706390e-02 -3.394598e-08 
0.000000e+00 3.720036e-02 -3.720039e-02 -3.383282e-08 
0.000000e+00 3.733303e-02 -3.733305e-02 -2.346718e-08 
0.000000e+00 3.746181e-02 -3.746183e-02 -1.958942e-08 
0.000000e+00 3.758670e-02 -3.758673e-02 -3.096943e-08 
0.000000e+00 3.770766e-02 -3.770769e-02 -2.972733e-08 
0.000000e+00 3.782466e-02 -3.782469e-02 -2.719540e-08 
0.000000e+00 3.793766e-02 -3.793770e-02 -3.736965e-08 
0.000000e+00 3.804666e-02 -3.804669e-02 -3.246229e-08 
0.000000e+00 3.815160e-02 -3.815163e-02 -3.091689e-08 
0.000000e+00 3.825247e-02 -3.825250e-02 -2.522037e-08 
0.000000e+00 3.834924e-02 -3.834926e-02 -1.751042e-08 
0.000000e+00 3.844187e-02 -3.844191e-02 -4.079890e-08 
0.000000e+00 3.853037e-02 -3.853040e-02 -3.466438e-08 
0.000000e+00 3.861469e-02 -3.861473e-02 -4.221581e-08 
0.000000e+00 3.869484e-02 -3.869486e-02 -2.477248e-08 
0.000000e+00 3.877076e-02 -3.877079e-02 -3.319036e-08 
0.000000e+00 3.884245e-02 -3.884249e-02 -3.673157e-08 
0.000000e+00 3.890991e-02 -3.890994e-02 -3.405740e-08 
0.000000e+00 3.897309e-02 -3.897313e-02 -3.623161e-08 
0.000000e+00 3.903201e-02 -3.903204e-02 -2.876151e-08 
0.000000e+00 3.908662e-02 -3.908666e-02 -3.723833e-08 
0.000000e+00 3.913694e-02 -3.913697e-02 -3.238730e-08 
0.000000e+00 3.918294e-02 -3.918297e-02 -2.914419e-08 
0.000000e+00 3.922462e-02 -3.922465e-02 -2.618472e-08 
0.000000e+00 3.926196e-02 -3.926199e-02 -2.997343e-08 
0.000000e+00 3.929495e-02 -3.929498e-02 -2.925715e-08 
0.000000e+00 3.932361e-02 -3.932363e-02 -2.101320e-08 
0.000000e+00 3.934789e-02 -3.934792e-02 -2.534565e-08 
0.000000e+00 3.936783e-02 -3.936786e-02 -2.671344e-08 
0.000000e+00 3.938340e-02 -3.938343e-02 -3.325525e-08 
0.000000e+00 3.939460e-02 -3.939464e-02 -4.112759e-08 
0.000000e+00 3.940145e-02 -3.940149e-02 -4.083796e-08 
0.000000e+00 3.940393e-02 -3.940397e-02 -3.815544e-08 
0.000000e+00 3.940206e-02 -3.940209e-02 -2.744020e-08 
0.000000e+00 3.939582e-02 -3.939585e-02 -2.820951e-08 
0.000000e+00 3.938523e-02 -3.938526e-02 -3.195188e-08 
0.000000e+00 3.937030e-02 -3.937032e-02 -2.476502e-08 
0.000000e+00 3.935100e-02 -3.935104e-02 -4.010629e-08 
0.000000e+00 3.932739e-02 -3.932742e-02 -2.936230e-08 
0.000000e+00 3.929945e-02 -3.929948e-02 -2.907657e-08 
0.000000e+00 3.926718e-02 -3.926722e-02 -3.883150e-08 
0.000000e+00 3.923064e-02 -3.923066e-02 -2.462988e-08 
0.000000e+00 3.918979e-02 -3.918983e-02 -4.033991e-08 
0.000000e+00 3.914467e-02 -3.914470e-02 -3.290859e-08 
0.000000e+00 3.909524e-02 -3.909528e-02 -3.678830e-08 
0.000000e+00 3.904163e-02 -3.904166e-02 -2.971845e-08 
0.000000e+00 3.898383e-02 -3.898386e-02 -3.160349e-08 
0.000000e+00 3.892174e-02 -3.892178e-02 -3.723470e-08 
0.000000e+00 3.885544e-02 -3.885547e-02 -3.173612e-08 
0.000000e+00 3.878503e-02 -3.878506e-02 -2.986323e-08 
0.000000e+00 3.871052e-02 -3.871056e-02 -4.466444e-08 
0.000000e+00 3.863180e-02 -3.863183e-02 -2.938106e-08 
0.000000e+00 3.854894e-02 -3.854897e-02 -3.004177e-08 
0.000000e+00 3.846209e-02 -3.846213e-02 -4.337279e-08 
0.000000e+00 3.837122e-02 -3.837128e-02 -5.623122e-08 
0.000000e+00 3.827625e-02 -3.827629e-02 -4.220888e-08 
0.000000e+00 3.817727e-02 -3.817733e-02 -5.705721e-08 
0.000000e+00 3.807441e-02 -3.807445e-02 -4.111680e-08 
0.000000e+00 3.796756e-02 -3.796761e-02 -5.415045e-08 
0.000000e+00 3.785679e-02 -3.785685e-02 -6.177558e-08 
0.000000e+00 3.774220e-02 -3.774226e-02 -5.599104e-08 
0.000000e+00 3.762375e-02 -3.762381e-02 -5.737303e-08 
0.000000e+00 3.750148e-02 -3.750155e-02 -6.944578e-08 
0.000000e+00 3.737550e-02 -3.737556e-02 -5.654929e-08 
0.000000e+00 3.724574e-02 -3.724580e-02 -6.427852e-08 
0.000000e+00 3.711229e-02 -3.711235e-02 -6.158611e-08 
0.000000e+00 3.697521e-02 -3.697527e-02 -6.156788e-08 
0.000000e+00 3.683449e-02 -3.683454e-02 -4.967457e-08 
0.000000e+00 3.669019e-02 -3.669025e-02 -6.020468e-08 
0.000000e+00 3.654236e-02 -3.654244e-02 -7.535780e-08 
0.000000e+00 3.639104e-02 -3.639110e-02 -5.887070e-08 
0.000000e+00 3.623628e-02 -3.623634e-02 -6.230869e-08 
0.000000e+00 3.607808e-02 -3.607816e-02 -7.811948e-08 
0.000000e+00 3.591654e-02 -3.591660e-02 -5.757819e-08 
0.000000e+00 3.575169e-02 -3.575176e-02 -6.784365e-08 
0.000000e+00 3.558355e-02 -3.558361e-02 -6.440171e-08 
0.000000e+00 3.541219e-02 -3.541225e-02 -6.369200e-08 
0.000000e+00 3.523764e-02 -3.523772e-02 -8.179462e-08 
0.000000e+00 3.505995e-02 -3.506003e-02 -8.141824e-08 
0.000000e+00 3.487921e-02 -3.487929e-02 -7.958267e-08 
0.000000e+00 3.469541e-02 -3.469549e-02 -7.713088e-08 
0.000000e+00 3.450864e-02 -3.450872e-02 -8.353511e-08 
0.000000e+00 3.431895e-02 -3.431903e-02 -7.750604e-08 
0.000000e+00 3.412634e-02 -3.412642e-02 -8.260747e-08 
0.000000e+00 3.393093e-02 -3.393102e-02 -8.886853e-08 
0.000000e+00 3.373273e-02 -3.373283e-02 -9.606341e-08 
0.000000e+00 3.353181e-02 -3.353190e-02 -8.560675e-08 
0.000000e+00 3.332824e-02 -3.332833e-02 -8.927137e-08 
0.000000e+00 3.312201e-02 -3.312211e-02 -9.656441e-08 
0.000000e+00 3.291325e-02 -3.291335e-02 -9.975539e-08 
0.000000e+00 3.270199e-02 -3.270209e-02 -1.041869e-07 
0.000000e+00 3.248825e-02 -3.248834e-02 -9.423050e-08 
0.000000e+00 3.227213e-02 -3.227225e-02 -1.150049e-07 
0.000000e+00 3.205368e-02 -3.205377e-02 -9.471547e-08 
0.000000e+00 3.183292e-02 -3.183303e-02 -1.116300e-07 
0.000000e+00 3.160998e-02 -3.161009e-02 -1.108254e-07 
0.000000e+00 3.138483e-02 -3.138493e-02 -1.030996e-07 
0.000000e+00 3.115759e-02 -3.115771e-02 -1.216231e-07 
0.000000e+00 3.092829e-02 -3.092841e-02 -1.209571e-07 
0.000000e+00 3.069700e-02 -3.069711e-02 -1.116802e-07 
0.000000e+00 3.046380e-02 -3.046393e-02 -1.343803e-07 
0.000000e+00 3.022869e-02 -3.022880e-02 -1.128198e-07 
0.000000e+00 2.999179e-02 -2.999191e-02 -1.240142e-07 
0.000000e+00 2.975312e-02 -2.975325e-02 -1.322631e-07 
0.000000e+00 2.951274e-02 -2.951287e-02 -1.307461e-07 
0.000000e+00 2.927076e-02 -2.927090e-02 -1.408936e-07 
0.000000e+00 2.902716e-02 -2.902731e-02 -1.478763e-07 
0.000000e+00 2.878208e-02 -2.878222e-02 -1.352311e-07 
0.000000e+00 2.853556e-02 -2.853570e-02 -1.397494e-07 
0.000000e+00 2.828757e-02 -2.828772e-02 -1.470399e-07 
0.000000e+00 2.803833e-02 -2.803847e-02 -1.395984e-07 
0.000000e+00 2.778776e-02 -2.778791e-02 -1.514593e-07 
0.000000e+00 2.753598e-02 -2.753613e-02 -1.537980e-07 
0.000000e+00 2.728308e-02 -2.728325e-02 -1.657202e-07 
0.000000e+00 2.702903e-02 -2.702920e-02 -1.710760e-07 
0.000000e+00 2.677399e-02 -2.677416e-02 -1.739563e-07 
0.000000e+00 2.651798e-02 -2.651817e-02 -1.885858e-07 
0.000000e+00 2.626100e-02 -2.626119e-02 -1.880918e-07 
0.000000e+00 2.600324e-02 -2.600344e-02 -1.969217e-07 
0.000000e+00 2.574466e-02 -2.574485e-02 -1.887476e-07 
0.000000e+00 2.548531e-02 -2.548551e-02 -1.959795e-07 
0.000000e+00 2.522537e-02 -2.522558e-02 -2.134591e-07 
0.000000e+00 2.496473e-02 -2.496494e-02 -2.084811e-07 
0.000000e+00 2.470357e-02 -2.470378e-02 -2.100085e-07 
0.000000e+00 2.444197e-02 -2.444218e-02 -2.131953e-07 
0.000000e+00 2.417981e-02 -2.418003e-02 -2.241708e-07 
0.000000e+00 2.391736e-02 -2.391759e-02 -2.349829e-07 
0.000000e+00 2.365460e-02 -2.365485e-02 -2.524411e-07 
0.000000e+00 2.339148e-02 -2.339172e-02 -2.394909e-07 
0.000000e+00 2.312825e-02 -2.312851e-02 -2.602948e-07 
0.000000e+00 2.286490e-02 -2.286517e-02 -2.730624e-07 
0.000000e+00 2.260131e-02 -2.260157e-02 -2.627568e-07 
0.000000e+00 2.233781e-02 -2.233811e-02 -3.031265e-07 
0.000000e+00 2.207439e-02 -2.207471e-02 -3.167612e-07 
0.000000e+00 2.181082e-02 -2.181112e-02 -2.998246e-07 
0.000000e+00 2.154753e-02 -2.154786e-02 -3.270675e-07 
0.000000e+00 2.128458e-02 -2.128498e-02 -3.958153e-07 
0.000000e+00 2.102162e-02 -2.102202e-02 -3.966839e-07 
0.000000e+00 2.075899e-02 -2.075939e-02 -3.990935e-07 
0.000000e+00 2.049690e-02 -2.049734e-02 -4.398836e-07 
0.000000e+00 2.023505e-02 -2.023550e-02 -4.548228e-07 
0.000000e+00 1.997358e-02 -1.997404e-02 -4.593839e-07 
0.000000e+00 1.971283e-02 -1.971333e-02 -4.991949e-07 
0.000000e+00 1.945258e-02 -1.945309e-02 -5.138404e-07 
0.000000e+00 1.919277e-02 -1.919328e-02 -5.114644e-07 
0.000000e+00 1.893381e-02 -1.893435e-02 -5.374598e-07 
0.000000e+00 1.867557e-02 -1.867615e-02 -5.762374e-07 
0.000000e+00 1.841789e-02 -1.841847e-02 -5.752333e-07 
0.000000e+00 1.816118e-02 -1.816177e-02 -5.902485e-07 
0.000000e+00 1.790539e-02 -1.790602e-02 -6.320156e-07 
0.000000e+00 1.765028e-02 -1.765092e-02 -6.358614e-07 
0.000000e+00 1.739625e-02 -1.739689e-02 -6.448665e-07 
0.000000e+00 1.714331e-02 -1.714400e-02 -6.887145e-07 
0.000000e+00 1.689122e-02 -1.689190e-02 -6.828950e-07 
0.000000e+00 1.664027e-02 -1.664097e-02 -7.020082e-07 
0.000000e+00 1.639059e-02 -1.639133e-02 -7.435491e-07 
0.000000e+00 1.614191e-02 -1.614264e-02 -7.335769e-07 
0.000000e+00 1.589445e-02 -1.589520e-02 -7.456774e-07 
0.000000e+00 1.564840e-02 -1.564920e-02 -7.976732e-07 
0.000000e+00 1.540351e-02 -1.540430e-02 -7.858778e-07 
0.000000e+00 1.515994e-02 -1.516074e-02 -7.951774e-07 
0.000000e+00 1.491790e-02 -1.491873e-02 -8.274276e-07 
0.000000e+00 1.467715e-02 -1.467798e-02 -8.301907e-07 
0.000000e+00 1.443782e-02 -1.443866e-02 -8.412638e-07 
0.000000e+00 1.420013e-02 -1.420101e-02 -8.839650e-07 
0.000000e+00 1.396385e-02 -1.396474e-02 -8.854485e-07 
0.000000e+00 1.372911e-02 -1.373000e-02 -8.936632e-07 
0.000000e+00 1.349609e-02 -1.349702e-02 -9.298592e-07 
0.000000e+00 1.326461e-02 -1.326554e-02 -9.271465e-07 
0.000000e+00 1.303477e-02 -1.303570e-02 -9.338573e-07 
0.000000e+00 1.280674e-02 -1.280771e-02 -9.680484e-07 
0.000000e+00 1.258035e-02 -1.258132e-02 -9.699464e-07 
0.000000e+00 1.235569e-02 -1.235666e-02 -9.735813e-07 
0.000000e+00 1.213293e-02 -1.213394e-02 -1.005232e-06 
0.000000e+00 1.191191e-02 -1.191292e-02 -1.013480e-06 
0.000000e+00 1.169271e-02 -1.169372e-02 -1.008943e-06 
0.000000e+00 1.147549e-02 -1.147654e-02 -1.052083e-06 
0.000000e+00 1.126008e-02 -1.126113e-02 -1.051202e-06 
0.000000e+00 1.104659e-02 -1.104764e-02 -1.054603e-06 
0.000000e+00 1.083513e-02 -1.083622e-02 -1.085720e-06 
0.000000e+00 1.062556e-02 -1.062665e-02 -1.085545e-06 
0.000000e+00 1.041800e-02 -1.041910e-02 -1.096164e-06 
0.000000e+00 1.021255e-02 -1.021368e-02 -1.131242e-06 
0.000000e+00 1.000904e-02 -1.001016e-02 -1.124252e-06 
0.000000e+00 9.807607e-03 -9.808739e-03 -1.132491e-06 
0.000000e+00 9.608334e-03 -9.609493e-03 -1.158876e-06 
0.000000e+00 9.411054e-03 -9.412209e-03 -1.155455e-06 
0.000000e+00 9.215941e-03 -9.217108e-03 -1.166604e-06 
0.000000e+00 9.023015e-03 -9.024205e-03 -1.189667e-06 
0.000000e+00 8.832138e-03 -8.833321e-03 -1.182619e-06 
0.000000e+00 8.643493e-03 -8.644693e-03 -1.200059e-06 
0.000000e+00 8.457057e-03 -8.458278e-03 -1.220613e-06 
0.000000e+00 8.272724e-03 -8.273939e-03 -1.214967e-06 
0.000000e+00 8.090677e-03 -8.091912e-03 -1.235195e-06 
0.000000e+00 7.910855e-03 -7.912108e-03 -1.252888e-06 
0.000000e+00 7.733181e-03 -7.734435e-03 -1.253899e-06 
0.000000e+00 7.557841e-03 -7.559113e-03 -1.272177e-06 
0.000000e+00 7.384732e-03 -7.386017e-03 -1.284581e-06 
0.000000e+00 7.213826e-03 -7.215110e-03 -1.284480e-06 
0.000000e+00 7.045270e-03 -7.046574e-03 -1.304483e-06 
0.000000e+00 6.878943e-03 -6.880258e-03 -1.315209e-06 
0.000000e+00 6.714874e-03 -6.716188e-03 -1.313760e-06 
0.000000e+00 6.553168e-03 -6.554507e-03 -1.339128e-06 
0.000000e+00 6.393694e-03 -6.395038e-03 -1.343606e-06 
0.000000e+00 6.236511e-03 -6.237859e-03 -1.347641e-06 
0.000000e+00 6.081682e-03 -6.083051e-03 -1.369097e-06 
0.000000e+00 5.929085e-03 -5.930450e-03 -1.365178e-06 
0.000000e+00 5.778817e-03 -5.780192e-03 -1.375066e-06 
0.000000e+00 5.630903e-03 -5.632301e-03 -1.398115e-06 
0.000000e+00 5.485215e-03 -5.486611e-03 -1.396268e-06 
0.000000e+00 5.341859e-03 -5.343268e-03 -1.409270e-06 
0.000000e+00 5.200819e-03 -5.202233e-03 -1.413571e-06 
0.000000e+00 5.062010e-03 -5.063421e-03 -1.410559e-06 
0.000000e+00 4.925574e-03 -4.927011e-03 -1.436792e-06 
0.000000e+00 4.791434e-03 -4.792891e-03 -1.457059e-06 
0.000000e+00 4.659516e-03 -4.660976e-03 -1.460103e-06 
0.000000e+00 4.529920e-03 -4.531384e-03 -1.464257e-06 
0.000000e+00 4.402568e-03 -4.404037e-03 -1.469235e-06 
0.000000e+00 4.277499e-03 -4.278970e-03 -1.471175e-06 
0.000000e+00 4.154692e-03 -4.156168e-03 -1.476063e-06 
0.000000e+00 4.034125e-03 -4.035601e-03 -1.475765e-06 
0.000000e+00 3.915822e-03 -3.917304e-03 -1.481704e-06 
0.000000e+00 3.799732e-03 -3.801211e-03 -1.478615e-06 
0.000000e+00 3.685877e-03 -3.687364e-03 -1.487203e-06 
0.000000e+00 3.574230e-03 -3.575715e-03 -1.485493e-06 
0.000000e+00 3.464777e-03 -3.466268e-03 -1.490947e-06 
0.000000e+00 3.357526e-03 -3.359021e-03 -1.495188e-06 
0.000000e+00 3.252434e-03 -3.253929e-03 -1.494600e-06 
0.000000e+00 3.149522e-03 -3.151023e-03 -1.501292e-06 
0.000000e+00 3.048744e-03 -3.050242e-03 -1.498375e-06 
0.000000e+00 2.950107e-03 -2.951611e-03 -1.504102e-06 
0.000000e+00 2.853588e-03 -2.855093e-03 -1.504699e-06 
0.000000e+00 2.759168e-03 -2.760675e-03 -1.506606e-06 
0.000000e+00 2.666845e-03 -2.668355e-03 -1.510260e-06 
0.000000e+00 2.576577e-03 -2.578087e-03 -1.510151e-06 
0.000000e+00 2.488377e-03 -2.489893e-03 -1.516114e-06 
0.000000e+00 2.402200e-03 -2.403715e-03 -1.515132e-06 
0.000000e+00 2.318047e-03 -2.319567e-03 -1.519813e-06 
0.000000e+00 2.235892e-03 -2.237412e-03 -1.520382e-06 
0.000000e+00 2.155711e-03 -2.157233e-03 -1.521857e-06 
0.000000e+00 2.077498e-03 -2.079023e-03 -1.524769e-06 
0.000000e+00 2.001211e-03 -2.002737e-03 -1.525949e-06 
0.000000e+00 1.926857e-03 -1.928386e-03 -1.528696e-06 
0.000000e+00 1.854388e-03 -1.855917e-03 -1.529176e-06 
0.000000e+00 1.783802e-03 -1.785335e-03 -1.532737e-06 
0.000000e+00 1.715064e-03 -1.716597e-03 -1.532715e-06 
0.000000e+00 1.648151e-03 -1.649683e-03 -1.532414e-06 
0.000000e+00 1.583080e-03 -1.584632e-03 -1.551769e-06 
0.000000e+00 1.519776e-03 -1.521332e-03 -1.555543e-06 
0.000000e+00 1.458228e-03 -1.459786e-03 -1.557646e-06 
0.000000e+00 1.398427e-03 -1.399988e-03 -1.561299e-06 
0.000000e+00 1.340324e-03 -1.341882e-03 -1.557731e-06 
0.000000e+00 1.283937e-03 -1.285509e-03 -1.571615e-06 
0.000000e+00 1.229218e-03 -1.230799e-03 -1.580560e-06 
0.000000e+00 1.176124e-03 -1.177705e-03 -1.581012e-06 
0.000000e+00 1.124658e-03 -1.126244e-03 -1.585939e-06 
0.000000e+00 1.074770e-03 -1.076355e-03 -1.584572e-06 
0.000000e+00 1.026460e-03 -1.028050e-03 -1.589708e-06 
0.000000e+00 9.797029e-04 -9.813050e-04 -1.602138e-06 
0.000000e+00 9.344406e-04 -9.360417e-04 -1.601081e-06 
0.000000e+00 8.906773e-04 -8.922821e-04 -1.604830e-06 
0.000000e+00 8.483712e-04 -8.499773e-04 -1.606144e-06 
0.000000e+00 8.074973e-04 -8.091046e-04 -1.607297e-06 
0.000000e+00 7.680501e-04 -7.696675e-04 -1.617439e-06 
0.000000e+00 7.299717e-04 -7.315899e-04 -1.618244e-06 
0.000000e+00 6.932509e-04 -6.948720e-04 -1.621117e-06 
0.000000e+00 6.578656e-04 -6.594913e-04 -1.625681e-06 
0.000000e+00 6.237703e-04 -6.253944e-04 -1.624064e-06 
0.000000e+00 5.909625e-04 -5.925938e-04 -1.631323e-06 
0.000000e+00 5.594018e-04 -5.610379e-04 -1.636144e-06 
0.000000e+00 5.290539e-04 -5.306898e-04 -1.635950e-06 
0.000000e+00 4.999092e-04 -5.015509e-04 -1.641709e-06 
0.000000e+00 4.719230e-04 -4.735644e-04 -1.641447e-06 
0.000000e+00 4.450781e-04 -4.467218e-04 -1.643706e-06 
0.000000e+00 4.193546e-04 -4.210071e-04 -1.652524e-06 
0.000000e+00 3.947051e-04 -3.963571e-04 -1.651971e-06 
0.000000e+00 3.711184e-04 -3.727735e-04 -1.655073e-06 
0.000000e+00 3.485645e-04 -3.502231e-04 -1.658566e-06 
0.000000e+00 3.270076e-04 -3.286649e-04 -1.657289e-06 
0.000000e+00 3.064376e-04 -3.081018e-04 -1.664190e-06 
0.000000e+00 2.868161e-04 -2.884842e-04 -1.668068e-06 
0.000000e+00 2.681139e-04 -2.697821e-04 -1.668248e-06 
0.000000e+00 2.503153e-04 -2.519880e-04 -1.672701e-06 
0.000000e+00 2.333823e-04 -2.350546e-04 -1.672289e-06 
0.000000e+00 2.172962e-04 -2.189704e-04 -1.674168e-06 
0.000000e+00 2.020358e-04 -2.037180e-04 -1.682201e-06 
0.000000e+00 1.875615e-04 -1.892437e-04 -1.682213e-06 
0.000000e+00 1.738570e-04 -1.755411e-04 -1.684102e-06 
0.000000e+00 1.608969e-04 -1.625840e-04 -1.687097e-06 
0.000000e+00 1.486488e-04 -1.503345e-04 -1.685724e-06 
0.000000e+00 1.370989e-04 -1.387897e-04 -1.690762e-06 
0.000000e+00 1.262177e-04 -1.279137e-04 -1.696028e-06 
0.000000e+00 1.159748e-04 -1.176705e-04 -1.695674e-06 
0.000000e+00 1.063548e-04 -1.080533e-04 -1.698536e-06 
0.000000e+00 9.732858e-05 -9.902783e-05 -1.699253e-06 
0.000000e+00 8.887304e-05 -9.057213e-05 -1.699091e-06 
0.000000e+00 8.097146e-05 -8.267708e-05 -1.705625e-06 
0.000000e+00 7.359357e-05 -7.530168e-05 -1.708108e-06 
0.000000e+00 6.671753e-05 -6.842581e-05 -1.708279e-06 
0.000000e+00 6.032525e-05 -6.203640e-05 -1.711150e-06 
0.000000e+00 5.439012e-05 -5.610056e-05 -1.710438e-06 
0.000000e+00 4.889400e-05 -5.060560e-05 -1.711599e-06 
0.000000e+00 4.381851e-05 -4.553659e-05 -1.718076e-06 
0.000000e+00 3.913678e-05 -4.085596e-05 -1.719184e-06 
0.000000e+00 3.483124e-05 -3.655095e-05 -1.719706e-06 
0.000000e+00 3.088375e-05 -3.260577e-05 -1.722017e-06 
0.000000e+00 2.727158e-05 -2.899254e-05 -1.720963e-06 
0.000000e+00 2.397892e-05 -2.570144e-05 -1.722521e-06 
0.000000e+00 2.098845e-05 -2.271687e-05 -1.728416e-06 
0.000000e+00 1.827784e-05 -2.000710e-05 -1.729262e-06 
0.000000e+00 1.583158e-05 -1.756128e-05 -1.729702e-06 
0.000000e+00 1.363369e-05 -1.536524e-05 -1.731554e-06 
0.000000e+00 1.166544e-05 -1.339612e-05 -1.730679e-06 
0.000000e+00 9.912610e-06 -1.164421e-05 -1.731600e-06 
0.000000e+00 8.360638e-06 -1.009733e-05 -1.736692e-06 
0.000000e+00 6.991864e-06 -8.730167e-06 -1.738303e-06 
0.000000e+00 5.792435e-06 -7.530773e-06 -1.738338e-06 
0.000000e+00 4.749433e-06 -6.489176e-06 -1.739743e-06 
0.000000e+00 3.848381e-06 -5.587998e-06 -1.739617e-06 
0.000000e+00 3.076686e-06 -4.815951e-06 -1.739265e-06 
0.000000e+00 2.423101e-06 -4.165760e-06 -1.742659e-06 
0.000000e+00 1.874897e-06 -3.621040e-06 -1.746143e-06 
0.000000e+00 1.420138e-06 -3.166062e-06 -1.745924e-06 
0.000000e+00 1.049163e-06 -2.795652e-06 -1.746489e-06 
0.000000e+00 7.517823e-07 -2.499206e-06 -1.747424e-06 
0.000000e+00 5.180974e-07 -2.264719e-06 -1.746622e-06 
0.000000e+00 3.397180e-07 -2.086835e-06 -1.747117e-06 
0.000000e+00 2.084340e-07 -1.958752e-06 -1.750318e-06 
0.000000e+00 1.160837e-07 -1.868654e-06 -1.752570e-06 
0.000000e+00 5.551883e-08 -1.807930e-06 -1.752411e-06 
0.000000e+00 2.050997e-08 -1.773263e-06 -1.752753e-06 
0.000000e+00 5.113836e-09 -1.758562e-06 -1.753448e-06 
0.000000e+00 3.990557e-09 -1.757308e-06 -1.753317e-06 
0.000000e+00 1.252069e-08 -1.765788e-06 -1.753267e-06 
0.000000e+00 2.663461e-08 -1.780687e-06 -1.754052e-06 
0.000000e+00 4.286858e-08 -1.797965e-06 -1.755096e-06 
0.000000e+00 5.843786e-08 -1.813630e-06 -1.755192e-06 
0.000000e+00 7.114902e-08 -1.826344e-06 -1.755195e-06 
0.000000e+00 7.942626e-08 -1.834679e-06 -1.755253e-06 
0.000000e+00 8.232931e-08 -1.837633e-06 -1.755304e-06 
