0.000000e+00 0.000000e+00 0.000000e+00 0.000000e+00 0.000000e+00 0.000000e+00 
1.482244e-13 1.172117e-13 0.000000e+00 0.000000e+00 0.000000e+00 -5.867805e-13 
-9.148998e-13 -4.242498e-13 0.000000e+00 0.000000e+00 0.000000e+00 2.813086e-13 
-3.550756e-12 -6.294433e-12 0.000000e+00 0.000000e+00 0.000000e+00 -1.617508e-12 
-3.873990e-11 -7.038586e-12 0.000000e+00 0.000000e+00 0.000000e+00 -4.413691e-11 
-5.978728e-11 9.076335e-12 0.000000e+00 0.000000e+00 0.000000e+00 7.432149e-12 
9.947207e-11 3.868476e-12 0.000000e+00 0.000000e+00 0.000000e+00 1.326189e-11 
1.580330e-10 3.580287e-11 0.000000e+00 0.000000e+00 0.000000e+00 -1.865303e-10 
-8.909354e-11 1.196032e-10 0.000000e+00 0.000000e+00 0.000000e+00 1.867846e-10 
5.481380e-11 1.797338e-11 0.000000e+00 0.000000e+00 0.000000e+00 3.399561e-10 
3.359973e-10 -5.383007e-10 0.000000e+00 0.000000e+00 0.000000e+00 4.716628e-10 
6.825478e-10 -1.133132e-10 0.000000e+00 0.000000e+00 0.000000e+00 -1.907947e-10 
-4.083093e-10 8.251954e-10 0.000000e+00 0.000000e+00 0.000000e+00 -2.309485e-09 
-5.339373e-10 3.457733e-10 0.000000e+00 0.000000e+00 0.000000e+00 -5.570730e-10 
-2.568509e-10 5.084412e-10 0.000000e+00 0.000000e+00 0.000000e+00 8.621837e-11 
1.235611e-09 -4.528333e-10 0.000000e+00 0.000000e+00 0.000000e+00 -1.764548e-09 
-8.909593e-10 1.119512e-09 0.000000e+00 0.000000e+00 0.000000e+00 1.191019e-09 
2.237799e-09 9.569337e-10 0.000000e+00 0.000000e+00 0.000000e+00 -1.130181e-10 
2.762789e-09 -3.032370e-09 0.000000e+00 0.000000e+00 0.000000e+00 7.861633e-10 
-3.084752e-09 2.342870e-10 0.000000e+00 0.000000e+00 0.000000e+00 -2.439737e-09 
7.971080e-10 1.886097e-09 0.000000e+00 0.000000e+00 0.000000e+00 -2.695124e-10 
-1.628947e-09 5.362590e-10 0.000000e+00 0.000000e+00 0.000000e+00 5.877695e-10 
2.234426e-09 -1.931387e-09 0.000000e+00 0.000000e+00 0.000000e+00 2.303559e-09 
-2.236475e-10 -2.976717e-09 0.000000e+00 0.000000e+00 0.000000e+00 3.141485e-09 
-3.681851e-09 1.918755e-09 0.000000e+00 0.000000e+00 0.000000e+00 4.336308e-09 
-7.321398e-10 4.086978e-10 0.000000e+00 0.000000e+00 0.000000e+00 4.130865e-09 
-8.449361e-09 -1.471799e-09 0.000000e+00 0.000000e+00 0.000000e+00 6.732691e-09 
-5.619619e-09 -6.557382e-09 0.000000e+00 0.000000e+00 0.000000e+00 1.614021e-08 
-1.606260e-09 1.168211e-08 0.000000e+00 0.000000e+00 0.000000e+00 -1.493255e-08 
-7.012339e-09 -6.849436e-09 0.000000e+00 0.000000e+00 0.000000e+00 1.058635e-08 
-2.889744e-09 -1.942436e-09 0.000000e+00 0.000000e+00 0.000000e+00 3.729311e-10 
5.565512e-09 -2.032845e-09 0.000000e+00 0.000000e+00 0.000000e+00 3.302598e-09 
8.019855e-09 1.582480e-09 0.000000e+00 0.000000e+00 0.000000e+00 -3.572423e-09 
1.158514e-09 1.979215e-09 0.000000e+00 0.000000e+00 0.000000e+00 -6.492071e-09 
-1.345525e-08 4.268227e-09 0.000000e+00 0.000000e+00 0.000000e+00 1.156780e-08 
-9.991798e-09 6.782820e-09 0.000000e+00 0.000000e+00 0.000000e+00 -4.339418e-09 
-6.586527e-09 8.456992e-09 0.000000e+00 0.000000e+00 0.000000e+00 -6.093593e-09 
-1.588433e-08 4.537346e-09 0.000000e+00 0.000000e+00 0.000000e+00 -6.941540e-09 
-3.873288e-10 1.297646e-08 0.000000e+00 0.000000e+00 0.000000e+00 3.292089e-09 
-2.127563e-09 6.468465e-09 0.000000e+00 0.000000e+00 0.000000e+00 -6.604652e-09 
-1.617059e-08 -1.534327e-08 0.000000e+00 0.000000e+00 0.000000e+00 1.891679e-09 
8.174613e-09 1.049062e-08 0.000000e+00 0.000000e+00 0.000000e+00 -3.753132e-09 
-1.190554e-09 -2.487497e-08 0.000000e+00 0.000000e+00 0.000000e+00 2.114991e-08 
4.017264e-09 4.222553e-09 0.000000e+00 0.000000e+00 0.000000e+00 7.753100e-09 
9.441687e-09 -7.381518e-09 0.000000e+00 0.000000e+00 0.000000e+00 -2.695741e-08 
-1.355063e-08 1.596315e-08 0.000000e+00 0.000000e+00 0.000000e+00 2.953975e-09 
-2.278413e-08 -3.147206e-09 0.000000e+00 0.000000e+00 0.000000e+00 -8.317288e-09 
2.563788e-08 1.323739e-08 0.000000e+00 0.000000e+00 0.000000e+00 -1.004576e-08 
1.341999e-09 -2.035739e-08 0.000000e+00 0.000000e+00 0.000000e+00 1.556964e-08 
4.239607e-09 3.552688e-09 0.000000e+00 0.000000e+00 0.000000e+00 3.159429e-08 
1.369514e-08 -3.227977e-09 0.000000e+00 0.000000e+00 0.000000e+00 5.016290e-08 
2.361372e-08 9.781625e-09 0.000000e+00 0.000000e+00 0.000000e+00 -2.583314e-09 
4.205740e-09 -2.855734e-08 0.000000e+00 0.000000e+00 0.000000e+00 5.043645e-09 
6.977422e-09 8.074984e-09 0.000000e+00 0.000000e+00 0.000000e+00 -2.213772e-08 
-5.371072e-09 -1.245829e-08 0.000000e+00 0.000000e+00 0.000000e+00 1.153168e-08 
-2.649227e-08 4.118758e-08 0.000000e+00 0.000000e+00 0.000000e+00 -2.827515e-08 
-3.753110e-08 9.606227e-09 0.000000e+00 0.000000e+00 0.000000e+00 2.563226e-08 
-2.962856e-08 2.851278e-08 0.000000e+00 0.000000e+00 0.000000e+00 -1.431321e-09 
-3.823721e-08 -3.342754e-08 0.000000e+00 0.000000e+00 0.000000e+00 2.533823e-08 
-8.116678e-09 2.483860e-09 0.000000e+00 0.000000e+00 0.000000e+00 2.538189e-08 
-2.946131e-08 1.461065e-08 0.000000e+00 0.000000e+00 0.000000e+00 -4.268441e-09 
2.482724e-08 9.688576e-09 0.000000e+00 0.000000e+00 0.000000e+00 2.412909e-09 
-3.285418e-08 2.869785e-08 0.000000e+00 0.000000e+00 0.000000e+00 -4.206631e-08 
1.343560e-08 1.326820e-08 0.000000e+00 0.000000e+00 0.000000e+00 1.976274e-08 
-1.277176e-08 -1.235691e-09 0.000000e+00 0.000000e+00 0.000000e+00 2.420009e-08 
2.980608e-08 -3.357738e-08 0.000000e+00 0.000000e+00 0.000000e+00 2.921065e-08 
2.984110e-08 1.700140e-08 0.000000e+00 0.000000e+00 0.000000e+00 2.002624e-09 
5.749916e-08 -4.134415e-09 0.000000e+00 0.000000e+00 0.000000e+00 -1.312681e-08 
-3.722941e-08 7.432229e-09 0.000000e+00 0.000000e+00 0.000000e+00 -2.060227e-10 
4.997361e-08 3.510787e-09 0.000000e+00 0.000000e+00 0.000000e+00 2.270177e-08 
-3.835845e-08 -1.580745e-08 0.000000e+00 0.000000e+00 0.000000e+00 2.253896e-09 
8.354207e-09 -3.617997e-08 0.000000e+00 0.000000e+00 0.000000e+00 -1.261779e-08 
3.714515e-08 -4.622490e-08 0.000000e+00 0.000000e+00 0.000000e+00 1.009336e-08 
2.684577e-08 -8.612620e-09 0.000000e+00 0.000000e+00 0.000000e+00 8.334782e-09 
-4.517979e-08 5.621364e-08 0.000000e+00 0.000000e+00 0.000000e+00 -4.575899e-08 
-1.834373e-09 1.440173e-08 0.000000e+00 0.000000e+00 0.000000e+00 -1.533130e-08 
4.140280e-08 3.492888e-08 0.000000e+00 0.000000e+00 0.000000e+00 -2.014644e-08 
3.313756e-08 -6.721193e-09 0.000000e+00 0.000000e+00 0.000000e+00 3.887506e-08 
-5.729938e-08 2.516106e-09 0.000000e+00 0.000000e+00 0.000000e+00 3.529933e-08 
2.739173e-08 -3.527356e-08 0.000000e+00 0.000000e+00 0.000000e+00 3.433750e-08 
-1.116543e-08 6.320425e-08 0.000000e+00 0.000000e+00 0.000000e+00 -5.843023e-08 
1.432131e-08 1.967287e-08 0.000000e+00 0.000000e+00 0.000000e+00 4.932183e-08 
2.413043e-08 6.290688e-08 0.000000e+00 0.000000e+00 0.000000e+00 -1.304560e-07 
4.699391e-08 2.401326e-08 0.000000e+00 0.000000e+00 0.000000e+00 -2.097564e-08 
8.704343e-08 1.049433e-08 0.000000e+00 0.000000e+00 0.000000e+00 -7.699625e-08 
-2.638027e-08 5.727206e-08 0.000000e+00 0.000000e+00 0.000000e+00 -1.203891e-07 
-8.401943e-08 -1.945695e-08 0.000000e+00 0.000000e+00 0.000000e+00 -1.354340e-09 
-2.635158e-08 -1.556394e-08 0.000000e+00 0.000000e+00 0.000000e+00 1.677706e-09 
-1.022667e-07 -3.585405e-08 0.000000e+00 0.000000e+00 0.000000e+00 6.111088e-08 
3.126185e-08 -1.555121e-08 0.000000e+00 0.000000e+00 0.000000e+00 5.829860e-08 
-5.617803e-08 -5.963700e-08 0.000000e+00 0.000000e+00 0.000000e+00 1.051113e-07 
5.817755e-08 1.006184e-07 0.000000e+00 0.000000e+00 0.000000e+00 -1.452670e-07 
-2.860271e-08 -5.520144e-08 0.000000e+00 0.000000e+00 0.000000e+00 1.167150e-07 
-4.700001e-09 -4.214444e-08 0.000000e+00 0.000000e+00 0.000000e+00 7.603880e-08 
3.345329e-08 -4.090058e-08 0.000000e+00 0.000000e+00 0.000000e+00 5.500529e-08 
5.716941e-08 -6.528220e-08 0.000000e+00 0.000000e+00 0.000000e+00 8.337752e-08 
7.968904e-08 7.390038e-08 0.000000e+00 0.000000e+00 0.000000e+00 -1.374742e-07 
-5.575175e-08 8.920643e-08 0.000000e+00 0.000000e+00 0.000000e+00 -1.192209e-07 
8.883044e-08 2.347164e-09 0.000000e+00 0.000000e+00 0.000000e+00 1.429180e-08 
9.288779e-08 -4.847568e-08 0.000000e+00 0.000000e+00 0.000000e+00 9.105651e-09 
8.925595e-08 -4.310976e-08 0.000000e+00 0.000000e+00 0.000000e+00 -7.536151e-11 
8.829386e-08 2.800020e-08 0.000000e+00 0.000000e+00 0.000000e+00 -7.991846e-08 
-6.207741e-08 -2.140649e-08 0.000000e+00 0.000000e+00 0.000000e+00 4.657174e-08 
-1.017217e-07 1.049567e-08 0.000000e+00 0.000000e+00 0.000000e+00 2.599127e-09 
-4.523848e-08 -1.686944e-08 0.000000e+00 0.000000e+00 0.000000e+00 -1.307108e-08 
7.827759e-08 -1.093537e-07 0.000000e+00 0.000000e+00 0.000000e+00 6.749942e-08 
-8.073801e-08 -2.537471e-08 0.000000e+00 0.000000e+00 0.000000e+00 1.785191e-08 
3.250549e-08 7.827433e-09 0.000000e+00 0.000000e+00 0.000000e+00 1.109117e-07 
-5.893891e-08 -1.032057e-07 0.000000e+00 0.000000e+00 0.000000e+00 1.405304e-07 
-8.960498e-08 1.393976e-07 0.000000e+00 0.000000e+00 0.000000e+00 -1.516037e-07 
8.179684e-08 -7.709824e-08 0.000000e+00 0.000000e+00 0.000000e+00 1.176032e-07 
1.377137e-07 -2.844710e-08 0.000000e+00 0.000000e+00 0.000000e+00 -8.298232e-08 
-8.606945e-08 2.798792e-08 0.000000e+00 0.000000e+00 0.000000e+00 -3.023430e-08 
-1.081847e-07 -1.511568e-07 0.000000e+00 0.000000e+00 0.000000e+00 1.588104e-07 
-2.888710e-08 3.591133e-08 0.000000e+00 0.000000e+00 0.000000e+00 1.128033e-08 
-1.589198e-07 -1.745730e-08 0.000000e+00 0.000000e+00 0.000000e+00 1.405437e-08 
-3.101513e-08 1.171555e-07 0.000000e+00 0.000000e+00 0.000000e+00 -1.139734e-07 
-1.020998e-07 7.008665e-08 0.000000e+00 0.000000e+00 0.000000e+00 -1.917927e-07 
-1.122135e-07 2.261689e-08 0.000000e+00 0.000000e+00 0.000000e+00 1.055865e-07 
-3.431620e-08 -6.962557e-08 0.000000e+00 0.000000e+00 0.000000e+00 1.406164e-07 
1.308283e-07 -6.813891e-08 0.000000e+00 0.000000e+00 0.000000e+00 2.336470e-09 
-5.368279e-08 -9.930821e-08 0.000000e+00 0.000000e+00 0.000000e+00 1.622740e-07 
7.786681e-08 -5.032599e-08 0.000000e+00 0.000000e+00 0.000000e+00 -2.291462e-08 
1.112117e-07 5.551739e-08 0.000000e+00 0.000000e+00 0.000000e+00 1.456425e-07 
1.325551e-07 1.444096e-07 0.000000e+00 0.000000e+00 0.000000e+00 7.127492e-08 
-4.590341e-09 3.094577e-07 0.000000e+00 0.000000e+00 0.000000e+00 -9.834011e-08 
-3.346410e-08 -4.895828e-08 0.000000e+00 0.000000e+00 0.000000e+00 8.696365e-08 
-1.702209e-07 1.492502e-07 0.000000e+00 0.000000e+00 0.000000e+00 -1.196314e-07 
1.724486e-07 -2.484179e-07 0.000000e+00 0.000000e+00 0.000000e+00 -5.069243e-08 
-1.176556e-07 -2.149434e-08 0.000000e+00 0.000000e+00 0.000000e+00 -4.694141e-08 
6.813387e-08 2.117054e-08 0.000000e+00 0.000000e+00 0.000000e+00 -1.077914e-07 
-8.185159e-08 1.554979e-07 0.000000e+00 0.000000e+00 0.000000e+00 -1.714390e-07 
1.729912e-07 -2.277187e-07 0.000000e+00 0.000000e+00 0.000000e+00 -3.930206e-08 
5.484183e-08 -2.502169e-07 0.000000e+00 0.000000e+00 0.000000e+00 -8.465479e-09 
-9.799242e-08 4.860076e-09 0.000000e+00 0.000000e+00 0.000000e+00 -1.002315e-07 
1.580398e-07 2.930108e-07 0.000000e+00 0.000000e+00 0.000000e+00 -1.740323e-07 
-1.241693e-07 -2.353043e-07 0.000000e+00 0.000000e+00 0.000000e+00 2.638437e-07 
5.974908e-08 -1.838302e-07 0.000000e+00 0.000000e+00 0.000000e+00 -6.964347e-08 
7.707981e-10 -1.824481e-07 0.000000e+00 0.000000e+00 0.000000e+00 -3.152619e-08 
-6.438377e-08 7.970096e-08 0.000000e+00 0.000000e+00 0.000000e+00 -2.554288e-07 
5.016139e-08 -4.590480e-08 0.000000e+00 0.000000e+00 0.000000e+00 1.465514e-07 
8.049693e-09 -5.372520e-08 0.000000e+00 0.000000e+00 0.000000e+00 7.093089e-08 
-1.527685e-07 -1.144557e-07 0.000000e+00 0.000000e+00 0.000000e+00 4.805825e-08 
-8.160474e-08 2.625798e-07 0.000000e+00 0.000000e+00 0.000000e+00 -1.686457e-07 
1.865636e-07 -1.599507e-07 0.000000e+00 0.000000e+00 0.000000e+00 -1.209793e-07 
-1.149924e-07 -3.330459e-08 0.000000e+00 0.000000e+00 0.000000e+00 2.657837e-08 
2.026904e-07 -9.302780e-09 0.000000e+00 0.000000e+00 0.000000e+00 -2.219374e-07 
-2.024179e-07 2.796675e-07 0.000000e+00 0.000000e+00 0.000000e+00 2.465655e-07 
4.296707e-08 6.821604e-08 0.000000e+00 0.000000e+00 0.000000e+00 1.586619e-07 
7.210459e-08 1.139631e-07 0.000000e+00 0.000000e+00 0.000000e+00 1.331450e-07 
-9.062382e-08 -1.345705e-07 0.000000e+00 0.000000e+00 0.000000e+00 5.532493e-08 
-5.280810e-08 -2.714047e-07 0.000000e+00 0.000000e+00 0.000000e+00 -2.891861e-07 
1.193848e-07 6.965979e-08 0.000000e+00 0.000000e+00 0.000000e+00 -2.300408e-07 
1.408277e-08 -1.665557e-07 0.000000e+00 0.000000e+00 0.000000e+00 -6.012013e-09 
1.311481e-07 -2.756489e-07 0.000000e+00 0.000000e+00 0.000000e+00 1.420629e-07 
5.715904e-08 -4.627873e-08 0.000000e+00 0.000000e+00 0.000000e+00 1.489218e-08 
2.330082e-07 -3.130645e-07 0.000000e+00 0.000000e+00 0.000000e+00 -2.670068e-07 
1.955839e-08 2.300582e-08 0.000000e+00 0.000000e+00 0.000000e+00 2.455311e-07 
2.384161e-07 -3.814482e-07 0.000000e+00 0.000000e+00 0.000000e+00 -1.513264e-07 
1.257531e-07 -4.760275e-08 0.000000e+00 0.000000e+00 0.000000e+00 2.662266e-07 
-1.495008e-07 9.980628e-09 0.000000e+00 0.000000e+00 0.000000e+00 -4.703131e-08 
-1.234533e-07 1.816068e-07 0.000000e+00 0.000000e+00 0.000000e+00 4.815317e-08 
-2.432863e-07 9.889814e-08 0.000000e+00 0.000000e+00 0.000000e+00 1.105400e-09 
-1.581295e-08 2.232444e-07 0.000000e+00 0.000000e+00 0.000000e+00 -1.147433e-07 
1.641040e-08 -1.032282e-08 0.000000e+00 0.000000e+00 0.000000e+00 1.137382e-07 
1.556912e-08 -1.103810e-07 0.000000e+00 0.000000e+00 0.000000e+00 1.469737e-07 
-7.273631e-08 -1.358810e-07 0.000000e+00 0.000000e+00 0.000000e+00 -1.160976e-07 
-2.530117e-07 1.786787e-07 0.000000e+00 0.000000e+00 0.000000e+00 9.992054e-09 
1.123756e-07 5.444528e-08 0.000000e+00 0.000000e+00 0.000000e+00 -2.611423e-07 
-5.458116e-08 2.183764e-07 0.000000e+00 0.000000e+00 0.000000e+00 -2.220695e-07 
-1.861597e-07 -5.283682e-08 0.000000e+00 0.000000e+00 0.000000e+00 -2.183208e-07 
-2.302024e-07 -3.860963e-07 0.000000e+00 0.000000e+00 0.000000e+00 7.947607e-08 
-1.026207e-07 -1.976022e-07 0.000000e+00 0.000000e+00 0.000000e+00 -2.966671e-07 
1.477403e-07 3.917460e-07 0.000000e+00 0.000000e+00 0.000000e+00 -1.331841e-07 
4.560219e-08 7.367837e-08 0.000000e+00 0.000000e+00 0.000000e+00 1.765420e-07 
2.308050e-07 -2.447570e-07 0.000000e+00 0.000000e+00 0.000000e+00 2.322811e-07 
2.287010e-07 1.892373e-07 0.000000e+00 0.000000e+00 0.000000e+00 -1.354233e-07 
-7.058608e-08 -2.468776e-08 0.000000e+00 0.000000e+00 0.000000e+00 1.578251e-08 
9.703592e-08 1.861198e-07 0.000000e+00 0.000000e+00 0.000000e+00 6.749231e-08 
1.983459e-07 -1.372909e-07 0.000000e+00 0.000000e+00 0.000000e+00 1.364860e-07 
3.214006e-07 1.839645e-07 0.000000e+00 0.000000e+00 0.000000e+00 -1.288079e-07 
-3.256190e-07 9.312605e-08 0.000000e+00 0.000000e+00 0.000000e+00 3.536607e-07 
-5.423047e-08 -1.254652e-07 0.000000e+00 0.000000e+00 0.000000e+00 -3.748269e-08 
2.226600e-07 1.563783e-07 0.000000e+00 0.000000e+00 0.000000e+00 2.931737e-07 
2.769529e-07 1.105209e-07 0.000000e+00 0.000000e+00 0.000000e+00 -2.140131e-08 
-1.520770e-07 -2.162105e-07 0.000000e+00 0.000000e+00 0.000000e+00 2.268379e-07 
-6.185359e-08 2.552184e-07 0.000000e+00 0.000000e+00 0.000000e+00 -5.035940e-08 
-1.825837e-07 -3.644657e-07 0.000000e+00 0.000000e+00 0.000000e+00 6.649566e-09 
2.499714e-07 2.310435e-07 0.000000e+00 0.000000e+00 0.000000e+00 -3.802837e-07 
-5.027408e-09 1.622806e-07 0.000000e+00 0.000000e+00 0.000000e+00 3.383053e-07 
-1.077700e-07 -1.820069e-07 0.000000e+00 0.000000e+00 0.000000e+00 1.711922e-07 
-1.761983e-08 2.581327e-07 0.000000e+00 0.000000e+00 0.000000e+00 7.355348e-08 
2.816818e-07 -1.005610e-08 0.000000e+00 0.000000e+00 0.000000e+00 -5.419504e-08 
2.864886e-07 1.088105e-07 0.000000e+00 0.000000e+00 0.000000e+00 1.032625e-07 
8.660630e-08 2.141634e-07 0.000000e+00 0.000000e+00 0.000000e+00 -3.203258e-08 
-1.154652e-07 1.617236e-07 0.000000e+00 0.000000e+00 0.000000e+00 -9.139933e-08 
2.390748e-07 -2.617377e-07 0.000000e+00 0.000000e+00 0.000000e+00 1.495457e-07 
8.643629e-08 -1.177823e-07 0.000000e+00 0.000000e+00 0.000000e+00 1.494471e-07 
1.365304e-07 -9.437844e-08 0.000000e+00 0.000000e+00 0.000000e+00 2.273312e-07 
-1.585066e-07 -2.669707e-08 0.000000e+00 0.000000e+00 0.000000e+00 3.306258e-07 
-1.264032e-09 -3.924130e-09 0.000000e+00 0.000000e+00 0.000000e+00 -1.321348e-07 
2.906894e-08 2.381589e-07 0.000000e+00 0.000000e+00 0.000000e+00 -2.173193e-07 
1.530628e-08 -1.353481e-07 0.000000e+00 0.000000e+00 0.000000e+00 -1.837896e-07 
1.248068e-07 1.192879e-07 0.000000e+00 0.000000e+00 0.000000e+00 2.370696e-08 
-1.916873e-07 1.777383e-07 0.000000e+00 0.000000e+00 0.000000e+00 -1.065912e-07 
-1.297483e-07 2.101843e-07 0.000000e+00 0.000000e+00 0.000000e+00 -6.164517e-08 
-2.626114e-07 -1.480914e-07 0.000000e+00 0.000000e+00 0.000000e+00 8.555010e-08 
1.845998e-07 -6.411079e-08 0.000000e+00 0.000000e+00 0.000000e+00 -1.218856e-07 
7.272494e-11 3.989884e-07 0.000000e+00 0.000000e+00 0.000000e+00 -6.182457e-09 
5.992291e-08 3.248726e-07 0.000000e+00 0.000000e+00 0.000000e+00 -1.135627e-07 
-3.170657e-07 5.061057e-08 0.000000e+00 0.000000e+00 0.000000e+00 2.831219e-07 
-1.333301e-07 2.547323e-07 0.000000e+00 0.000000e+00 0.000000e+00 2.503925e-07 
-4.804840e-08 -2.248775e-08 0.000000e+00 0.000000e+00 0.000000e+00 -3.527375e-07 
6.010712e-08 -6.429467e-09 0.000000e+00 0.000000e+00 0.000000e+00 -5.489860e-09 
-3.584457e-07 1.152818e-07 0.000000e+00 0.000000e+00 0.000000e+00 -6.580991e-08 
3.501741e-07 -1.890159e-07 0.000000e+00 0.000000e+00 0.000000e+00 2.656566e-07 
1.135096e-07 -6.505734e-08 0.000000e+00 0.000000e+00 0.000000e+00 4.727413e-08 
-1.463602e-07 -8.676599e-08 0.000000e+00 0.000000e+00 0.000000e+00 1.107080e-07 
-2.874990e-07 4.330791e-08 0.000000e+00 0.000000e+00 0.000000e+00 7.475262e-08 
-2.162400e-07 1.819069e-07 0.000000e+00 0.000000e+00 0.000000e+00 -1.289644e-07 
3.224613e-07 -8.569442e-08 0.000000e+00 0.000000e+00 0.000000e+00 1.074328e-07 
4.745835e-09 -1.471597e-07 0.000000e+00 0.000000e+00 0.000000e+00 2.129052e-07 
-2.626163e-07 -1.506935e-07 0.000000e+00 0.000000e+00 0.000000e+00 -2.791653e-07 
-3.467468e-07 -1.882878e-07 0.000000e+00 0.000000e+00 0.000000e+00 1.443317e-07 
2.345130e-08 -7.052668e-08 0.000000e+00 0.000000e+00 0.000000e+00 1.248882e-08 
1.808980e-07 -5.361325e-08 0.000000e+00 0.000000e+00 0.000000e+00 4.575326e-09 
3.262129e-07 -1.558478e-07 0.000000e+00 0.000000e+00 0.000000e+00 -1.298996e-07 
-9.965632e-08 2.708105e-07 0.000000e+00 0.000000e+00 0.000000e+00 -1.423127e-07 
-1.674711e-07 -8.373865e-08 0.000000e+00 0.000000e+00 0.000000e+00 -3.940595e-07 
3.817460e-07 -3.174359e-07 0.000000e+00 0.000000e+00 0.000000e+00 4.766359e-07 
8.844964e-08 1.983316e-07 0.000000e+00 0.000000e+00 0.000000e+00 -1.476032e-07 
-1.169564e-08 4.321415e-07 0.000000e+00 0.000000e+00 0.000000e+00 -3.247979e-07 
3.262914e-07 -8.846042e-08 0.000000e+00 0.000000e+00 0.000000e+00 -2.202887e-08 
-3.486806e-07 8.304724e-08 0.000000e+00 0.000000e+00 0.000000e+00 -2.270071e-07 
-2.462061e-07 -1.896483e-08 0.000000e+00 0.000000e+00 0.000000e+00 -6.103359e-08 
7.372657e-08 3.056511e-07 0.000000e+00 0.000000e+00 0.000000e+00 -8.672024e-08 
-7.490067e-09 3.534755e-09 0.000000e+00 0.000000e+00 0.000000e+00 -3.882407e-07 
-1.767021e-07 2.649522e-08 0.000000e+00 0.000000e+00 0.000000e+00 1.207692e-07 
-3.614714e-07 1.809213e-07 0.000000e+00 0.000000e+00 0.000000e+00 -2.607208e-07 
-2.243401e-07 1.306586e-07 0.000000e+00 0.000000e+00 0.000000e+00 -3.238242e-07 
3.751732e-07 6.817325e-08 0.000000e+00 0.000000e+00 0.000000e+00 -1.352984e-07 
8.113995e-08 -8.150892e-09 0.000000e+00 0.000000e+00 0.000000e+00 3.720575e-08 
-3.431978e-08 1.418368e-07 0.000000e+00 0.000000e+00 0.000000e+00 -1.048378e-07 
1.246564e-07 3.305326e-07 0.000000e+00 0.000000e+00 0.000000e+00 -9.960827e-08 
1.188730e-07 1.566994e-07 0.000000e+00 0.000000e+00 0.000000e+00 -2.278125e-07 
1.073124e-08 4.871354e-07 0.000000e+00 0.000000e+00 0.000000e+00 -9.847551e-08 
2.497770e-07 1.203038e-07 0.000000e+00 0.000000e+00 0.000000e+00 -8.150671e-09 
1.055412e-07 1.041709e-07 0.000000e+00 0.000000e+00 0.000000e+00 8.266552e-08 
-1.091027e-07 2.334327e-07 0.000000e+00 0.000000e+00 0.000000e+00 1.669550e-08 
-2.297607e-07 2.137761e-07 0.000000e+00 0.000000e+00 0.000000e+00 5.039843e-07 
7.274109e-08 1.204797e-07 0.000000e+00 0.000000e+00 0.000000e+00 3.402625e-07 
9.569846e-09 3.726574e-07 0.000000e+00 0.000000e+00 0.000000e+00 4.716458e-07 
2.304782e-07 2.003904e-07 0.000000e+00 0.000000e+00 0.000000e+00 -1.637545e-07 
-2.744543e-07 4.898263e-09 0.000000e+00 0.000000e+00 0.000000e+00 -3.291600e-07 
-3.000304e-07 9.713536e-08 0.000000e+00 0.000000e+00 0.000000e+00 6.579955e-10 
-2.244622e-07 -1.220481e-07 0.000000e+00 0.000000e+00 0.000000e+00 2.312188e-07 
-1.302753e-07 5.096040e-08 0.000000e+00 0.000000e+00 0.000000e+00 4.432601e-07 
-1.401651e-07 -1.812700e-07 0.000000e+00 0.000000e+00 0.000000e+00 -4.171308e-07 
3.069216e-07 3.776562e-09 0.000000e+00 0.000000e+00 0.000000e+00 3.629353e-08 
1.779027e-07 -7.942494e-09 0.000000e+00 0.000000e+00 0.000000e+00 8.537314e-08 
3.501175e-07 2.335746e-07 0.000000e+00 0.000000e+00 0.000000e+00 -6.205875e-07 
-4.417248e-07 -2.574089e-07 0.000000e+00 0.000000e+00 0.000000e+00 -6.880160e-08 
-3.215450e-07 -3.859008e-07 0.000000e+00 0.000000e+00 0.000000e+00 2.524585e-07 
1.058428e-07 -1.472495e-08 0.000000e+00 0.000000e+00 0.000000e+00 2.325999e-07 
2.950763e-07 2.325966e-07 0.000000e+00 0.000000e+00 0.000000e+00 2.600171e-07 
-2.081077e-07 1.263064e-07 0.000000e+00 0.000000e+00 0.000000e+00 -2.043613e-07 
2.735635e-07 3.142843e-07 0.000000e+00 0.000000e+00 0.000000e+00 1.223656e-07 
-2.697794e-07 1.496463e-07 0.000000e+00 0.000000e+00 0.000000e+00 -4.162168e-09 
2.775214e-08 3.977736e-07 0.000000e+00 0.000000e+00 0.000000e+00 -1.416575e-09 
-2.966370e-07 3.394597e-08 0.000000e+00 0.000000e+00 0.000000e+00 -7.207665e-08 
-1.067257e-07 2.006496e-07 0.000000e+00 0.000000e+00 0.000000e+00 4.036187e-07 
1.862000e-07 -1.737135e-07 0.000000e+00 0.000000e+00 0.000000e+00 -2.645237e-07 
-4.095017e-07 -1.238151e-08 0.000000e+00 0.000000e+00 0.000000e+00 -1.139681e-08 
-2.989039e-07 3.953734e-07 0.000000e+00 0.000000e+00 0.000000e+00 6.399259e-08 
-2.904256e-07 2.553182e-07 0.000000e+00 0.000000e+00 0.000000e+00 5.243368e-08 
5.730000e-08 -3.851439e-08 0.000000e+00 0.000000e+00 0.000000e+00 -2.569311e-07 
-1.013434e-08 2.810564e-08 0.000000e+00 0.000000e+00 0.000000e+00 -1.232480e-07 
-2.349560e-07 1.329705e-07 0.000000e+00 0.000000e+00 0.000000e+00 -4.188232e-07 
-1.062888e-07 -7.154307e-09 0.000000e+00 0.000000e+00 0.000000e+00 -1.572607e-07 
-4.196095e-07 -1.858584e-07 0.000000e+00 0.000000e+00 0.000000e+00 6.442936e-07 
3.981056e-08 -1.291786e-07 0.000000e+00 0.000000e+00 0.000000e+00 2.501021e-07 
-1.002242e-07 -2.940933e-07 0.000000e+00 0.000000e+00 0.000000e+00 -5.726153e-07 
1.811804e-07 1.122273e-07 0.000000e+00 0.000000e+00 0.000000e+00 -2.415513e-07 
-2.837078e-07 -3.603007e-07 0.000000e+00 0.000000e+00 0.000000e+00 -2.059380e-07 
9.724116e-08 -1.567826e-07 0.000000e+00 0.000000e+00 0.000000e+00 4.063020e-07 
2.396339e-07 1.837784e-07 0.000000e+00 0.000000e+00 0.000000e+00 -2.251163e-07 
2.873242e-07 3.700734e-07 0.000000e+00 0.000000e+00 0.000000e+00 -7.259047e-08 
-1.498486e-07 -4.197699e-08 0.000000e+00 0.000000e+00 0.000000e+00 4.443826e-07 
-2.952806e-07 6.660585e-09 0.000000e+00 0.000000e+00 0.000000e+00 5.169843e-07 
3.594264e-07 1.293934e-07 0.000000e+00 0.000000e+00 0.000000e+00 -8.745863e-08 
-3.155983e-07 -3.136810e-07 0.000000e+00 0.000000e+00 0.000000e+00 5.393988e-07 
8.314951e-08 6.114113e-07 0.000000e+00 0.000000e+00 0.000000e+00 -2.981725e-07 
3.245971e-08 -1.950380e-07 0.000000e+00 0.000000e+00 0.000000e+00 -3.912818e-07 
-4.503828e-08 3.472246e-07 0.000000e+00 0.000000e+00 0.000000e+00 6.690039e-08 
-2.338523e-07 -3.873557e-07 0.000000e+00 0.000000e+00 0.000000e+00 4.454948e-07 
2.040997e-07 -2.597666e-07 0.000000e+00 0.000000e+00 0.000000e+00 -2.582346e-08 
6.366114e-08 -1.819084e-07 0.000000e+00 0.000000e+00 0.000000e+00 2.549612e-07 
-1.938126e-07 -4.246656e-07 0.000000e+00 0.000000e+00 0.000000e+00 4.773015e-07 
5.794062e-08 3.139106e-08 0.000000e+00 0.000000e+00 0.000000e+00 -1.981480e-07 
-3.297725e-08 -2.078602e-08 0.000000e+00 0.000000e+00 0.000000e+00 6.859583e-07 
3.163770e-07 3.868068e-07 0.000000e+00 0.000000e+00 0.000000e+00 -2.308086e-07 
-1.457637e-07 -2.252382e-08 0.000000e+00 0.000000e+00 0.000000e+00 -3.054280e-07 
-3.361727e-08 -1.521900e-07 0.000000e+00 0.000000e+00 0.000000e+00 1.492104e-07 
2.421086e-07 1.762478e-07 0.000000e+00 0.000000e+00 0.000000e+00 -4.380095e-07 
3.303357e-08 1.146560e-07 0.000000e+00 0.000000e+00 0.000000e+00 6.246454e-07 
-3.633604e-08 2.932282e-07 0.000000e+00 0.000000e+00 0.000000e+00 -8.808791e-08 
-2.311674e-07 -3.485698e-07 0.000000e+00 0.000000e+00 0.000000e+00 -2.606926e-07 
2.077205e-07 1.184703e-07 0.000000e+00 0.000000e+00 0.000000e+00 -8.939642e-08 
3.554340e-07 4.848285e-07 0.000000e+00 0.000000e+00 0.000000e+00 -3.725255e-07 
2.440699e-07 -3.263439e-08 0.000000e+00 0.000000e+00 0.000000e+00 -8.737814e-08 
2.408557e-07 3.268980e-07 0.000000e+00 0.000000e+00 0.000000e+00 3.468619e-07 
-3.253281e-07 -3.760387e-07 0.000000e+00 0.000000e+00 0.000000e+00 1.597119e-07 
-2.019447e-07 -5.830586e-07 0.000000e+00 0.000000e+00 0.000000e+00 7.266751e-08 
-4.244548e-08 -2.422880e-07 0.000000e+00 0.000000e+00 0.000000e+00 6.797808e-07 
3.384321e-07 3.328085e-07 0.000000e+00 0.000000e+00 0.000000e+00 1.261125e-07 
-1.633866e-07 2.173518e-07 0.000000e+00 0.000000e+00 0.000000e+00 -8.608432e-09 
1.798350e-07 -1.339772e-08 0.000000e+00 0.000000e+00 0.000000e+00 4.223928e-07 
5.733057e-08 -9.516529e-09 0.000000e+00 0.000000e+00 0.000000e+00 2.865592e-07 
-7.004247e-08 -2.665506e-07 0.000000e+00 0.000000e+00 0.000000e+00 5.915736e-08 
-2.495677e-07 -3.313365e-07 0.000000e+00 0.000000e+00 0.000000e+00 1.777915e-07 
-2.177113e-07 8.570174e-08 0.000000e+00 0.000000e+00 0.000000e+00 1.942276e-07 
-2.253359e-07 -9.322922e-09 0.000000e+00 0.000000e+00 0.000000e+00 -5.291919e-08 
-1.430824e-07 6.520690e-08 0.000000e+00 0.000000e+00 0.000000e+00 3.683540e-07 
1.217257e-07 5.829713e-07 0.000000e+00 0.000000e+00 0.000000e+00 -1.621128e-07 
-1.650164e-07 -3.456121e-08 0.000000e+00 0.000000e+00 0.000000e+00 4.744255e-07 
5.405366e-08 2.734017e-07 0.000000e+00 0.000000e+00 0.000000e+00 2.676262e-07 
-1.128210e-07 -2.322269e-07 0.000000e+00 0.000000e+00 0.000000e+00 -2.108840e-07 
1.164828e-07 4.312817e-08 0.000000e+00 0.000000e+00 0.000000e+00 -7.919673e-07 
1.331811e-07 -2.313930e-07 0.000000e+00 0.000000e+00 0.000000e+00 -1.565588e-07 
4.457168e-08 3.771858e-07 0.000000e+00 0.000000e+00 0.000000e+00 1.371787e-07 
-1.002247e-07 3.275581e-07 0.000000e+00 0.000000e+00 0.000000e+00 -1.777236e-07 
-3.002952e-08 -4.521765e-07 0.000000e+00 0.000000e+00 0.000000e+00 2.027464e-08 
9.577833e-08 8.123104e-08 0.000000e+00 0.000000e+00 0.000000e+00 5.120154e-07 
-1.678628e-07 3.189356e-07 0.000000e+00 0.000000e+00 0.000000e+00 -3.785020e-07 
8.843283e-08 2.431502e-07 0.000000e+00 0.000000e+00 0.000000e+00 5.485234e-07 
2.092067e-07 3.452079e-09 0.000000e+00 0.000000e+00 0.000000e+00 9.471691e-08 
2.195159e-07 9.753736e-08 0.000000e+00 0.000000e+00 0.000000e+00 -3.499245e-07 
3.061165e-07 2.254879e-09 0.000000e+00 0.000000e+00 0.000000e+00 -5.916749e-08 
-2.653266e-07 -2.537560e-07 0.000000e+00 0.000000e+00 0.000000e+00 4.093561e-07 
-3.465592e-07 1.679717e-07 0.000000e+00 0.000000e+00 0.000000e+00 3.713156e-07 
1.048765e-07 4.459089e-07 0.000000e+00 0.000000e+00 0.000000e+00 -6.103245e-07 
1.931448e-07 5.385866e-07 0.000000e+00 0.000000e+00 0.000000e+00 -1.931628e-07 
1.367579e-07 2.811737e-07 0.000000e+00 0.000000e+00 0.000000e+00 5.708555e-07 
3.405367e-07 3.364086e-07 0.000000e+00 0.000000e+00 0.000000e+00 2.891392e-07 
4.486541e-08 4.742525e-07 0.000000e+00 0.000000e+00 0.000000e+00 1.555114e-07 
4.475518e-08 1.685056e-07 0.000000e+00 0.000000e+00 0.000000e+00 -5.850371e-07 
6.425099e-09 5.509446e-07 0.000000e+00 0.000000e+00 0.000000e+00 9.098872e-08 
1.156777e-07 -2.653763e-07 0.000000e+00 0.000000e+00 0.000000e+00 -7.014182e-08 
2.384355e-07 1.869014e-07 0.000000e+00 0.000000e+00 0.000000e+00 -3.388250e-07 
-2.477591e-07 -7.739017e-08 0.000000e+00 0.000000e+00 0.000000e+00 -1.249166e-09 
-3.391376e-07 -7.121011e-08 0.000000e+00 0.000000e+00 0.000000e+00 -1.851429e-07 
-9.633216e-08 2.662941e-07 0.000000e+00 0.000000e+00 0.000000e+00 4.040789e-07 
-8.594878e-08 -2.839021e-07 0.000000e+00 0.000000e+00 0.000000e+00 1.759077e-07 
5.193059e-08 6.560205e-07 0.000000e+00 0.000000e+00 0.000000e+00 -1.862134e-07 
1.202222e-07 1.952532e-07 0.000000e+00 0.000000e+00 0.000000e+00 1.858886e-09 
-2.849157e-07 -1.821482e-07 0.000000e+00 0.000000e+00 0.000000e+00 7.795035e-08 
-2.265386e-07 -1.258005e-08 0.000000e+00 0.000000e+00 0.000000e+00 1.126780e-07 
-8.901515e-08 -4.523932e-07 0.000000e+00 0.000000e+00 0.000000e+00 2.646915e-07 
-1.747337e-07 8.901130e-08 0.000000e+00 0.000000e+00 0.000000e+00 -2.449628e-07 
-1.607864e-07 2.835376e-07 0.000000e+00 0.000000e+00 0.000000e+00 -8.947259e-08 
-2.593117e-07 -4.067922e-07 0.000000e+00 0.000000e+00 0.000000e+00 1.508536e-07 
7.943292e-08 6.014917e-07 0.000000e+00 0.000000e+00 0.000000e+00 -2.256781e-07 
-6.823476e-08 -9.693346e-08 0.000000e+00 0.000000e+00 0.000000e+00 2.546273e-07 
-7.636031e-08 -2.526802e-07 0.000000e+00 0.000000e+00 0.000000e+00 4.752804e-07 
-2.387133e-07 -6.204886e-08 0.000000e+00 0.000000e+00 0.000000e+00 -1.667555e-07 
-6.507010e-08 6.031086e-08 0.000000e+00 0.000000e+00 0.000000e+00 1.693551e-07 
-4.629492e-10 2.791532e-07 0.000000e+00 0.000000e+00 0.000000e+00 -1.578609e-07 
-1.802009e-07 -1.624046e-07 0.000000e+00 0.000000e+00 0.000000e+00 2.456268e-07 
1.043804e-07 1.642023e-07 0.000000e+00 0.000000e+00 0.000000e+00 1.889870e-07 
-4.943595e-08 -4.452581e-07 0.000000e+00 0.000000e+00 0.000000e+00 2.655503e-07 
-6.195443e-08 -1.872900e-07 0.000000e+00 0.000000e+00 0.000000e+00 3.623058e-07 
-3.933881e-08 -5.977483e-07 0.000000e+00 0.000000e+00 0.000000e+00 1.093248e-07 
-1.041314e-07 -8.606755e-08 0.000000e+00 0.000000e+00 0.000000e+00 2.661709e-07 
-8.351725e-10 -2.998399e-07 0.000000e+00 0.000000e+00 0.000000e+00 1.548937e-07 
-2.824204e-07 -1.815646e-07 0.000000e+00 0.000000e+00 0.000000e+00 -2.751699e-07 
-3.752820e-08 3.495314e-07 0.000000e+00 0.000000e+00 0.000000e+00 -8.971896e-08 
-1.573506e-07 1.323887e-08 0.000000e+00 0.000000e+00 0.000000e+00 3.161291e-07 
4.541619e-08 1.815937e-07 0.000000e+00 0.000000e+00 0.000000e+00 -1.962001e-07 
-2.535278e-07 -4.932638e-08 0.000000e+00 0.000000e+00 0.000000e+00 -1.651334e-07 
-1.623330e-07 -1.672033e-07 0.000000e+00 0.000000e+00 0.000000e+00 8.883021e-08 
-1.678491e-07 8.014312e-08 0.000000e+00 0.000000e+00 0.000000e+00 3.913705e-07 
-1.198316e-07 -1.307768e-07 0.000000e+00 0.000000e+00 0.000000e+00 1.358399e-07 
-2.310534e-08 2.482851e-07 0.000000e+00 0.000000e+00 0.000000e+00 -4.173389e-08 
1.122746e-07 3.006719e-07 0.000000e+00 0.000000e+00 0.000000e+00 -8.296583e-08 
1.845901e-07 2.977916e-07 0.000000e+00 0.000000e+00 0.000000e+00 2.147745e-08 
2.631371e-07 5.737136e-07 0.000000e+00 0.000000e+00 0.000000e+00 1.857414e-07 
-9.537674e-08 3.002934e-07 0.000000e+00 0.000000e+00 0.000000e+00 4.892513e-09 
-1.757569e-07 -2.079574e-07 0.000000e+00 0.000000e+00 0.000000e+00 2.908195e-08 
6.219777e-10 6.578437e-07 0.000000e+00 0.000000e+00 0.000000e+00 -5.594430e-08 
-6.362687e-08 3.593984e-07 0.000000e+00 0.000000e+00 0.000000e+00 3.222735e-07 
4.568005e-08 4.154630e-07 0.000000e+00 0.000000e+00 0.000000e+00 -3.280834e-07 
1.483873e-07 2.621782e-07 0.000000e+00 0.000000e+00 0.000000e+00 -1.114568e-08 
8.877072e-08 1.617868e-07 0.000000e+00 0.000000e+00 0.000000e+00 3.823703e-07 
1.575377e-08 2.527037e-07 0.000000e+00 0.000000e+00 0.000000e+00 2.588563e-07 
5.923301e-08 -1.829819e-07 0.000000e+00 0.000000e+00 0.000000e+00 -2.415031e-07 
1.786042e-07 4.663091e-07 0.000000e+00 0.000000e+00 0.000000e+00 1.055151e-07 
1.097030e-07 2.683431e-07 0.000000e+00 0.000000e+00 0.000000e+00 4.975505e-07 
-2.638700e-08 2.588076e-07 0.000000e+00 0.000000e+00 0.000000e+00 3.542809e-07 
-5.438621e-08 1.317443e-07 0.000000e+00 0.000000e+00 0.000000e+00 4.736391e-07 
1.170239e-07 3.333751e-07 0.000000e+00 0.000000e+00 0.000000e+00 3.642282e-07 
-8.398957e-08 -2.311760e-07 0.000000e+00 0.000000e+00 0.000000e+00 3.228749e-07 
2.520420e-08 2.981605e-07 0.000000e+00 0.000000e+00 0.000000e+00 1.270107e-07 
2.627741e-08 4.406987e-07 0.000000e+00 0.000000e+00 0.000000e+00 1.799677e-07 
-3.213044e-08 -4.460400e-08 0.000000e+00 0.000000e+00 0.000000e+00 1.910388e-07 
9.852585e-08 8.494862e-08 0.000000e+00 0.000000e+00 0.000000e+00 5.403615e-07 
8.016848e-09 2.251044e-07 0.000000e+00 0.000000e+00 0.000000e+00 3.029007e-07 
1.093150e-07 5.272440e-08 0.000000e+00 0.000000e+00 0.000000e+00 3.141867e-07 
1.340772e-07 2.139577e-07 0.000000e+00 0.000000e+00 0.000000e+00 4.018563e-07 
1.631379e-08 1.108164e-07 0.000000e+00 0.000000e+00 0.000000e+00 6.189641e-07 
1.018733e-07 3.938042e-07 0.000000e+00 0.000000e+00 0.000000e+00 3.629028e-08 
5.615350e-08 1.823689e-07 0.000000e+00 0.000000e+00 0.000000e+00 4.538275e-07 
1.939534e-09 3.652793e-07 0.000000e+00 0.000000e+00 0.000000e+00 -1.803350e-08 
-3.255614e-08 2.648641e-07 0.000000e+00 0.000000e+00 0.000000e+00 -2.590735e-07 
8.086963e-08 3.538823e-07 0.000000e+00 0.000000e+00 0.000000e+00 2.068350e-07 
2.161601e-07 5.452003e-07 0.000000e+00 0.000000e+00 0.000000e+00 1.295056e-07 
1.522040e-08 3.103089e-07 0.000000e+00 0.000000e+00 0.000000e+00 2.204288e-07 
-7.010154e-08 1.259354e-07 0.000000e+00 0.000000e+00 0.000000e+00 3.514197e-07 
1.217149e-07 2.308308e-07 0.000000e+00 0.000000e+00 0.000000e+00 2.933480e-07 
7.251006e-08 4.672318e-07 0.000000e+00 0.000000e+00 0.000000e+00 5.727684e-07 
-1.980636e-07 1.548916e-07 0.000000e+00 0.000000e+00 0.000000e+00 1.142067e-07 
1.380691e-07 2.355349e-07 0.000000e+00 0.000000e+00 0.000000e+00 2.255088e-07 
-1.600762e-09 1.144918e-07 0.000000e+00 0.000000e+00 0.000000e+00 2.877604e-07 
8.657447e-08 2.573055e-07 0.000000e+00 0.000000e+00 0.000000e+00 2.690439e-07 
1.944522e-07 5.050989e-08 0.000000e+00 0.000000e+00 0.000000e+00 5.957732e-07 
4.108893e-08 2.752383e-07 0.000000e+00 0.000000e+00 0.000000e+00 6.780371e-07 
-3.097404e-08 2.313105e-07 0.000000e+00 0.000000e+00 0.000000e+00 2.724282e-07 
1.670177e-07 4.907410e-07 0.000000e+00 0.000000e+00 0.000000e+00 1.367838e-07 
-3.637499e-08 2.571970e-07 0.000000e+00 0.000000e+00 0.000000e+00 4.045064e-07 
4.938173e-08 5.481338e-07 0.000000e+00 0.000000e+00 0.000000e+00 1.231259e-07 
1.242828e-08 2.821975e-07 0.000000e+00 0.000000e+00 0.000000e+00 3.977769e-07 
2.032630e-07 4.644126e-07 0.000000e+00 0.000000e+00 0.000000e+00 7.487556e-07 
1.138895e-07 3.286019e-07 0.000000e+00 0.000000e+00 0.000000e+00 3.931314e-07 
-6.851984e-08 2.446258e-07 0.000000e+00 0.000000e+00 0.000000e+00 1.078481e-07 
7.934326e-09 3.551917e-07 0.000000e+00 0.000000e+00 0.000000e+00 3.742321e-07 
2.823456e-08 2.670882e-07 0.000000e+00 0.000000e+00 0.000000e+00 4.636615e-07 
1.191845e-08 2.725092e-07 0.000000e+00 0.000000e+00 0.000000e+00 4.673545e-07 
2.167357e-07 1.780730e-07 0.000000e+00 0.000000e+00 0.000000e+00 6.470374e-07 
4.608591e-08 4.777429e-07 0.000000e+00 0.000000e+00 0.000000e+00 5.142438e-07 
8.719939e-08 1.648937e-07 0.000000e+00 0.000000e+00 0.000000e+00 5.103868e-07 
2.920258e-07 5.718770e-07 0.000000e+00 0.000000e+00 0.000000e+00 5.048113e-07 
-4.301678e-08 3.119464e-07 0.000000e+00 0.000000e+00 0.000000e+00 4.942897e-07 
1.254481e-07 5.422935e-07 0.000000e+00 0.000000e+00 0.000000e+00 4.656601e-07 
1.305348e-07 4.936298e-07 0.000000e+00 0.000000e+00 0.000000e+00 5.549982e-07 
9.273283e-08 6.525584e-07 0.000000e+00 0.000000e+00 0.000000e+00 5.205256e-07 
1.538560e-07 3.651884e-07 0.000000e+00 0.000000e+00 0.000000e+00 4.564779e-07 
1.644357e-07 6.397099e-07 0.000000e+00 0.000000e+00 0.000000e+00 5.665451e-07 
1.526707e-08 3.328169e-07 0.000000e+00 0.000000e+00 0.000000e+00 4.032765e-07 
1.445027e-07 5.035963e-07 0.000000e+00 0.000000e+00 0.000000e+00 4.908345e-07 
1.531065e-09 2.824325e-07 0.000000e+00 0.000000e+00 0.000000e+00 1.719402e-07 
1.606706e-07 4.710173e-07 0.000000e+00 0.000000e+00 0.000000e+00 6.919967e-07 
1.987697e-07 4.017483e-07 0.000000e+00 0.000000e+00 0.000000e+00 6.827463e-07 
1.511161e-07 5.558748e-07 0.000000e+00 0.000000e+00 0.000000e+00 6.063641e-07 
5.868690e-08 3.352135e-07 0.000000e+00 0.000000e+00 0.000000e+00 2.762851e-07 
3.204134e-07 7.077731e-07 0.000000e+00 0.000000e+00 0.000000e+00 7.354841e-07 
1.335313e-07 5.636672e-07 0.000000e+00 0.000000e+00 0.000000e+00 4.394234e-07 
1.293080e-07 3.110759e-07 0.000000e+00 0.000000e+00 0.000000e+00 5.861766e-07 
2.500799e-08 4.157621e-07 0.000000e+00 0.000000e+00 0.000000e+00 6.007386e-07 
2.011653e-07 5.435634e-07 0.000000e+00 0.000000e+00 0.000000e+00 7.333844e-07 
1.409863e-07 4.038839e-07 0.000000e+00 0.000000e+00 0.000000e+00 6.305358e-07 
7.210039e-08 4.936996e-07 0.000000e+00 0.000000e+00 0.000000e+00 4.673718e-07 
1.319944e-07 3.144510e-07 0.000000e+00 0.000000e+00 0.000000e+00 5.249327e-07 
5.827410e-08 3.918853e-07 0.000000e+00 0.000000e+00 0.000000e+00 5.864129e-07 
1.682977e-07 5.383234e-07 0.000000e+00 0.000000e+00 0.000000e+00 5.936049e-07 
1.481423e-07 3.229127e-07 0.000000e+00 0.000000e+00 0.000000e+00 6.972314e-07 
2.147940e-07 7.004046e-07 0.000000e+00 0.000000e+00 0.000000e+00 6.560380e-07 
1.490602e-07 6.541608e-07 0.000000e+00 0.000000e+00 0.000000e+00 4.952362e-07 
9.039302e-08 7.497875e-07 0.000000e+00 0.000000e+00 0.000000e+00 3.830941e-07 
5.174619e-08 4.519978e-07 0.000000e+00 0.000000e+00 0.000000e+00 5.188651e-07 
9.564023e-08 5.319292e-07 0.000000e+00 0.000000e+00 0.000000e+00 5.306263e-07 
1.392746e-07 5.826526e-07 0.000000e+00 0.000000e+00 0.000000e+00 5.813828e-07 
1.824567e-07 5.559259e-07 0.000000e+00 0.000000e+00 0.000000e+00 5.292039e-07 
1.311255e-08 5.644033e-07 0.000000e+00 0.000000e+00 0.000000e+00 3.819363e-07 
1.848956e-07 4.382580e-07 0.000000e+00 0.000000e+00 0.000000e+00 7.135719e-07 
2.189590e-07 6.007571e-07 0.000000e+00 0.000000e+00 0.000000e+00 7.209483e-07 
8.213029e-08 5.423745e-07 0.000000e+00 0.000000e+00 0.000000e+00 4.826342e-07 
1.727994e-07 6.859755e-07 0.000000e+00 0.000000e+00 0.000000e+00 5.652777e-07 
4.180664e-08 7.055507e-07 0.000000e+00 0.000000e+00 0.000000e+00 4.212857e-07 
2.240495e-07 6.797969e-07 0.000000e+00 0.000000e+00 0.000000e+00 5.789171e-07 
1.026250e-07 5.477214e-07 0.000000e+00 0.000000e+00 0.000000e+00 5.171195e-07 
1.558953e-07 7.324799e-07 0.000000e+00 0.000000e+00 0.000000e+00 5.461977e-07 
7.131492e-08 6.226859e-07 0.000000e+00 0.000000e+00 0.000000e+00 4.964202e-07 
9.860164e-08 4.251492e-07 0.000000e+00 0.000000e+00 0.000000e+00 5.346644e-07 
1.698409e-07 5.445984e-07 0.000000e+00 0.000000e+00 0.000000e+00 5.630283e-07 
2.138284e-07 5.921880e-07 0.000000e+00 0.000000e+00 0.000000e+00 5.773815e-07 
1.479530e-07 5.462362e-07 0.000000e+00 0.000000e+00 0.000000e+00 5.135575e-07 
2.964907e-07 6.643131e-07 0.000000e+00 0.000000e+00 0.000000e+00 7.910369e-07 
1.091637e-07 6.010067e-07 0.000000e+00 0.000000e+00 0.000000e+00 6.330429e-07 
8.982390e-08 4.460035e-07 0.000000e+00 0.000000e+00 0.000000e+00 5.070532e-07 
1.530598e-07 4.519224e-07 0.000000e+00 0.000000e+00 0.000000e+00 6.411929e-07 
8.429899e-08 5.401921e-07 0.000000e+00 0.000000e+00 0.000000e+00 6.530340e-07 
1.973619e-07 6.745205e-07 0.000000e+00 0.000000e+00 0.000000e+00 6.406342e-07 
1.719886e-07 5.956081e-07 0.000000e+00 0.000000e+00 0.000000e+00 6.678497e-07 
2.145458e-07 5.830595e-07 0.000000e+00 0.000000e+00 0.000000e+00 5.721268e-07 
9.135968e-08 5.146980e-07 0.000000e+00 0.000000e+00 0.000000e+00 5.983338e-07 
1.894999e-07 6.894687e-07 0.000000e+00 0.000000e+00 0.000000e+00 5.913913e-07 
1.903176e-07 6.610215e-07 0.000000e+00 0.000000e+00 0.000000e+00 4.693187e-07 
1.462642e-07 7.058378e-07 0.000000e+00 0.000000e+00 0.000000e+00 5.419208e-07 
1.679901e-07 6.765256e-07 0.000000e+00 0.000000e+00 0.000000e+00 5.713649e-07 
1.429045e-07 5.793656e-07 0.000000e+00 0.000000e+00 0.000000e+00 6.361341e-07 
1.503026e-07 5.276972e-07 0.000000e+00 0.000000e+00 0.000000e+00 6.159677e-07 
1.811407e-07 6.012463e-07 0.000000e+00 0.000000e+00 0.000000e+00 6.185182e-07 
1.566441e-07 4.751513e-07 0.000000e+00 0.000000e+00 0.000000e+00 6.468701e-07 
9.600652e-08 6.162771e-07 0.000000e+00 0.000000e+00 0.000000e+00 4.912422e-07 
1.525399e-07 4.961195e-07 0.000000e+00 0.000000e+00 0.000000e+00 6.440076e-07 
1.814068e-07 5.181888e-07 0.000000e+00 0.000000e+00 0.000000e+00 7.535057e-07 
1.775949e-07 6.226751e-07 0.000000e+00 0.000000e+00 0.000000e+00 6.520717e-07 
1.462595e-07 5.088304e-07 0.000000e+00 0.000000e+00 0.000000e+00 5.336296e-07 
2.014218e-07 5.160012e-07 0.000000e+00 0.000000e+00 0.000000e+00 7.050920e-07 
1.840003e-07 6.518417e-07 0.000000e+00 0.000000e+00 0.000000e+00 5.908640e-07 
1.961145e-07 5.616002e-07 0.000000e+00 0.000000e+00 0.000000e+00 6.847730e-07 
1.958458e-07 5.974797e-07 0.000000e+00 0.000000e+00 0.000000e+00 7.251255e-07 
1.341495e-07 6.142887e-07 0.000000e+00 0.000000e+00 0.000000e+00 5.867822e-07 
2.402631e-07 4.941499e-07 0.000000e+00 0.000000e+00 0.000000e+00 7.381704e-07 
1.631954e-07 6.265055e-07 0.000000e+00 0.000000e+00 0.000000e+00 6.368346e-07 
2.568637e-07 5.941186e-07 0.000000e+00 0.000000e+00 0.000000e+00 7.384276e-07 
1.851244e-07 5.316010e-07 0.000000e+00 0.000000e+00 0.000000e+00 7.452762e-07 
1.774140e-07 6.906301e-07 0.000000e+00 0.000000e+00 0.000000e+00 5.774169e-07 
1.501788e-07 7.030196e-07 0.000000e+00 0.000000e+00 0.000000e+00 6.215189e-07 
1.699830e-07 6.512417e-07 0.000000e+00 0.000000e+00 0.000000e+00 6.571578e-07 
1.028089e-07 6.895249e-07 0.000000e+00 0.000000e+00 0.000000e+00 5.253699e-07 
1.651055e-07 6.745648e-07 0.000000e+00 0.000000e+00 0.000000e+00 6.324337e-07 
1.655770e-07 6.329253e-07 0.000000e+00 0.000000e+00 0.000000e+00 6.346320e-07 
2.117760e-07 6.702901e-07 0.000000e+00 0.000000e+00 0.000000e+00 7.157426e-07 
1.724281e-07 6.327099e-07 0.000000e+00 0.000000e+00 0.000000e+00 6.889156e-07 
2.104516e-07 6.215319e-07 0.000000e+00 0.000000e+00 0.000000e+00 7.145606e-07 
1.815358e-07 6.515768e-07 0.000000e+00 0.000000e+00 0.000000e+00 6.537536e-07 
1.514641e-07 6.065634e-07 0.000000e+00 0.000000e+00 0.000000e+00 6.590570e-07 
1.879359e-07 6.006220e-07 0.000000e+00 0.000000e+00 0.000000e+00 6.896987e-07 
1.937847e-07 6.893380e-07 0.000000e+00 0.000000e+00 0.000000e+00 6.690612e-07 
1.663821e-07 6.930538e-07 0.000000e+00 0.000000e+00 0.000000e+00 6.533740e-07 
1.661654e-07 6.594344e-07 0.000000e+00 0.000000e+00 0.000000e+00 6.042304e-07 
1.847921e-07 6.358220e-07 0.000000e+00 0.000000e+00 0.000000e+00 6.587189e-07 
1.800521e-07 6.532463e-07 0.000000e+00 0.000000e+00 0.000000e+00 6.254884e-07 
1.964610e-07 6.120715e-07 0.000000e+00 0.000000e+00 0.000000e+00 7.035495e-07 
2.020113e-07 6.565799e-07 0.000000e+00 0.000000e+00 0.000000e+00 6.658066e-07 
1.871448e-07 5.929752e-07 0.000000e+00 0.000000e+00 0.000000e+00 6.884581e-07 
1.960719e-07 6.605113e-07 0.000000e+00 0.000000e+00 0.000000e+00 6.677141e-07 
2.155306e-07 6.786834e-07 0.000000e+00 0.000000e+00 0.000000e+00 7.189788e-07 
1.737317e-07 6.481183e-07 0.000000e+00 0.000000e+00 0.000000e+00 6.527224e-07 
1.924223e-07 6.167062e-07 0.000000e+00 0.000000e+00 0.000000e+00 7.068585e-07 
2.074447e-07 6.182813e-07 0.000000e+00 0.000000e+00 0.000000e+00 7.413181e-07 
1.979657e-07 6.172660e-07 0.000000e+00 0.000000e+00 0.000000e+00 7.142469e-07 
1.885811e-07 6.074503e-07 0.000000e+00 0.000000e+00 0.000000e+00 6.822041e-07 
2.097458e-07 6.531483e-07 0.000000e+00 0.000000e+00 0.000000e+00 7.199168e-07 
1.959448e-07 6.422583e-07 0.000000e+00 0.000000e+00 0.000000e+00 6.982197e-07 
1.935855e-07 6.187149e-07 0.000000e+00 0.000000e+00 0.000000e+00 6.899799e-07 
1.898385e-07 6.707707e-07 0.000000e+00 0.000000e+00 0.000000e+00 6.781461e-07 
1.883332e-07 6.556741e-07 0.000000e+00 0.000000e+00 0.000000e+00 6.823272e-07 
1.978246e-07 6.644231e-07 0.000000e+00 0.000000e+00 0.000000e+00 6.873987e-07 
2.138995e-07 6.687314e-07 0.000000e+00 0.000000e+00 0.000000e+00 7.255126e-07 
1.918590e-07 6.294656e-07 0.000000e+00 0.000000e+00 0.000000e+00 6.836958e-07 
2.070284e-07 6.692509e-07 0.000000e+00 0.000000e+00 0.000000e+00 6.893853e-07 
2.092930e-07 6.648392e-07 0.000000e+00 0.000000e+00 0.000000e+00 7.095836e-07 
2.059342e-07 6.859450e-07 0.000000e+00 0.000000e+00 0.000000e+00 6.885856e-07 
1.997738e-07 6.728473e-07 0.000000e+00 0.000000e+00 0.000000e+00 6.932487e-07 
1.864127e-07 6.706076e-07 0.000000e+00 0.000000e+00 0.000000e+00 6.810724e-07 
1.970174e-07 6.459285e-07 0.000000e+00 0.000000e+00 0.000000e+00 6.898028e-07 
2.086279e-07 6.680802e-07 0.000000e+00 0.000000e+00 0.000000e+00 7.211128e-07 
2.015918e-07 6.662528e-07 0.000000e+00 0.000000e+00 0.000000e+00 6.821428e-07 
2.118347e-07 6.768164e-07 0.000000e+00 0.000000e+00 0.000000e+00 7.129496e-07 
1.969675e-07 6.683071e-07 0.000000e+00 0.000000e+00 0.000000e+00 6.932916e-07 
2.025261e-07 6.665253e-07 0.000000e+00 0.000000e+00 0.000000e+00 7.155086e-07 
2.117305e-07 6.599662e-07 0.000000e+00 0.000000e+00 0.000000e+00 7.208355e-07 
2.019373e-07 6.721814e-07 0.000000e+00 0.000000e+00 0.000000e+00 6.913414e-07 
2.001737e-07 6.682116e-07 0.000000e+00 0.000000e+00 0.000000e+00 7.102328e-07 
2.109377e-07 6.644224e-07 0.000000e+00 0.000000e+00 0.000000e+00 7.231145e-07 
1.946746e-07 6.729864e-07 0.000000e+00 0.000000e+00 0.000000e+00 6.948757e-07 
2.047296e-07 6.622377e-07 0.000000e+00 0.000000e+00 0.000000e+00 7.051068e-07 
2.015286e-07 6.642594e-07 0.000000e+00 0.000000e+00 0.000000e+00 7.157090e-07 
2.034742e-07 6.706166e-07 0.000000e+00 0.000000e+00 0.000000e+00 7.007454e-07 
2.093769e-07 6.692680e-07 0.000000e+00 0.000000e+00 0.000000e+00 7.162246e-07 
1.955097e-07 6.668367e-07 0.000000e+00 0.000000e+00 0.000000e+00 6.978644e-07 
2.069304e-07 6.757932e-07 0.000000e+00 0.000000e+00 0.000000e+00 7.011111e-07 
2.143269e-07 6.793918e-07 0.000000e+00 0.000000e+00 0.000000e+00 7.155183e-07 
2.077686e-07 6.804850e-07 0.000000e+00 0.000000e+00 0.000000e+00 7.042593e-07 
2.043080e-07 6.810373e-07 0.000000e+00 0.000000e+00 0.000000e+00 7.038887e-07 
2.021820e-07 6.740332e-07 0.000000e+00 0.000000e+00 0.000000e+00 7.113621e-07 
2.041154e-07 6.768928e-07 0.000000e+00 0.000000e+00 0.000000e+00 7.081360e-07 
2.062766e-07 6.767274e-07 0.000000e+00 0.000000e+00 0.000000e+00 7.074841e-07 
2.038303e-07 6.743817e-07 0.000000e+00 0.000000e+00 0.000000e+00 7.076939e-07 
2.066048e-07 6.793384e-07 0.000000e+00 0.000000e+00 0.000000e+00 7.074946e-07 
2.066383e-07 6.765222e-07 0.000000e+00 0.000000e+00 0.000000e+00 7.107930e-07 
2.074937e-07 6.772569e-07 0.000000e+00 0.000000e+00 0.000000e+00 7.137234e-07 
2.064006e-07 6.781666e-07 0.000000e+00 0.000000e+00 0.000000e+00 7.125113e-07 
2.081387e-07 6.804572e-07 0.000000e+00 0.000000e+00 0.000000e+00 7.115798e-07 
2.080560e-07 6.775675e-07 0.000000e+00 0.000000e+00 0.000000e+00 7.145448e-07 
2.074633e-07 6.779593e-07 0.000000e+00 0.000000e+00 0.000000e+00 7.111848e-07 
2.077926e-07 6.789825e-07 0.000000e+00 0.000000e+00 0.000000e+00 7.134119e-07 
2.088334e-07 6.811464e-07 0.000000e+00 0.000000e+00 0.000000e+00 7.147049e-07 
2.086973e-07 6.804167e-07 0.000000e+00 0.000000e+00 0.000000e+00 7.155012e-07 
2.078733e-07 6.809773e-07 0.000000e+00 0.000000e+00 0.000000e+00 7.144271e-07 
2.080420e-07 6.805595e-07 0.000000e+00 0.000000e+00 0.000000e+00 7.142262e-07 
2.080796e-07 6.807442e-07 0.000000e+00 0.000000e+00 0.000000e+00 7.143858e-07 
2.081141e-07 6.807745e-07 0.000000e+00 0.000000e+00 0.000000e+00 7.142834e-07 
2.080643e-07 6.808011e-07 0.000000e+00 0.000000e+00 0.000000e+00 7.142709e-07 
2.080893e-07 6.810899e-07 0.000000e+00 0.000000e+00 0.000000e+00 7.144455e-07 
2.081300e-07 6.808139e-07 0.000000e+00 0.000000e+00 0.000000e+00 7.150156e-07 
2.079049e-07 6.805093e-07 0.000000e+00 0.000000e+00 0.000000e+00 7.147581e-07 
2.079010e-07 6.804802e-07 0.000000e+00 0.000000e+00 0.000000e+00 7.147766e-07 
2.079068e-07 6.810330e-07 0.000000e+00 0.000000e+00 0.000000e+00 7.142292e-07 
2.084433e-07 6.811807e-07 0.000000e+00 0.000000e+00 0.000000e+00 7.152352e-07 
