0.000000e+00 0.000000e+00 0.000000e+00 0.000000e+00 0.000000e+00 0.000000e+00 0.000000e+00 0.000000e+00 0.000000e+00 0.000000e+00 0.000000e+00 0.000000e+00 0.000000e+00 
1.000000e-01 1.471063e-09 7.987730e-09 0.000000e+00 4.792563e-08 0.000000e+00 0.000000e+00 4.413128e-08 2.396284e-07 0.000000e+00 1.437748e-06 0.000000e+00 0.000000e+00 
2.000000e-01 1.176724e-08 6.389360e-08 0.000000e+00 3.833533e-07 0.000000e+00 0.000000e+00 1.765076e-07 9.584092e-07 0.000000e+00 5.750354e-06 0.000000e+00 0.000000e+00 
3.000000e-01 3.971174e-08 2.156281e-07 0.000000e+00 1.293743e-06 0.000000e+00 0.000000e+00 3.970740e-07 2.156028e-06 0.000000e+00 1.293591e-05 0.000000e+00 0.000000e+00 
4.000000e-01 9.411971e-08 5.110506e-07 0.000000e+00 3.066242e-06 0.000000e+00 0.000000e+00 7.057468e-07 3.831965e-06 0.000000e+00 2.299123e-05 0.000000e+00 0.000000e+00 
5.000000e-01 1.837954e-07 9.979481e-07 0.000000e+00 5.987544e-06 0.000000e+00 0.000000e+00 1.102418e-06 5.985494e-06 0.000000e+00 3.591178e-05 0.000000e+00 0.000000e+00 
6.000000e-01 3.175320e-07 1.724035e-06 0.000000e+00 1.034389e-05 0.000000e+00 0.000000e+00 1.586955e-06 8.615686e-06 0.000000e+00 5.169174e-05 0.000000e+00 0.000000e+00 
7.000000e-01 5.041323e-07 2.736535e-06 0.000000e+00 1.641774e-05 0.000000e+00 0.000000e+00 2.159284e-06 1.172146e-05 0.000000e+00 7.032385e-05 0.000000e+00 0.000000e+00 
8.000000e-01 7.523624e-07 4.082883e-06 0.000000e+00 2.449340e-05 0.000000e+00 0.000000e+00 2.819253e-06 1.530150e-05 0.000000e+00 9.179959e-05 0.000000e+00 0.000000e+00 
9.000000e-01 1.070944e-06 5.810835e-06 0.000000e+00 3.485797e-05 0.000000e+00 0.000000e+00 3.566608e-06 1.935421e-05 0.000000e+00 1.161092e-04 0.000000e+00 0.000000e+00 
1.000000e+00 1.468585e-06 7.967845e-06 0.000000e+00 4.779649e-05 0.000000e+00 0.000000e+00 4.401113e-06 2.387785e-05 0.000000e+00 1.432416e-04 0.000000e+00 0.000000e+00 
1.100000e+00 1.953985e-06 1.060107e-05 0.000000e+00 6.359187e-05 0.000000e+00 0.000000e+00 5.322551e-06 2.887046e-05 0.000000e+00 1.731842e-04 0.000000e+00 0.000000e+00 
1.200000e+00 2.535827e-06 1.375735e-05 0.000000e+00 8.252493e-05 0.000000e+00 0.000000e+00 6.330726e-06 3.432994e-05 0.000000e+00 2.059231e-04 0.000000e+00 0.000000e+00 
1.300000e+00 3.222787e-06 1.748326e-05 0.000000e+00 1.048744e-04 0.000000e+00 0.000000e+00 7.425460e-06 4.025398e-05 0.000000e+00 2.414428e-04 0.000000e+00 0.000000e+00 
1.400000e+00 4.023525e-06 2.182503e-05 0.000000e+00 1.309170e-04 0.000000e+00 0.000000e+00 8.606593e-06 4.664010e-05 0.000000e+00 2.797266e-04 0.000000e+00 0.000000e+00 
1.500000e+00 4.946690e-06 2.682863e-05 0.000000e+00 1.609271e-04 0.000000e+00 0.000000e+00 9.873987e-06 5.348564e-05 0.000000e+00 3.207563e-04 0.000000e+00 0.000000e+00 
1.600000e+00 6.000921e-06 3.253970e-05 0.000000e+00 1.951773e-04 0.000000e+00 0.000000e+00 1.122752e-05 6.078778e-05 0.000000e+00 3.645124e-04 0.000000e+00 0.000000e+00 
1.700000e+00 7.194844e-06 3.900360e-05 0.000000e+00 2.339378e-04 0.000000e+00 0.000000e+00 1.266709e-05 6.854348e-05 0.000000e+00 4.109737e-04 0.000000e+00 0.000000e+00 
1.800000e+00 8.537071e-06 4.626537e-05 0.000000e+00 2.774770e-04 0.000000e+00 0.000000e+00 1.419262e-05 7.674956e-05 0.000000e+00 4.601179e-04 0.000000e+00 0.000000e+00 
1.900000e+00 1.003621e-05 5.436976e-05 0.000000e+00 3.260610e-04 0.000000e+00 0.000000e+00 1.580405e-05 8.540263e-05 0.000000e+00 5.119212e-04 0.000000e+00 0.000000e+00 
2.000000e+00 1.170084e-05 6.336123e-05 0.000000e+00 3.799538e-04 0.000000e+00 0.000000e+00 1.750133e-05 9.449915e-05 0.000000e+00 5.663583e-04 0.000000e+00 0.000000e+00 
2.100000e+00 1.353954e-05 7.328393e-05 0.000000e+00 4.394175e-04 0.000000e+00 0.000000e+00 1.928443e-05 1.040354e-04 0.000000e+00 6.234026e-04 0.000000e+00 0.000000e+00 
2.200000e+00 1.556089e-05 8.418169e-05 0.000000e+00 5.047118e-04 0.000000e+00 0.000000e+00 2.115336e-05 1.140074e-04 0.000000e+00 6.830260e-04 0.000000e+00 0.000000e+00 
2.300000e+00 1.777343e-05 9.609807e-05 0.000000e+00 5.760946e-04 0.000000e+00 0.000000e+00 2.310812e-05 1.244111e-04 0.000000e+00 7.451990e-04 0.000000e+00 0.000000e+00 
2.400000e+00 2.018571e-05 1.090763e-04 0.000000e+00 6.538215e-04 0.000000e+00 0.000000e+00 2.514876e-05 1.352422e-04 0.000000e+00 8.098908e-04 0.000000e+00 0.000000e+00 
2.500000e+00 2.280625e-05 1.231594e-04 0.000000e+00 7.381461e-04 0.000000e+00 0.000000e+00 2.727531e-05 1.464963e-04 0.000000e+00 8.770690e-04 0.000000e+00 0.000000e+00 
2.600000e+00 2.564377e-05 1.383888e-04 0.000000e+00 8.293112e-04 0.000000e+00 0.000000e+00 2.948796e-05 1.581689e-04 0.000000e+00 9.467004e-04 0.000000e+00 0.000000e+00 
2.700000e+00 2.870691e-05 1.548059e-04 0.000000e+00 9.275576e-04 0.000000e+00 0.000000e+00 3.178695e-05 1.702552e-04 0.000000e+00 1.018750e-03 0.000000e+00 0.000000e+00 
2.800000e+00 3.200426e-05 1.724521e-04 0.000000e+00 1.033128e-03 0.000000e+00 0.000000e+00 3.417252e-05 1.827504e-04 0.000000e+00 1.093180e-03 0.000000e+00 0.000000e+00 
2.900000e+00 3.554444e-05 1.913683e-04 0.000000e+00 1.146261e-03 0.000000e+00 0.000000e+00 3.664496e-05 1.956493e-04 0.000000e+00 1.169953e-03 0.000000e+00 0.000000e+00 
3.000000e+00 3.933612e-05 2.115946e-04 0.000000e+00 1.267189e-03 0.000000e+00 0.000000e+00 3.920460e-05 2.089469e-04 0.000000e+00 1.249030e-03 0.000000e+00 0.000000e+00 
3.100000e+00 4.338805e-05 2.331708e-04 0.000000e+00 1.396142e-03 0.000000e+00 0.000000e+00 4.185183e-05 2.226377e-04 0.000000e+00 1.330370e-03 0.000000e+00 0.000000e+00 
3.200000e+00 4.770903e-05 2.561358e-04 0.000000e+00 1.533343e-03 0.000000e+00 0.000000e+00 4.458705e-05 2.367162e-04 0.000000e+00 1.413931e-03 0.000000e+00 0.000000e+00 
3.300000e+00 5.230791e-05 2.805280e-04 0.000000e+00 1.679012e-03 0.000000e+00 0.000000e+00 4.741075e-05 2.511768e-04 0.000000e+00 1.499669e-03 0.000000e+00 0.000000e+00 
3.400000e+00 5.719358e-05 3.063853e-04 0.000000e+00 1.833362e-03 0.000000e+00 0.000000e+00 5.032342e-05 2.660138e-04 0.000000e+00 1.587540e-03 0.000000e+00 0.000000e+00 
3.500000e+00 6.237502e-05 3.337449e-04 0.000000e+00 1.996605e-03 0.000000e+00 0.000000e+00 5.332561e-05 2.812210e-04 0.000000e+00 1.677498e-03 0.000000e+00 0.000000e+00 
3.600000e+00 6.786124e-05 3.626434e-04 0.000000e+00 2.168945e-03 0.000000e+00 0.000000e+00 5.641793e-05 2.967926e-04 0.000000e+00 1.769495e-03 0.000000e+00 0.000000e+00 
3.700000e+00 7.366132e-05 3.931168e-04 0.000000e+00 2.350583e-03 0.000000e+00 0.000000e+00 5.960100e-05 3.127221e-04 0.000000e+00 1.863484e-03 0.000000e+00 0.000000e+00 
3.800000e+00 7.978439e-05 4.252005e-04 0.000000e+00 2.541715e-03 0.000000e+00 0.000000e+00 6.287551e-05 3.290033e-04 0.000000e+00 1.959414e-03 0.000000e+00 0.000000e+00 
3.900000e+00 8.623963e-05 4.589292e-04 0.000000e+00 2.742532e-03 0.000000e+00 0.000000e+00 6.624219e-05 3.456295e-04 0.000000e+00 2.057235e-03 0.000000e+00 0.000000e+00 
4.000000e+00 9.303629e-05 4.943372e-04 0.000000e+00 2.953220e-03 0.000000e+00 0.000000e+00 6.970180e-05 3.625942e-04 0.000000e+00 2.156893e-03 0.000000e+00 0.000000e+00 
4.100000e+00 1.001837e-04 5.314580e-04 0.000000e+00 3.173961e-03 0.000000e+00 0.000000e+00 7.325517e-05 3.798905e-04 0.000000e+00 2.258336e-03 0.000000e+00 0.000000e+00 
4.200000e+00 1.076911e-04 5.703247e-04 0.000000e+00 3.404932e-03 0.000000e+00 0.000000e+00 7.690314e-05 3.975113e-04 0.000000e+00 2.361507e-03 0.000000e+00 0.000000e+00 
4.300000e+00 1.155680e-04 6.109695e-04 0.000000e+00 3.646306e-03 0.000000e+00 0.000000e+00 8.064661e-05 4.154496e-04 0.000000e+00 2.466351e-03 0.000000e+00 0.000000e+00 
4.400000e+00 1.238239e-04 6.534242e-04 0.000000e+00 3.898250e-03 0.000000e+00 0.000000e+00 8.448650e-05 4.336981e-04 0.000000e+00 2.572811e-03 0.000000e+00 0.000000e+00 
4.500000e+00 1.324685e-04 6.977185e-04 0.000000e+00 4.160916e-03 0.000000e+00 0.000000e+00 8.842360e-05 4.522493e-04 0.000000e+00 2.680828e-03 0.000000e+00 0.000000e+00 
4.600000e+00 1.415116e-04 7.438826e-04 0.000000e+00 4.434458e-03 0.000000e+00 0.000000e+00 9.245892e-05 4.710958e-04 0.000000e+00 2.790345e-03 0.000000e+00 0.000000e+00 
4.700000e+00 1.509633e-04 7.919458e-04 0.000000e+00 4.719024e-03 0.000000e+00 0.000000e+00 9.659357e-05 4.902299e-04 0.000000e+00 2.901298e-03 0.000000e+00 0.000000e+00 
4.800000e+00 1.608334e-04 8.419367e-04 0.000000e+00 5.014757e-03 0.000000e+00 0.000000e+00 1.008286e-04 5.096436e-04 0.000000e+00 3.013626e-03 0.000000e+00 0.000000e+00 
4.900000e+00 1.711321e-04 8.938830e-04 0.000000e+00 5.321790e-03 0.000000e+00 0.000000e+00 1.051651e-04 5.293291e-04 0.000000e+00 3.127267e-03 0.000000e+00 0.000000e+00 
5.000000e+00 1.818696e-04 9.478115e-04 0.000000e+00 5.640253e-03 0.000000e+00 0.000000e+00 1.096041e-04 5.492782e-04 0.000000e+00 3.242156e-03 0.000000e+00 0.000000e+00 
5.100000e+00 1.930562e-04 1.003748e-03 0.000000e+00 5.970266e-03 0.000000e+00 0.000000e+00 1.141466e-04 5.694826e-04 0.000000e+00 3.358229e-03 0.000000e+00 0.000000e+00 
5.200000e+00 2.047024e-04 1.061718e-03 0.000000e+00 6.311944e-03 0.000000e+00 0.000000e+00 1.187937e-04 5.899338e-04 0.000000e+00 3.475420e-03 0.000000e+00 0.000000e+00 
5.300000e+00 2.168186e-04 1.121745e-03 0.000000e+00 6.665395e-03 0.000000e+00 0.000000e+00 1.235464e-04 6.106234e-04 0.000000e+00 3.593663e-03 0.000000e+00 0.000000e+00 
5.400000e+00 2.294154e-04 1.183852e-03 0.000000e+00 7.030721e-03 0.000000e+00 0.000000e+00 1.284056e-04 6.315425e-04 0.000000e+00 3.712890e-03 0.000000e+00 0.000000e+00 
5.500000e+00 2.425035e-04 1.248062e-03 0.000000e+00 7.408014e-03 0.000000e+00 0.000000e+00 1.333725e-04 6.526824e-04 0.000000e+00 3.833035e-03 0.000000e+00 0.000000e+00 
5.600000e+00 2.560937e-04 1.314397e-03 0.000000e+00 7.797364e-03 0.000000e+00 0.000000e+00 1.384478e-04 6.740338e-04 0.000000e+00 3.954028e-03 0.000000e+00 0.000000e+00 
5.700000e+00 2.701970e-04 1.382877e-03 0.000000e+00 8.198851e-03 0.000000e+00 0.000000e+00 1.436327e-04 6.955878e-04 0.000000e+00 4.075798e-03 0.000000e+00 0.000000e+00 
5.800000e+00 2.848242e-04 1.453521e-03 0.000000e+00 8.612549e-03 0.000000e+00 0.000000e+00 1.489280e-04 7.173349e-04 0.000000e+00 4.198277e-03 0.000000e+00 0.000000e+00 
5.900000e+00 2.999865e-04 1.526349e-03 0.000000e+00 9.038524e-03 0.000000e+00 0.000000e+00 1.543347e-04 7.392657e-04 0.000000e+00 4.321391e-03 0.000000e+00 0.000000e+00 
6.000000e+00 3.156950e-04 1.601379e-03 0.000000e+00 9.476839e-03 0.000000e+00 0.000000e+00 1.598537e-04 7.613705e-04 0.000000e+00 4.445069e-03 0.000000e+00 0.000000e+00 
6.100000e+00 3.319611e-04 1.678627e-03 0.000000e+00 9.927546e-03 0.000000e+00 0.000000e+00 1.654860e-04 7.836396e-04 0.000000e+00 4.569238e-03 0.000000e+00 0.000000e+00 
6.200000e+00 3.487961e-04 1.758111e-03 0.000000e+00 1.039069e-02 0.000000e+00 0.000000e+00 1.712324e-04 8.060630e-04 0.000000e+00 4.693824e-03 0.000000e+00 0.000000e+00 
6.300000e+00 3.662113e-04 1.839844e-03 0.000000e+00 1.086632e-02 0.000000e+00 0.000000e+00 1.770938e-04 8.286307e-04 0.000000e+00 4.818753e-03 0.000000e+00 0.000000e+00 
6.400000e+00 3.842179e-04 1.923840e-03 0.000000e+00 1.135445e-02 0.000000e+00 0.000000e+00 1.830705e-04 8.513325e-04 0.000000e+00 4.943952e-03 0.000000e+00 0.000000e+00 
6.500000e+00 4.028276e-04 2.010113e-03 0.000000e+00 1.185512e-02 0.000000e+00 0.000000e+00 1.891633e-04 8.741581e-04 0.000000e+00 5.069346e-03 0.000000e+00 0.000000e+00 
6.600000e+00 4.220524e-04 2.098674e-03 0.000000e+00 1.236833e-02 0.000000e+00 0.000000e+00 1.953727e-04 8.970967e-04 0.000000e+00 5.194859e-03 0.000000e+00 0.000000e+00 
6.700000e+00 4.419042e-04 2.189534e-03 0.000000e+00 1.289409e-02 0.000000e+00 0.000000e+00 2.016995e-04 9.201376e-04 0.000000e+00 5.320414e-03 0.000000e+00 0.000000e+00 
6.800000e+00 4.623950e-04 2.282703e-03 0.000000e+00 1.343241e-02 0.000000e+00 0.000000e+00 2.081441e-04 9.432700e-04 0.000000e+00 5.445934e-03 0.000000e+00 0.000000e+00 
6.900000e+00 4.835366e-04 2.378190e-03 0.000000e+00 1.398327e-02 0.000000e+00 0.000000e+00 2.147069e-04 9.664828e-04 0.000000e+00 5.571342e-03 0.000000e+00 0.000000e+00 
7.000000e+00 5.053407e-04 2.476003e-03 0.000000e+00 1.454667e-02 0.000000e+00 0.000000e+00 2.213880e-04 9.897649e-04 0.000000e+00 5.696561e-03 0.000000e+00 0.000000e+00 
7.100000e+00 5.278193e-04 2.576147e-03 0.000000e+00 1.512258e-02 0.000000e+00 0.000000e+00 2.281875e-04 1.013105e-03 0.000000e+00 5.821516e-03 0.000000e+00 0.000000e+00 
7.200000e+00 5.509840e-04 2.678627e-03 0.000000e+00 1.571096e-02 0.000000e+00 0.000000e+00 2.351055e-04 1.036492e-03 0.000000e+00 5.946128e-03 0.000000e+00 0.000000e+00 
7.300000e+00 5.748466e-04 2.783449e-03 0.000000e+00 1.631179e-02 0.000000e+00 0.000000e+00 2.421417e-04 1.059914e-03 0.000000e+00 6.070322e-03 0.000000e+00 0.000000e+00 
7.400000e+00 5.994188e-04 2.890614e-03 0.000000e+00 1.692501e-02 0.000000e+00 0.000000e+00 2.492958e-04 1.083359e-03 0.000000e+00 6.194021e-03 0.000000e+00 0.000000e+00 
7.500000e+00 6.247121e-04 3.000123e-03 0.000000e+00 1.755057e-02 0.000000e+00 0.000000e+00 2.565676e-04 1.106815e-03 0.000000e+00 6.317149e-03 0.000000e+00 0.000000e+00 
7.600000e+00 6.507382e-04 3.111979e-03 0.000000e+00 1.818842e-02 0.000000e+00 0.000000e+00 2.639563e-04 1.130272e-03 0.000000e+00 6.439628e-03 0.000000e+00 0.000000e+00 
7.700000e+00 6.775087e-04 3.226179e-03 0.000000e+00 1.883847e-02 0.000000e+00 0.000000e+00 2.714615e-04 1.153716e-03 0.000000e+00 6.561381e-03 0.000000e+00 0.000000e+00 
7.800000e+00 7.050351e-04 3.342722e-03 0.000000e+00 1.950067e-02 0.000000e+00 0.000000e+00 2.790822e-04 1.177135e-03 0.000000e+00 6.682334e-03 0.000000e+00 0.000000e+00 
7.900000e+00 7.333289e-04 3.461604e-03 0.000000e+00 2.017491e-02 0.000000e+00 0.000000e+00 2.868176e-04 1.200517e-03 0.000000e+00 6.802408e-03 0.000000e+00 0.000000e+00 
8.000000e+00 7.624015e-04 3.582822e-03 0.000000e+00 2.086112e-02 0.000000e+00 0.000000e+00 2.946666e-04 1.223849e-03 0.000000e+00 6.921527e-03 0.000000e+00 0.000000e+00 
8.100000e+00 7.922645e-04 3.706370e-03 0.000000e+00 2.155918e-02 0.000000e+00 0.000000e+00 3.026282e-04 1.247119e-03 0.000000e+00 7.039614e-03 0.000000e+00 0.000000e+00 
8.200000e+00 8.229291e-04 3.832241e-03 0.000000e+00 2.226900e-02 0.000000e+00 0.000000e+00 3.107010e-04 1.270315e-03 0.000000e+00 7.156594e-03 0.000000e+00 0.000000e+00 
8.300000e+00 8.544067e-04 3.960428e-03 0.000000e+00 2.299046e-02 0.000000e+00 0.000000e+00 3.188835e-04 1.293422e-03 0.000000e+00 7.272388e-03 0.000000e+00 0.000000e+00 
8.400000e+00 8.867082e-04 4.090922e-03 0.000000e+00 2.372344e-02 0.000000e+00 0.000000e+00 3.271744e-04 1.316429e-03 0.000000e+00 7.386924e-03 0.000000e+00 0.000000e+00 
8.500000e+00 9.198416e-04 4.223712e-03 0.000000e+00 2.446783e-02 0.000000e+00 0.000000e+00 3.355715e-04 1.339325e-03 0.000000e+00 7.500137e-03 0.000000e+00 0.000000e+00 
8.600000e+00 9.538182e-04 4.358787e-03 0.000000e+00 2.522349e-02 0.000000e+00 0.000000e+00 3.440728e-04 1.362095e-03 0.000000e+00 7.611951e-03 0.000000e+00 0.000000e+00 
8.700000e+00 9.886493e-04 4.496132e-03 0.000000e+00 2.599027e-02 0.000000e+00 0.000000e+00 3.526761e-04 1.384726e-03 0.000000e+00 7.722290e-03 0.000000e+00 0.000000e+00 
8.800000e+00 1.024346e-03 4.635733e-03 0.000000e+00 2.676800e-02 0.000000e+00 0.000000e+00 3.613788e-04 1.407204e-03 0.000000e+00 7.831077e-03 0.000000e+00 0.000000e+00 
8.900000e+00 1.060918e-03 4.777573e-03 0.000000e+00 2.755653e-02 0.000000e+00 0.000000e+00 3.701784e-04 1.429515e-03 0.000000e+00 7.938240e-03 0.000000e+00 0.000000e+00 
9.000000e+00 1.098377e-03 4.921635e-03 0.000000e+00 2.835567e-02 0.000000e+00 0.000000e+00 3.790721e-04 1.451646e-03 0.000000e+00 8.043706e-03 0.000000e+00 0.000000e+00 
9.100000e+00 1.136731e-03 5.067900e-03 0.000000e+00 2.916527e-02 0.000000e+00 0.000000e+00 3.880567e-04 1.473583e-03 0.000000e+00 8.147404e-03 0.000000e+00 0.000000e+00 
9.200000e+00 1.175990e-03 5.216347e-03 0.000000e+00 2.998512e-02 0.000000e+00 0.000000e+00 3.971292e-04 1.495313e-03 0.000000e+00 8.249266e-03 0.000000e+00 0.000000e+00 
9.300000e+00 1.216162e-03 5.366955e-03 0.000000e+00 3.081505e-02 0.000000e+00 0.000000e+00 4.062863e-04 1.516821e-03 0.000000e+00 8.349223e-03 0.000000e+00 0.000000e+00 
9.400000e+00 1.257255e-03 5.519702e-03 0.000000e+00 3.165487e-02 0.000000e+00 0.000000e+00 4.155242e-04 1.538095e-03 0.000000e+00 8.447210e-03 0.000000e+00 0.000000e+00 
9.500000e+00 1.299278e-03 5.674563e-03 0.000000e+00 3.250436e-02 0.000000e+00 0.000000e+00 4.248395e-04 1.559122e-03 0.000000e+00 8.543162e-03 0.000000e+00 0.000000e+00 
9.600000e+00 1.342237e-03 5.831513e-03 0.000000e+00 3.336334e-02 0.000000e+00 0.000000e+00 4.342280e-04 1.579888e-03 0.000000e+00 8.637016e-03 0.000000e+00 0.000000e+00 
9.700000e+00 1.386139e-03 5.990526e-03 0.000000e+00 3.423159e-02 0.000000e+00 0.000000e+00 4.436858e-04 1.600380e-03 0.000000e+00 8.728711e-03 0.000000e+00 0.000000e+00 
9.800000e+00 1.430990e-03 6.151573e-03 0.000000e+00 3.510889e-02 0.000000e+00 0.000000e+00 4.532086e-04 1.620585e-03 0.000000e+00 8.818186e-03 0.000000e+00 0.000000e+00 
9.900000e+00 1.476797e-03 6.314626e-03 0.000000e+00 3.599502e-02 0.000000e+00 0.000000e+00 4.627919e-04 1.640491e-03 0.000000e+00 8.905385e-03 0.000000e+00 0.000000e+00 
1.000000e+01 1.523565e-03 6.479653e-03 0.000000e+00 3.688976e-02 0.000000e+00 0.000000e+00 4.724311e-04 1.660084e-03 0.000000e+00 8.990249e-03 0.000000e+00 0.000000e+00 
1.010000e+01 1.571299e-03 6.646625e-03 0.000000e+00 3.779287e-02 0.000000e+00 0.000000e+00 4.821214e-04 1.679352e-03 0.000000e+00 9.072724e-03 0.000000e+00 0.000000e+00 
1.020000e+01 1.620003e-03 6.815506e-03 0.000000e+00 3.870412e-02 0.000000e+00 0.000000e+00 4.918577e-04 1.698283e-03 0.000000e+00 9.152756e-03 0.000000e+00 0.000000e+00 
1.030000e+01 1.669681e-03 6.986264e-03 0.000000e+00 3.962325e-02 0.000000e+00 0.000000e+00 5.016350e-04 1.716863e-03 0.000000e+00 9.230292e-03 0.000000e+00 0.000000e+00 
1.040000e+01 1.720338e-03 7.158863e-03 0.000000e+00 4.055003e-02 0.000000e+00 0.000000e+00 5.114479e-04 1.735080e-03 0.000000e+00 9.305283e-03 0.000000e+00 0.000000e+00 
1.050000e+01 1.771975e-03 7.333265e-03 0.000000e+00 4.148419e-02 0.000000e+00 0.000000e+00 5.212908e-04 1.752922e-03 0.000000e+00 9.377678e-03 0.000000e+00 0.000000e+00 
1.060000e+01 1.824596e-03 7.509433e-03 0.000000e+00 4.242547e-02 0.000000e+00 0.000000e+00 5.311580e-04 1.770376e-03 0.000000e+00 9.447431e-03 0.000000e+00 0.000000e+00 
1.070000e+01 1.878203e-03 7.687328e-03 0.000000e+00 4.337360e-02 0.000000e+00 0.000000e+00 5.410436e-04 1.787431e-03 0.000000e+00 9.514496e-03 0.000000e+00 0.000000e+00 
1.080000e+01 1.932798e-03 7.866908e-03 0.000000e+00 4.432833e-02 0.000000e+00 0.000000e+00 5.509416e-04 1.804074e-03 0.000000e+00 9.578828e-03 0.000000e+00 0.000000e+00 
1.090000e+01 1.988381e-03 8.048132e-03 0.000000e+00 4.528935e-02 0.000000e+00 0.000000e+00 5.608456e-04 1.820293e-03 0.000000e+00 9.640383e-03 0.000000e+00 0.000000e+00 
1.100000e+01 2.044954e-03 8.230957e-03 0.000000e+00 4.625640e-02 0.000000e+00 0.000000e+00 5.707492e-04 1.836076e-03 0.000000e+00 9.699122e-03 0.000000e+00 0.000000e+00 
1.110000e+01 2.102518e-03 8.415337e-03 0.000000e+00 4.722918e-02 0.000000e+00 0.000000e+00 5.806458e-04 1.851411e-03 0.000000e+00 9.755004e-03 0.000000e+00 0.000000e+00 
1.120000e+01 2.161071e-03 8.601228e-03 0.000000e+00 4.820739e-02 0.000000e+00 0.000000e+00 5.905285e-04 1.866287e-03 0.000000e+00 9.807990e-03 0.000000e+00 0.000000e+00 
1.130000e+01 2.220614e-03 8.788583e-03 0.000000e+00 4.919075e-02 0.000000e+00 0.000000e+00 6.003905e-04 1.880692e-03 0.000000e+00 9.858045e-03 0.000000e+00 0.000000e+00 
1.140000e+01 2.281145e-03 8.977353e-03 0.000000e+00 5.017894e-02 0.000000e+00 0.000000e+00 6.102249e-04 1.894616e-03 0.000000e+00 9.905135e-03 0.000000e+00 0.000000e+00 
1.150000e+01 2.342658e-03 9.167496e-03 0.000000e+00 5.117171e-02 0.000000e+00 0.000000e+00 6.200258e-04 1.908049e-03 0.000000e+00 9.949238e-03 0.000000e+00 0.000000e+00 
1.160000e+01 2.405150e-03 9.358959e-03 0.000000e+00 5.216875e-02 0.000000e+00 0.000000e+00 6.297859e-04 1.920983e-03 0.000000e+00 9.990330e-03 0.000000e+00 0.000000e+00 
1.170000e+01 2.468615e-03 9.551690e-03 0.000000e+00 5.316976e-02 0.000000e+00 0.000000e+00 6.394975e-04 1.933407e-03 0.000000e+00 1.002839e-02 0.000000e+00 0.000000e+00 
1.180000e+01 2.533049e-03 9.745638e-03 0.000000e+00 5.417441e-02 0.000000e+00 0.000000e+00 6.491529e-04 1.945312e-03 0.000000e+00 1.006338e-02 0.000000e+00 0.000000e+00 
1.190000e+01 2.598445e-03 9.940747e-03 0.000000e+00 5.518239e-02 0.000000e+00 0.000000e+00 6.587445e-04 1.956689e-03 0.000000e+00 1.009531e-02 0.000000e+00 0.000000e+00 
1.200000e+01 2.664797e-03 1.013696e-02 0.000000e+00 5.619340e-02 0.000000e+00 0.000000e+00 6.682648e-04 1.967529e-03 0.000000e+00 1.012413e-02 0.000000e+00 0.000000e+00 
1.210000e+01 2.732096e-03 1.033424e-02 0.000000e+00 5.720712e-02 0.000000e+00 0.000000e+00 6.777061e-04 1.977823e-03 0.000000e+00 1.014985e-02 0.000000e+00 0.000000e+00 
1.220000e+01 2.800335e-03 1.053251e-02 0.000000e+00 5.822325e-02 0.000000e+00 0.000000e+00 6.870609e-04 1.987566e-03 0.000000e+00 1.017245e-02 0.000000e+00 0.000000e+00 
1.230000e+01 2.869505e-03 1.073172e-02 0.000000e+00 5.924146e-02 0.000000e+00 0.000000e+00 6.963217e-04 1.996748e-03 0.000000e+00 1.019192e-02 0.000000e+00 0.000000e+00 
1.240000e+01 2.939596e-03 1.093183e-02 0.000000e+00 6.026146e-02 0.000000e+00 0.000000e+00 7.054810e-04 2.005364e-03 0.000000e+00 1.020826e-02 0.000000e+00 0.000000e+00 
1.250000e+01 3.010597e-03 1.113276e-02 0.000000e+00 6.128292e-02 0.000000e+00 0.000000e+00 7.145312e-04 2.013407e-03 0.000000e+00 1.022146e-02 0.000000e+00 0.000000e+00 
1.260000e+01 3.082498e-03 1.133447e-02 0.000000e+00 6.230554e-02 0.000000e+00 0.000000e+00 7.234650e-04 2.020872e-03 0.000000e+00 1.023152e-02 0.000000e+00 0.000000e+00 
1.270000e+01 3.155285e-03 1.153689e-02 0.000000e+00 6.332901e-02 0.000000e+00 0.000000e+00 7.322749e-04 2.027752e-03 0.000000e+00 1.023843e-02 0.000000e+00 0.000000e+00 
1.280000e+01 3.228947e-03 1.173998e-02 0.000000e+00 6.435302e-02 0.000000e+00 0.000000e+00 7.409534e-04 2.034044e-03 0.000000e+00 1.024222e-02 0.000000e+00 0.000000e+00 
1.290000e+01 3.303470e-03 1.194367e-02 0.000000e+00 6.537726e-02 0.000000e+00 0.000000e+00 7.494932e-04 2.039744e-03 0.000000e+00 1.024287e-02 0.000000e+00 0.000000e+00 
1.300000e+01 3.378840e-03 1.214790e-02 0.000000e+00 6.640142e-02 0.000000e+00 0.000000e+00 7.578869e-04 2.044846e-03 0.000000e+00 1.024041e-02 0.000000e+00 0.000000e+00 
1.310000e+01 3.455042e-03 1.235261e-02 0.000000e+00 6.742519e-02 0.000000e+00 0.000000e+00 7.661271e-04 2.049348e-03 0.000000e+00 1.023483e-02 0.000000e+00 0.000000e+00 
1.320000e+01 3.532059e-03 1.255774e-02 0.000000e+00 6.844826e-02 0.000000e+00 0.000000e+00 7.742065e-04 2.053247e-03 0.000000e+00 1.022616e-02 0.000000e+00 0.000000e+00 
1.330000e+01 3.609877e-03 1.276324e-02 0.000000e+00 6.947033e-02 0.000000e+00 0.000000e+00 7.821178e-04 2.056540e-03 0.000000e+00 1.021442e-02 0.000000e+00 0.000000e+00 
1.340000e+01 3.688477e-03 1.296904e-02 0.000000e+00 7.049109e-02 0.000000e+00 0.000000e+00 7.898536e-04 2.059226e-03 0.000000e+00 1.019961e-02 0.000000e+00 0.000000e+00 
1.350000e+01 3.767841e-03 1.317507e-02 0.000000e+00 7.151022e-02 0.000000e+00 0.000000e+00 7.974068e-04 2.061302e-03 0.000000e+00 1.018177e-02 0.000000e+00 0.000000e+00 
1.360000e+01 3.847952e-03 1.338129e-02 0.000000e+00 7.252742e-02 0.000000e+00 0.000000e+00 8.047701e-04 2.062768e-03 0.000000e+00 1.016091e-02 0.000000e+00 0.000000e+00 
1.370000e+01 3.928789e-03 1.358762e-02 0.000000e+00 7.354239e-02 0.000000e+00 0.000000e+00 8.119362e-04 2.063624e-03 0.000000e+00 1.013707e-02 0.000000e+00 0.000000e+00 
1.380000e+01 4.010332e-03 1.379401e-02 0.000000e+00 7.455481e-02 0.000000e+00 0.000000e+00 8.188979e-04 2.063868e-03 0.000000e+00 1.011027e-02 0.000000e+00 0.000000e+00 
1.390000e+01 4.092561e-03 1.400038e-02 0.000000e+00 7.556438e-02 0.000000e+00 0.000000e+00 8.256482e-04 2.063503e-03 0.000000e+00 1.008054e-02 0.000000e+00 0.000000e+00 
1.400000e+01 4.175457e-03 1.420669e-02 0.000000e+00 7.657084e-02 0.000000e+00 0.000000e+00 8.321819e-04 2.062527e-03 0.000000e+00 1.004792e-02 0.000000e+00 0.000000e+00 
1.410000e+01 4.258996e-03 1.441288e-02 0.000000e+00 7.757390e-02 0.000000e+00 0.000000e+00 8.384927e-04 2.060945e-03 0.000000e+00 1.001243e-02 0.000000e+00 0.000000e+00 
1.420000e+01 4.343156e-03 1.461888e-02 0.000000e+00 7.857327e-02 0.000000e+00 0.000000e+00 8.445741e-04 2.058757e-03 0.000000e+00 9.974124e-03 0.000000e+00 0.000000e+00 
1.430000e+01 4.427911e-03 1.482462e-02 0.000000e+00 7.956867e-02 0.000000e+00 0.000000e+00 8.504201e-04 2.055969e-03 0.000000e+00 9.933040e-03 0.000000e+00 0.000000e+00 
1.440000e+01 4.513239e-03 1.503006e-02 0.000000e+00 8.055982e-02 0.000000e+00 0.000000e+00 8.560246e-04 2.052583e-03 0.000000e+00 9.889224e-03 0.000000e+00 0.000000e+00 
1.450000e+01 4.599112e-03 1.523513e-02 0.000000e+00 8.154645e-02 0.000000e+00 0.000000e+00 8.613821e-04 2.048603e-03 0.000000e+00 9.842720e-03 0.000000e+00 0.000000e+00 
1.460000e+01 4.685508e-03 1.543976e-02 0.000000e+00 8.252828e-02 0.000000e+00 0.000000e+00 8.664873e-04 2.044034e-03 0.000000e+00 9.793575e-03 0.000000e+00 0.000000e+00 
1.470000e+01 4.772400e-03 1.564391e-02 0.000000e+00 8.350507e-02 0.000000e+00 0.000000e+00 8.713349e-04 2.038881e-03 0.000000e+00 9.741840e-03 0.000000e+00 0.000000e+00 
1.480000e+01 4.859762e-03 1.584751e-02 0.000000e+00 8.447654e-02 0.000000e+00 0.000000e+00 8.759202e-04 2.033149e-03 0.000000e+00 9.687563e-03 0.000000e+00 0.000000e+00 
1.490000e+01 4.947568e-03 1.605051e-02 0.000000e+00 8.544245e-02 0.000000e+00 0.000000e+00 8.802386e-04 2.026845e-03 0.000000e+00 9.630797e-03 0.000000e+00 0.000000e+00 
1.500000e+01 5.035792e-03 1.625285e-02 0.000000e+00 8.640257e-02 0.000000e+00 0.000000e+00 8.842858e-04 2.019975e-03 0.000000e+00 9.571594e-03 0.000000e+00 0.000000e+00 
1.510000e+01 5.124406e-03 1.645447e-02 0.000000e+00 8.735664e-02 0.000000e+00 0.000000e+00 8.880578e-04 2.012544e-03 0.000000e+00 9.510009e-03 0.000000e+00 0.000000e+00 
1.520000e+01 5.213383e-03 1.665532e-02 0.000000e+00 8.830443e-02 0.000000e+00 0.000000e+00 8.915509e-04 2.004562e-03 0.000000e+00 9.446097e-03 0.000000e+00 0.000000e+00 
1.530000e+01 5.302696e-03 1.685535e-02 0.000000e+00 8.924573e-02 0.000000e+00 0.000000e+00 8.947615e-04 1.996035e-03 0.000000e+00 9.379918e-03 0.000000e+00 0.000000e+00 
1.540000e+01 5.392317e-03 1.705450e-02 0.000000e+00 9.018029e-02 0.000000e+00 0.000000e+00 8.976865e-04 1.986970e-03 0.000000e+00 9.311528e-03 0.000000e+00 0.000000e+00 
1.550000e+01 5.482217e-03 1.725271e-02 0.000000e+00 9.110792e-02 0.000000e+00 0.000000e+00 9.003228e-04 1.977378e-03 0.000000e+00 9.240990e-03 0.000000e+00 0.000000e+00 
1.560000e+01 5.572367e-03 1.744995e-02 0.000000e+00 9.202840e-02 0.000000e+00 0.000000e+00 9.026679e-04 1.967267e-03 0.000000e+00 9.168364e-03 0.000000e+00 0.000000e+00 
1.570000e+01 5.662739e-03 1.764615e-02 0.000000e+00 9.294152e-02 0.000000e+00 0.000000e+00 9.047193e-04 1.956646e-03 0.000000e+00 9.093715e-03 0.000000e+00 0.000000e+00 
1.580000e+01 5.753302e-03 1.784126e-02 0.000000e+00 9.384709e-02 0.000000e+00 0.000000e+00 9.064748e-04 1.945525e-03 0.000000e+00 9.017106e-03 0.000000e+00 0.000000e+00 
1.590000e+01 5.844028e-03 1.803524e-02 0.000000e+00 9.474490e-02 0.000000e+00 0.000000e+00 9.079326e-04 1.933915e-03 0.000000e+00 8.938604e-03 0.000000e+00 0.000000e+00 
1.600000e+01 5.934885e-03 1.822804e-02 0.000000e+00 9.563478e-02 0.000000e+00 0.000000e+00 9.090911e-04 1.921826e-03 0.000000e+00 8.858278e-03 0.000000e+00 0.000000e+00 
1.610000e+01 6.025844e-03 1.841960e-02 0.000000e+00 9.651655e-02 0.000000e+00 0.000000e+00 9.099489e-04 1.909270e-03 0.000000e+00 8.776195e-03 0.000000e+00 0.000000e+00 
1.620000e+01 6.116873e-03 1.860989e-02 0.000000e+00 9.739002e-02 0.000000e+00 0.000000e+00 9.105051e-04 1.896257e-03 0.000000e+00 8.692428e-03 0.000000e+00 0.000000e+00 
1.630000e+01 6.207942e-03 1.879885e-02 0.000000e+00 9.825502e-02 0.000000e+00 0.000000e+00 9.107587e-04 1.882801e-03 0.000000e+00 8.607047e-03 0.000000e+00 0.000000e+00 
1.640000e+01 6.299018e-03 1.898644e-02 0.000000e+00 9.911139e-02 0.000000e+00 0.000000e+00 9.107092e-04 1.868913e-03 0.000000e+00 8.520125e-03 0.000000e+00 0.000000e+00 
1.650000e+01 6.390077e-03 1.917262e-02 0.000000e+00 9.995899e-02 0.000000e+00 0.000000e+00 9.103563e-04 1.854603e-03 0.000000e+00 8.431719e-03 0.000000e+00 0.000000e+00 
1.660000e+01 6.481086e-03 1.935735e-02 0.000000e+00 1.007977e-01 0.000000e+00 0.000000e+00 9.097006e-04 1.839884e-03 0.000000e+00 8.341902e-03 0.000000e+00 0.000000e+00 
1.670000e+01 6.572015e-03 1.954058e-02 0.000000e+00 1.016273e-01 0.000000e+00 0.000000e+00 9.087429e-04 1.824768e-03 0.000000e+00 8.250746e-03 0.000000e+00 0.000000e+00 
1.680000e+01 6.662833e-03 1.972229e-02 0.000000e+00 1.024477e-01 0.000000e+00 0.000000e+00 9.074844e-04 1.809270e-03 0.000000e+00 8.158326e-03 0.000000e+00 0.000000e+00 
1.690000e+01 6.753509e-03 1.990243e-02 0.000000e+00 1.032589e-01 0.000000e+00 0.000000e+00 9.059264e-04 1.793403e-03 0.000000e+00 8.064714e-03 0.000000e+00 0.000000e+00 
1.700000e+01 6.844012e-03 2.008096e-02 0.000000e+00 1.040606e-01 0.000000e+00 0.000000e+00 9.040706e-04 1.777181e-03 0.000000e+00 7.969983e-03 0.000000e+00 0.000000e+00 
1.710000e+01 6.934314e-03 2.025785e-02 0.000000e+00 1.048528e-01 0.000000e+00 0.000000e+00 9.019188e-04 1.760616e-03 0.000000e+00 7.874204e-03 0.000000e+00 0.000000e+00 
1.720000e+01 7.024385e-03 2.043307e-02 0.000000e+00 1.056354e-01 0.000000e+00 0.000000e+00 8.994731e-04 1.743723e-03 0.000000e+00 7.777447e-03 0.000000e+00 0.000000e+00 
1.730000e+01 7.114195e-03 2.060658e-02 0.000000e+00 1.064083e-01 0.000000e+00 0.000000e+00 8.967358e-04 1.726514e-03 0.000000e+00 7.679783e-03 0.000000e+00 0.000000e+00 
1.740000e+01 7.203715e-03 2.077836e-02 0.000000e+00 1.071714e-01 0.000000e+00 0.000000e+00 8.937095e-04 1.709003e-03 0.000000e+00 7.581281e-03 0.000000e+00 0.000000e+00 
1.750000e+01 7.292918e-03 2.094837e-02 0.000000e+00 1.079246e-01 0.000000e+00 0.000000e+00 8.903971e-04 1.691203e-03 0.000000e+00 7.482008e-03 0.000000e+00 0.000000e+00 
1.760000e+01 7.381774e-03 2.111659e-02 0.000000e+00 1.086678e-01 0.000000e+00 0.000000e+00 8.868015e-04 1.673129e-03 0.000000e+00 7.382033e-03 0.000000e+00 0.000000e+00 
1.770000e+01 7.470257e-03 2.128299e-02 0.000000e+00 1.094010e-01 0.000000e+00 0.000000e+00 8.829261e-04 1.654792e-03 0.000000e+00 7.281423e-03 0.000000e+00 0.000000e+00 
1.780000e+01 7.558339e-03 2.144754e-02 0.000000e+00 1.101241e-01 0.000000e+00 0.000000e+00 8.787745e-04 1.636207e-03 0.000000e+00 7.180244e-03 0.000000e+00 0.000000e+00 
1.790000e+01 7.645992e-03 2.161023e-02 0.000000e+00 1.108371e-01 0.000000e+00 0.000000e+00 8.743504e-04 1.617388e-03 0.000000e+00 7.078561e-03 0.000000e+00 0.000000e+00 
1.800000e+01 7.733191e-03 2.177102e-02 0.000000e+00 1.115398e-01 0.000000e+00 0.000000e+00 8.696578e-04 1.598346e-03 0.000000e+00 6.976439e-03 0.000000e+00 0.000000e+00 
1.810000e+01 7.819908e-03 2.192989e-02 0.000000e+00 1.122324e-01 0.000000e+00 0.000000e+00 8.647011e-04 1.579096e-03 0.000000e+00 6.873942e-03 0.000000e+00 0.000000e+00 
1.820000e+01 7.906118e-03 2.208683e-02 0.000000e+00 1.129146e-01 0.000000e+00 0.000000e+00 8.594847e-04 1.559651e-03 0.000000e+00 6.771133e-03 0.000000e+00 0.000000e+00 
1.830000e+01 7.991796e-03 2.224181e-02 0.000000e+00 1.135866e-01 0.000000e+00 0.000000e+00 8.540134e-04 1.540024e-03 0.000000e+00 6.668075e-03 0.000000e+00 0.000000e+00 
1.840000e+01 8.076915e-03 2.239483e-02 0.000000e+00 1.142482e-01 0.000000e+00 0.000000e+00 8.482922e-04 1.520230e-03 0.000000e+00 6.564830e-03 0.000000e+00 0.000000e+00 
1.850000e+01 8.161452e-03 2.254585e-02 0.000000e+00 1.148995e-01 0.000000e+00 0.000000e+00 8.423262e-04 1.500280e-03 0.000000e+00 6.461458e-03 0.000000e+00 0.000000e+00 
1.860000e+01 8.245381e-03 2.269488e-02 0.000000e+00 1.155405e-01 0.000000e+00 0.000000e+00 8.361211e-04 1.480188e-03 0.000000e+00 6.358021e-03 0.000000e+00 0.000000e+00 
1.870000e+01 8.328678e-03 2.284189e-02 0.000000e+00 1.161711e-01 0.000000e+00 0.000000e+00 8.296825e-04 1.459968e-03 0.000000e+00 6.254577e-03 0.000000e+00 0.000000e+00 
1.880000e+01 8.411320e-03 2.298687e-02 0.000000e+00 1.167914e-01 0.000000e+00 0.000000e+00 8.230164e-04 1.439632e-03 0.000000e+00 6.151185e-03 0.000000e+00 0.000000e+00 
1.890000e+01 8.493282e-03 2.312981e-02 0.000000e+00 1.174013e-01 0.000000e+00 0.000000e+00 8.161290e-04 1.419195e-03 0.000000e+00 6.047904e-03 0.000000e+00 0.000000e+00 
1.900000e+01 8.574543e-03 2.327070e-02 0.000000e+00 1.180010e-01 0.000000e+00 0.000000e+00 8.090266e-04 1.398670e-03 0.000000e+00 5.944790e-03 0.000000e+00 0.000000e+00 
1.910000e+01 8.655081e-03 2.340954e-02 0.000000e+00 1.185903e-01 0.000000e+00 0.000000e+00 8.017141e-04 1.378066e-03 0.000000e+00 5.841893e-03 0.000000e+00 0.000000e+00 
1.920000e+01 8.734878e-03 2.354631e-02 0.000000e+00 1.191693e-01 0.000000e+00 0.000000e+00 7.941975e-04 1.357397e-03 0.000000e+00 5.739262e-03 0.000000e+00 0.000000e+00 
1.930000e+01 8.813914e-03 2.368101e-02 0.000000e+00 1.197381e-01 0.000000e+00 0.000000e+00 7.864838e-04 1.336673e-03 0.000000e+00 5.636946e-03 0.000000e+00 0.000000e+00 
1.940000e+01 8.892168e-03 2.381363e-02 0.000000e+00 1.202966e-01 0.000000e+00 0.000000e+00 7.785796e-04 1.315906e-03 0.000000e+00 5.534993e-03 0.000000e+00 0.000000e+00 
1.950000e+01 8.969623e-03 2.394418e-02 0.000000e+00 1.208450e-01 0.000000e+00 0.000000e+00 7.704919e-04 1.295109e-03 0.000000e+00 5.433449e-03 0.000000e+00 0.000000e+00 
1.960000e+01 9.046260e-03 2.407264e-02 0.000000e+00 1.213833e-01 0.000000e+00 0.000000e+00 7.622276e-04 1.274291e-03 0.000000e+00 5.332360e-03 0.000000e+00 0.000000e+00 
1.970000e+01 9.122062e-03 2.419903e-02 0.000000e+00 1.219115e-01 0.000000e+00 0.000000e+00 7.537934e-04 1.253464e-03 0.000000e+00 5.231768e-03 0.000000e+00 0.000000e+00 
1.980000e+01 9.197012e-03 2.432333e-02 0.000000e+00 1.224297e-01 0.000000e+00 0.000000e+00 7.451962e-04 1.232638e-03 0.000000e+00 5.131714e-03 0.000000e+00 0.000000e+00 
1.990000e+01 9.271095e-03 2.444556e-02 0.000000e+00 1.229379e-01 0.000000e+00 0.000000e+00 7.364427e-04 1.211824e-03 0.000000e+00 5.032240e-03 0.000000e+00 0.000000e+00 
2.000000e+01 9.344295e-03 2.456571e-02 0.000000e+00 1.234362e-01 0.000000e+00 0.000000e+00 7.275399e-04 1.191032e-03 0.000000e+00 4.933384e-03 0.000000e+00 0.000000e+00 
2.010000e+01 9.416598e-03 2.468378e-02 0.000000e+00 1.239246e-01 0.000000e+00 0.000000e+00 7.184945e-04 1.170271e-03 0.000000e+00 4.835182e-03 0.000000e+00 0.000000e+00 
2.020000e+01 9.487990e-03 2.479978e-02 0.000000e+00 1.244033e-01 0.000000e+00 0.000000e+00 7.093133e-04 1.149550e-03 0.000000e+00 4.737669e-03 0.000000e+00 0.000000e+00 
2.030000e+01 9.558457e-03 2.491370e-02 0.000000e+00 1.248723e-01 0.000000e+00 0.000000e+00 7.000031e-04 1.128880e-03 0.000000e+00 4.640880e-03 0.000000e+00 0.000000e+00 
2.040000e+01 9.627987e-03 2.502557e-02 0.000000e+00 1.253316e-01 0.000000e+00 0.000000e+00 6.905707e-04 1.108268e-03 0.000000e+00 4.544847e-03 0.000000e+00 0.000000e+00 
2.050000e+01 9.696567e-03 2.513537e-02 0.000000e+00 1.257814e-01 0.000000e+00 0.000000e+00 6.810229e-04 1.087724e-03 0.000000e+00 4.449600e-03 0.000000e+00 0.000000e+00 
2.060000e+01 9.764188e-03 2.524313e-02 0.000000e+00 1.262216e-01 0.000000e+00 0.000000e+00 6.713665e-04 1.067255e-03 0.000000e+00 4.355169e-03 0.000000e+00 0.000000e+00 
2.070000e+01 9.830838e-03 2.534884e-02 0.000000e+00 1.266525e-01 0.000000e+00 0.000000e+00 6.616082e-04 1.046870e-03 0.000000e+00 4.261580e-03 0.000000e+00 0.000000e+00 
2.080000e+01 9.896507e-03 2.545251e-02 0.000000e+00 1.270740e-01 0.000000e+00 0.000000e+00 6.517549e-04 1.026576e-03 0.000000e+00 4.168859e-03 0.000000e+00 0.000000e+00 
2.090000e+01 9.961186e-03 2.555416e-02 0.000000e+00 1.274863e-01 0.000000e+00 0.000000e+00 6.418132e-04 1.006382e-03 0.000000e+00 4.077032e-03 0.000000e+00 0.000000e+00 
2.100000e+01 1.002487e-02 2.565380e-02 0.000000e+00 1.278895e-01 0.000000e+00 0.000000e+00 6.317901e-04 9.862935e-04 0.000000e+00 3.986121e-03 0.000000e+00 0.000000e+00 
2.110000e+01 1.008754e-02 2.575142e-02 0.000000e+00 1.282835e-01 0.000000e+00 0.000000e+00 6.216921e-04 9.663182e-04 0.000000e+00 3.896146e-03 0.000000e+00 0.000000e+00 
2.120000e+01 1.014920e-02 2.584706e-02 0.000000e+00 1.286687e-01 0.000000e+00 0.000000e+00 6.115260e-04 9.464625e-04 0.000000e+00 3.807127e-03 0.000000e+00 0.000000e+00 
2.130000e+01 1.020985e-02 2.594071e-02 0.000000e+00 1.290449e-01 0.000000e+00 0.000000e+00 6.012987e-04 9.267329e-04 0.000000e+00 3.719083e-03 0.000000e+00 0.000000e+00 
2.140000e+01 1.026946e-02 2.603240e-02 0.000000e+00 1.294125e-01 0.000000e+00 0.000000e+00 5.910168e-04 9.071354e-04 0.000000e+00 3.632030e-03 0.000000e+00 0.000000e+00 
2.150000e+01 1.032805e-02 2.612213e-02 0.000000e+00 1.297713e-01 0.000000e+00 0.000000e+00 5.806871e-04 8.876758e-04 0.000000e+00 3.545983e-03 0.000000e+00 0.000000e+00 
2.160000e+01 1.038560e-02 2.620993e-02 0.000000e+00 1.301216e-01 0.000000e+00 0.000000e+00 5.703162e-04 8.683597e-04 0.000000e+00 3.460955e-03 0.000000e+00 0.000000e+00 
2.170000e+01 1.044211e-02 2.629580e-02 0.000000e+00 1.304635e-01 0.000000e+00 0.000000e+00 5.599110e-04 8.491923e-04 0.000000e+00 3.376958e-03 0.000000e+00 0.000000e+00 
2.180000e+01 1.049758e-02 2.637977e-02 0.000000e+00 1.307970e-01 0.000000e+00 0.000000e+00 5.494771e-04 8.301798e-04 0.000000e+00 3.294011e-03 0.000000e+00 0.000000e+00 
2.190000e+01 1.055200e-02 2.646184e-02 0.000000e+00 1.311223e-01 0.000000e+00 0.000000e+00 5.390204e-04 8.113269e-04 0.000000e+00 3.212124e-03 0.000000e+00 0.000000e+00 
2.200000e+01 1.060538e-02 2.654203e-02 0.000000e+00 1.314395e-01 0.000000e+00 0.000000e+00 5.285470e-04 7.926375e-04 0.000000e+00 3.131305e-03 0.000000e+00 0.000000e+00 
2.210000e+01 1.065770e-02 2.662036e-02 0.000000e+00 1.317486e-01 0.000000e+00 0.000000e+00 5.180628e-04 7.741156e-04 0.000000e+00 3.051557e-03 0.000000e+00 0.000000e+00 
2.220000e+01 1.070898e-02 2.669685e-02 0.000000e+00 1.320498e-01 0.000000e+00 0.000000e+00 5.075737e-04 7.557649e-04 0.000000e+00 2.972886e-03 0.000000e+00 0.000000e+00 
2.230000e+01 1.075921e-02 2.677151e-02 0.000000e+00 1.323432e-01 0.000000e+00 0.000000e+00 4.970855e-04 7.375891e-04 0.000000e+00 2.895297e-03 0.000000e+00 0.000000e+00 
2.240000e+01 1.080840e-02 2.684437e-02 0.000000e+00 1.326289e-01 0.000000e+00 0.000000e+00 4.866037e-04 7.195914e-04 0.000000e+00 2.818792e-03 0.000000e+00 0.000000e+00 
2.250000e+01 1.085653e-02 2.691544e-02 0.000000e+00 1.329070e-01 0.000000e+00 0.000000e+00 4.761340e-04 7.017754e-04 0.000000e+00 2.743376e-03 0.000000e+00 0.000000e+00 
2.260000e+01 1.090362e-02 2.698473e-02 0.000000e+00 1.331776e-01 0.000000e+00 0.000000e+00 4.656817e-04 6.841442e-04 0.000000e+00 2.669051e-03 0.000000e+00 0.000000e+00 
2.270000e+01 1.094967e-02 2.705227e-02 0.000000e+00 1.334408e-01 0.000000e+00 0.000000e+00 4.552521e-04 6.667008e-04 0.000000e+00 2.595820e-03 0.000000e+00 0.000000e+00 
2.280000e+01 1.099468e-02 2.711808e-02 0.000000e+00 1.336968e-01 0.000000e+00 0.000000e+00 4.448506e-04 6.494482e-04 0.000000e+00 2.523683e-03 0.000000e+00 0.000000e+00 
2.290000e+01 1.103865e-02 2.718218e-02 0.000000e+00 1.339456e-01 0.000000e+00 0.000000e+00 4.344821e-04 6.323892e-04 0.000000e+00 2.452642e-03 0.000000e+00 0.000000e+00 
2.300000e+01 1.108158e-02 2.724458e-02 0.000000e+00 1.341874e-01 0.000000e+00 0.000000e+00 4.241518e-04 6.155264e-04 0.000000e+00 2.382698e-03 0.000000e+00 0.000000e+00 
2.310000e+01 1.112349e-02 2.730530e-02 0.000000e+00 1.344223e-01 0.000000e+00 0.000000e+00 4.138645e-04 5.988624e-04 0.000000e+00 2.313850e-03 0.000000e+00 0.000000e+00 
2.320000e+01 1.116437e-02 2.736437e-02 0.000000e+00 1.346503e-01 0.000000e+00 0.000000e+00 4.036251e-04 5.823995e-04 0.000000e+00 2.246097e-03 0.000000e+00 0.000000e+00 
2.330000e+01 1.120422e-02 2.742180e-02 0.000000e+00 1.348716e-01 0.000000e+00 0.000000e+00 3.934382e-04 5.661400e-04 0.000000e+00 2.179439e-03 0.000000e+00 0.000000e+00 
2.340000e+01 1.124306e-02 2.747761e-02 0.000000e+00 1.350862e-01 0.000000e+00 0.000000e+00 3.833084e-04 5.500860e-04 0.000000e+00 2.113874e-03 0.000000e+00 0.000000e+00 
2.350000e+01 1.128089e-02 2.753183e-02 0.000000e+00 1.352944e-01 0.000000e+00 0.000000e+00 3.732403e-04 5.342395e-04 0.000000e+00 2.049400e-03 0.000000e+00 0.000000e+00 
2.360000e+01 1.131772e-02 2.758448e-02 0.000000e+00 1.354962e-01 0.000000e+00 0.000000e+00 3.632382e-04 5.186024e-04 0.000000e+00 1.986013e-03 0.000000e+00 0.000000e+00 
2.370000e+01 1.135355e-02 2.763557e-02 0.000000e+00 1.356917e-01 0.000000e+00 0.000000e+00 3.533065e-04 5.031763e-04 0.000000e+00 1.923711e-03 0.000000e+00 0.000000e+00 
2.380000e+01 1.138839e-02 2.768512e-02 0.000000e+00 1.358810e-01 0.000000e+00 0.000000e+00 3.434492e-04 4.879628e-04 0.000000e+00 1.862489e-03 0.000000e+00 0.000000e+00 
2.390000e+01 1.142224e-02 2.773317e-02 0.000000e+00 1.360642e-01 0.000000e+00 0.000000e+00 3.336706e-04 4.729634e-04 0.000000e+00 1.802343e-03 0.000000e+00 0.000000e+00 
2.400000e+01 1.145512e-02 2.777972e-02 0.000000e+00 1.362415e-01 0.000000e+00 0.000000e+00 3.239745e-04 4.581793e-04 0.000000e+00 1.743267e-03 0.000000e+00 0.000000e+00 
2.410000e+01 1.148704e-02 2.782480e-02 0.000000e+00 1.364129e-01 0.000000e+00 0.000000e+00 3.143648e-04 4.436118e-04 0.000000e+00 1.685257e-03 0.000000e+00 0.000000e+00 
2.420000e+01 1.151799e-02 2.786844e-02 0.000000e+00 1.365785e-01 0.000000e+00 0.000000e+00 3.048454e-04 4.292618e-04 0.000000e+00 1.628306e-03 0.000000e+00 0.000000e+00 
2.430000e+01 1.154800e-02 2.791066e-02 0.000000e+00 1.367385e-01 0.000000e+00 0.000000e+00 2.954198e-04 4.151304e-04 0.000000e+00 1.572407e-03 0.000000e+00 0.000000e+00 
2.440000e+01 1.157707e-02 2.795147e-02 0.000000e+00 1.368930e-01 0.000000e+00 0.000000e+00 2.860917e-04 4.012181e-04 0.000000e+00 1.517553e-03 0.000000e+00 0.000000e+00 
2.450000e+01 1.160522e-02 2.799090e-02 0.000000e+00 1.370420e-01 0.000000e+00 0.000000e+00 2.768644e-04 3.875257e-04 0.000000e+00 1.463736e-03 0.000000e+00 0.000000e+00 
2.460000e+01 1.163244e-02 2.802897e-02 0.000000e+00 1.371857e-01 0.000000e+00 0.000000e+00 2.677413e-04 3.740537e-04 0.000000e+00 1.410948e-03 0.000000e+00 0.000000e+00 
2.470000e+01 1.165877e-02 2.806571e-02 0.000000e+00 1.373242e-01 0.000000e+00 0.000000e+00 2.587258e-04 3.608025e-04 0.000000e+00 1.359180e-03 0.000000e+00 0.000000e+00 
2.480000e+01 1.168419e-02 2.810114e-02 0.000000e+00 1.374576e-01 0.000000e+00 0.000000e+00 2.498214e-04 3.477739e-04 0.000000e+00 1.308432e-03 0.000000e+00 0.000000e+00 
2.490000e+01 1.170873e-02 2.813527e-02 0.000000e+00 1.375860e-01 0.000000e+00 0.000000e+00 2.410312e-04 3.349692e-04 0.000000e+00 1.258700e-03 0.000000e+00 0.000000e+00 
2.500000e+01 1.173240e-02 2.816814e-02 0.000000e+00 1.377094e-01 0.000000e+00 0.000000e+00 2.323583e-04 3.223890e-04 0.000000e+00 1.209977e-03 0.000000e+00 0.000000e+00 
2.510000e+01 1.175521e-02 2.819976e-02 0.000000e+00 1.378280e-01 0.000000e+00 0.000000e+00 2.238058e-04 3.100339e-04 0.000000e+00 1.162257e-03 0.000000e+00 0.000000e+00 
2.520000e+01 1.177716e-02 2.823016e-02 0.000000e+00 1.379419e-01 0.000000e+00 0.000000e+00 2.153764e-04 2.979049e-04 0.000000e+00 1.115534e-03 0.000000e+00 0.000000e+00 
2.530000e+01 1.179828e-02 2.825935e-02 0.000000e+00 1.380512e-01 0.000000e+00 0.000000e+00 2.070733e-04 2.860025e-04 0.000000e+00 1.069803e-03 0.000000e+00 0.000000e+00 
2.540000e+01 1.181858e-02 2.828736e-02 0.000000e+00 1.381559e-01 0.000000e+00 0.000000e+00 1.988991e-04 2.743277e-04 0.000000e+00 1.025058e-03 0.000000e+00 0.000000e+00 
2.550000e+01 1.183807e-02 2.831422e-02 0.000000e+00 1.382562e-01 0.000000e+00 0.000000e+00 1.908566e-04 2.628810e-04 0.000000e+00 9.812933e-04 0.000000e+00 0.000000e+00 
2.560000e+01 1.185676e-02 2.833995e-02 0.000000e+00 1.383522e-01 0.000000e+00 0.000000e+00 1.829485e-04 2.516635e-04 0.000000e+00 9.385053e-04 0.000000e+00 0.000000e+00 
2.570000e+01 1.187466e-02 2.836456e-02 0.000000e+00 1.384439e-01 0.000000e+00 0.000000e+00 1.751776e-04 2.406758e-04 0.000000e+00 8.966890e-04 0.000000e+00 0.000000e+00 
2.580000e+01 1.189180e-02 2.838809e-02 0.000000e+00 1.385315e-01 0.000000e+00 0.000000e+00 1.675464e-04 2.299189e-04 0.000000e+00 8.558402e-04 0.000000e+00 0.000000e+00 
2.590000e+01 1.190818e-02 2.841055e-02 0.000000e+00 1.386151e-01 0.000000e+00 0.000000e+00 1.600574e-04 2.193935e-04 0.000000e+00 8.159551e-04 0.000000e+00 0.000000e+00 
2.600000e+01 1.192382e-02 2.843198e-02 0.000000e+00 1.386948e-01 0.000000e+00 0.000000e+00 1.527133e-04 2.091006e-04 0.000000e+00 7.770301e-04 0.000000e+00 0.000000e+00 
2.610000e+01 1.193873e-02 2.845238e-02 0.000000e+00 1.387705e-01 0.000000e+00 0.000000e+00 1.455164e-04 1.990411e-04 0.000000e+00 7.390617e-04 0.000000e+00 0.000000e+00 
2.620000e+01 1.195293e-02 2.847179e-02 0.000000e+00 1.388426e-01 0.000000e+00 0.000000e+00 1.384691e-04 1.892158e-04 0.000000e+00 7.020471e-04 0.000000e+00 0.000000e+00 
2.630000e+01 1.196643e-02 2.849023e-02 0.000000e+00 1.389110e-01 0.000000e+00 0.000000e+00 1.315738e-04 1.796258e-04 0.000000e+00 6.659834e-04 0.000000e+00 0.000000e+00 
2.640000e+01 1.197925e-02 2.850772e-02 0.000000e+00 1.389758e-01 0.000000e+00 0.000000e+00 1.248328e-04 1.702719e-04 0.000000e+00 6.308681e-04 0.000000e+00 0.000000e+00 
2.650000e+01 1.199141e-02 2.852429e-02 0.000000e+00 1.390372e-01 0.000000e+00 0.000000e+00 1.182483e-04 1.611551e-04 0.000000e+00 5.966992e-04 0.000000e+00 0.000000e+00 
2.660000e+01 1.200291e-02 2.853996e-02 0.000000e+00 1.390952e-01 0.000000e+00 0.000000e+00 1.118225e-04 1.522765e-04 0.000000e+00 5.634747e-04 0.000000e+00 0.000000e+00 
2.670000e+01 1.201378e-02 2.855476e-02 0.000000e+00 1.391499e-01 0.000000e+00 0.000000e+00 1.055575e-04 1.436370e-04 0.000000e+00 5.311930e-04 0.000000e+00 0.000000e+00 
2.680000e+01 1.202402e-02 2.856870e-02 0.000000e+00 1.392014e-01 0.000000e+00 0.000000e+00 9.945539e-05 1.352376e-04 0.000000e+00 4.998529e-04 0.000000e+00 0.000000e+00 
2.690000e+01 1.203367e-02 2.858181e-02 0.000000e+00 1.392499e-01 0.000000e+00 0.000000e+00 9.351820e-05 1.270794e-04 0.000000e+00 4.694532e-04 0.000000e+00 0.000000e+00 
2.700000e+01 1.204273e-02 2.859412e-02 0.000000e+00 1.392954e-01 0.000000e+00 0.000000e+00 8.774789e-05 1.191635e-04 0.000000e+00 4.399935e-04 0.000000e+00 0.000000e+00 
2.710000e+01 1.205122e-02 2.860565e-02 0.000000e+00 1.393379e-01 0.000000e+00 0.000000e+00 8.214638e-05 1.114910e-04 0.000000e+00 4.114730e-04 0.000000e+00 0.000000e+00 
2.720000e+01 1.205916e-02 2.861643e-02 0.000000e+00 1.393777e-01 0.000000e+00 0.000000e+00 7.671553e-05 1.040628e-04 0.000000e+00 3.838918e-04 0.000000e+00 0.000000e+00 
2.730000e+01 1.206657e-02 2.862647e-02 0.000000e+00 1.394148e-01 0.000000e+00 0.000000e+00 7.145715e-05 9.688022e-05 0.000000e+00 3.572500e-04 0.000000e+00 0.000000e+00 
2.740000e+01 1.207346e-02 2.863581e-02 0.000000e+00 1.394492e-01 0.000000e+00 0.000000e+00 6.637299e-05 8.994419e-05 0.000000e+00 3.315475e-04 0.000000e+00 0.000000e+00 
2.750000e+01 1.207985e-02 2.864447e-02 0.000000e+00 1.394811e-01 0.000000e+00 0.000000e+00 6.146481e-05 8.325583e-05 0.000000e+00 3.067847e-04 0.000000e+00 0.000000e+00 
2.760000e+01 1.208576e-02 2.865247e-02 0.000000e+00 1.395106e-01 0.000000e+00 0.000000e+00 5.673437e-05 7.681651e-05 0.000000e+00 2.829638e-04 0.000000e+00 0.000000e+00 
2.770000e+01 1.209120e-02 2.865984e-02 0.000000e+00 1.395377e-01 0.000000e+00 0.000000e+00 5.218336e-05 7.062756e-05 0.000000e+00 2.600869e-04 0.000000e+00 0.000000e+00 
2.780000e+01 1.209620e-02 2.866661e-02 0.000000e+00 1.395626e-01 0.000000e+00 0.000000e+00 4.781343e-05 6.469031e-05 0.000000e+00 2.381563e-04 0.000000e+00 0.000000e+00 
2.790000e+01 1.210077e-02 2.867279e-02 0.000000e+00 1.395854e-01 0.000000e+00 0.000000e+00 4.362612e-05 5.900603e-05 0.000000e+00 2.171742e-04 0.000000e+00 0.000000e+00 
2.800000e+01 1.210493e-02 2.867841e-02 0.000000e+00 1.396061e-01 0.000000e+00 0.000000e+00 3.962296e-05 5.357597e-05 0.000000e+00 1.971429e-04 0.000000e+00 0.000000e+00 
2.810000e+01 1.210870e-02 2.868351e-02 0.000000e+00 1.396249e-01 0.000000e+00 0.000000e+00 3.580538e-05 4.840134e-05 0.000000e+00 1.780647e-04 0.000000e+00 0.000000e+00 
2.820000e+01 1.211210e-02 2.868810e-02 0.000000e+00 1.396417e-01 0.000000e+00 0.000000e+00 3.217477e-05 4.348334e-05 0.000000e+00 1.599420e-04 0.000000e+00 0.000000e+00 
2.830000e+01 1.211514e-02 2.869222e-02 0.000000e+00 1.396569e-01 0.000000e+00 0.000000e+00 2.873245e-05 3.882312e-05 0.000000e+00 1.427771e-04 0.000000e+00 0.000000e+00 
2.840000e+01 1.211785e-02 2.869588e-02 0.000000e+00 1.396703e-01 0.000000e+00 0.000000e+00 2.547969e-05 3.442180e-05 0.000000e+00 1.265727e-04 0.000000e+00 0.000000e+00 
2.850000e+01 1.212025e-02 2.869911e-02 0.000000e+00 1.396822e-01 0.000000e+00 0.000000e+00 2.241767e-05 3.028047e-05 0.000000e+00 1.113309e-04 0.000000e+00 0.000000e+00 
2.860000e+01 1.212235e-02 2.870194e-02 0.000000e+00 1.396926e-01 0.000000e+00 0.000000e+00 1.954754e-05 2.640020e-05 0.000000e+00 9.705455e-05 0.000000e+00 0.000000e+00 
2.870000e+01 1.212417e-02 2.870440e-02 0.000000e+00 1.397017e-01 0.000000e+00 0.000000e+00 1.687036e-05 2.278202e-05 0.000000e+00 8.374600e-05 0.000000e+00 0.000000e+00 
2.880000e+01 1.212573e-02 2.870651e-02 0.000000e+00 1.397094e-01 0.000000e+00 0.000000e+00 1.438715e-05 1.942691e-05 0.000000e+00 7.140790e-05 0.000000e+00 0.000000e+00 
2.890000e+01 1.212705e-02 2.870830e-02 0.000000e+00 1.397160e-01 0.000000e+00 0.000000e+00 1.209887e-05 1.633586e-05 0.000000e+00 6.004286e-05 0.000000e+00 0.000000e+00 
2.900000e+01 1.212815e-02 2.870979e-02 0.000000e+00 1.397214e-01 0.000000e+00 0.000000e+00 1.000638e-05 1.350978e-05 0.000000e+00 4.965354e-05 0.000000e+00 0.000000e+00 
2.910000e+01 1.212906e-02 2.871101e-02 0.000000e+00 1.397259e-01 0.000000e+00 0.000000e+00 8.110532e-06 1.094960e-05 0.000000e+00 4.024266e-05 0.000000e+00 0.000000e+00 
2.920000e+01 1.212978e-02 2.871198e-02 0.000000e+00 1.397295e-01 0.000000e+00 0.000000e+00 6.412078e-06 8.656178e-06 0.000000e+00 3.181293e-05 0.000000e+00 0.000000e+00 
2.930000e+01 1.213035e-02 2.871275e-02 0.000000e+00 1.397323e-01 0.000000e+00 0.000000e+00 4.911720e-06 6.630357e-06 0.000000e+00 2.436715e-05 0.000000e+00 0.000000e+00 
2.940000e+01 1.213077e-02 2.871332e-02 0.000000e+00 1.397344e-01 0.000000e+00 0.000000e+00 3.610101e-06 4.872948e-06 0.000000e+00 1.790811e-05 0.000000e+00 0.000000e+00 
2.950000e+01 1.213107e-02 2.871373e-02 0.000000e+00 1.397359e-01 0.000000e+00 0.000000e+00 2.507797e-06 3.384728e-06 0.000000e+00 1.243866e-05 0.000000e+00 0.000000e+00 
2.960000e+01 1.213128e-02 2.871400e-02 0.000000e+00 1.397370e-01 0.000000e+00 0.000000e+00 1.605324e-06 2.166446e-06 0.000000e+00 7.961706e-06 0.000000e+00 0.000000e+00 
2.970000e+01 1.213140e-02 2.871417e-02 0.000000e+00 1.397376e-01 0.000000e+00 0.000000e+00 9.030608e-07 1.218570e-06 0.000000e+00 4.478841e-06 0.000000e+00 0.000000e+00 
2.980000e+01 1.213146e-02 2.871426e-02 0.000000e+00 1.397379e-01 0.000000e+00 0.000000e+00 4.012295e-07 5.412391e-07 0.000000e+00 1.990096e-06 0.000000e+00 0.000000e+00 
2.990000e+01 1.213149e-02 2.871429e-02 0.000000e+00 1.397380e-01 0.000000e+00 0.000000e+00 1.000440e-07 1.347265e-07 0.000000e+00 4.964410e-07 0.000000e+00 0.000000e+00 
3.000000e+01 1.213149e-02 2.871429e-02 0.000000e+00 1.397380e-01 0.000000e+00 0.000000e+00 -3.658309e-10 -7.975729e-10 0.000000e+00 -1.517201e-09 0.000000e+00 0.000000e+00 
