0.000000e+000 
1.000000e-002 
2.000000e-002 
3.000000e-002 
4.000000e-002 
5.000000e-002 
6.000000e-002 
7.000000e-002 
8.000000e-002 
9.000000e-002 
1.000000e-001 
1.100000e-001 
1.200000e-001 
1.300000e-001 
1.400000e-001 
1.500000e-001 
1.600000e-001 
1.700000e-001 
1.800000e-001 
1.900000e-001 
2.000000e-001 
2.100000e-001 
2.200000e-001 
2.300000e-001 
2.400000e-001 
2.500000e-001 
2.600000e-001 
2.700000e-001 
2.800000e-001 
2.900000e-001 
3.000000e-001 
3.100000e-001 
3.200000e-001 
3.300000e-001 
3.400000e-001 
3.500000e-001 
3.600000e-001 
3.700000e-001 
3.800000e-001 
3.900000e-001 
4.000000e-001 
4.100000e-001 
4.200000e-001 
4.300000e-001 
4.400000e-001 
4.500000e-001 
4.600000e-001 
4.700000e-001 
4.800000e-001 
4.900000e-001 
5.000000e-001 
5.100000e-001 
5.200000e-001 
5.300000e-001 
5.400000e-001 
5.500000e-001 
5.600000e-001 
5.700000e-001 
5.800000e-001 
5.900000e-001 
6.000000e-001 
6.100000e-001 
6.200000e-001 
6.300000e-001 
6.400000e-001 
6.500000e-001 
6.600000e-001 
6.700000e-001 
6.800000e-001 
6.900000e-001 
7.000000e-001 
7.100000e-001 
7.200000e-001 
7.300000e-001 
7.400000e-001 
7.500000e-001 
7.600000e-001 
7.700000e-001 
7.800000e-001 
7.900000e-001 
8.000000e-001 
8.100000e-001 
8.200000e-001 
8.300000e-001 
8.400000e-001 
8.500000e-001 
8.600000e-001 
8.700000e-001 
8.800000e-001 
8.900000e-001 
9.000000e-001 
9.100000e-001 
9.200000e-001 
9.300000e-001 
9.400000e-001 
9.500000e-001 
9.600000e-001 
9.700000e-001 
9.800000e-001 
9.900000e-001 
1.000000e+000 
1.010000e+000 
1.020000e+000 
1.030000e+000 
1.040000e+000 
1.050000e+000 
1.060000e+000 
1.070000e+000 
1.080000e+000 
1.090000e+000 
1.100000e+000 
1.110000e+000 
1.120000e+000 
1.130000e+000 
1.140000e+000 
1.150000e+000 
1.160000e+000 
1.170000e+000 
1.180000e+000 
1.190000e+000 
1.200000e+000 
1.210000e+000 
1.220000e+000 
1.230000e+000 
1.240000e+000 
1.250000e+000 
1.260000e+000 
1.270000e+000 
1.280000e+000 
1.290000e+000 
1.300000e+000 
1.310000e+000 
1.320000e+000 
1.330000e+000 
